39;0.152;0.014;0.346;0.072;0.008;0.018;0.392;
96;0.207;0.016;0.226;0.255;0.009;0.018;0.269;
178;0.455;0.012;0.167;0.175;0.005;0.016;0.170;
230;0.480;0.008;0.111;0.181;0.003;0.015;0.201;
311;0.256;0.010;0.159;0.284;0.006;0.013;0.270;
399;0.229;0.015;0.235;0.110;0.009;0.025;0.377;
442;0.381;0.013;0.202;0.179;0.007;0.023;0.196;
496;0.453;0.012;0.233;0.147;0.006;0.025;0.125;
560;0.417;0.010;0.282;0.087;0.004;0.022;0.178;
653;0.344;0.014;0.258;0.143;0.007;0.042;0.193;
710;0.505;0.014;0.205;0.143;0.006;0.037;0.090;
767;0.613;0.008;0.215;0.093;0.003;0.016;0.052;
862;0.601;0.005;0.237;0.040;0.001;0.015;0.101;
911;0.576;0.012;0.176;0.148;0.005;0.029;0.053;
976;0.448;0.013;0.194;0.126;0.005;0.066;0.148;
1023;0.725;0.006;0.118;0.078;0.002;0.015;0.056;
1159;0.599;0.009;0.186;0.110;0.003;0.024;0.069;
1215;0.446;0.016;0.241;0.123;0.006;0.063;0.105;
1247;0.451;0.018;0.200;0.154;0.006;0.082;0.089;
1296;0.320;0.024;0.208;0.264;0.009;0.089;0.087;
1360;0.303;0.016;0.202;0.249;0.008;0.076;0.145;
1439;0.560;0.011;0.183;0.135;0.004;0.033;0.073;
1529;0.295;0.015;0.174;0.230;0.007;0.071;0.209;
1579;0.483;0.011;0.123;0.298;0.002;0.023;0.058;
1640;0.243;0.015;0.232;0.251;0.007;0.081;0.170;
1696;0.435;0.014;0.237;0.192;0.008;0.029;0.085;
1761;0.531;0.010;0.195;0.098;0.003;0.030;0.133;
1841;0.337;0.008;0.222;0.039;0.003;0.021;0.371;
1905;0.566;0.008;0.171;0.133;0.002;0.011;0.109;
1968;0.414;0.012;0.205;0.157;0.004;0.012;0.195;
2033;0.294;0.016;0.176;0.333;0.004;0.015;0.162;
2098;0.320;0.012;0.161;0.327;0.004;0.020;0.156;
2691;0.300;0.011;0.171;0.240;0.005;0.021;0.253;
2725;0.165;0.017;0.174;0.413;0.007;0.056;0.169;
2774;0.250;0.011;0.113;0.567;0.002;0.012;0.044;
2837;0.462;0.014;0.151;0.206;0.004;0.048;0.114;
2896;0.165;0.012;0.108;0.603;0.003;0.030;0.079;
2976;0.222;0.011;0.140;0.405;0.004;0.027;0.192;
3062;0.255;0.008;0.112;0.437;0.004;0.020;0.165;
3118;0.317;0.008;0.111;0.445;0.002;0.012;0.105;
3168;0.166;0.009;0.117;0.487;0.004;0.033;0.185;
3234;0.181;0.012;0.149;0.420;0.006;0.031;0.201;
3308;0.450;0.009;0.182;0.114;0.004;0.018;0.223;
3409;0.339;0.012;0.178;0.236;0.006;0.019;0.209;
3463;0.404;0.015;0.204;0.210;0.007;0.019;0.142;
3537;0.421;0.014;0.205;0.159;0.007;0.025;0.170;
3574;0.339;0.012;0.209;0.153;0.007;0.023;0.257;
3673;0.460;0.014;0.216;0.191;0.008;0.019;0.094;
3707;0.489;0.018;0.207;0.202;0.008;0.019;0.056;
3808;0.357;0.026;0.288;0.231;0.013;0.023;0.062;
3858;0.285;0.020;0.237;0.340;0.011;0.026;0.081;
3907;0.418;0.017;0.227;0.188;0.009;0.032;0.108;
3969;0.702;0.006;0.166;0.064;0.001;0.010;0.051;
4062;0.495;0.017;0.205;0.155;0.006;0.040;0.083;
4148;0.479;0.010;0.292;0.091;0.004;0.030;0.094;
4184;0.631;0.009;0.189;0.081;0.003;0.040;0.046;
4240;0.635;0.008;0.193;0.091;0.003;0.021;0.049;
4303;0.589;0.012;0.187;0.127;0.005;0.037;0.043;
4367;0.647;0.010;0.140;0.109;0.003;0.044;0.047;
4431;0.691;0.009;0.141;0.082;0.003;0.042;0.032;
4495;0.562;0.013;0.196;0.158;0.005;0.032;0.034;
4633;0.681;0.007;0.186;0.066;0.001;0.013;0.046;
4675;0.706;0.008;0.154;0.084;0.002;0.012;0.033;
4708;0.651;0.007;0.140;0.101;0.002;0.015;0.082;
4775;0.632;0.008;0.124;0.120;0.003;0.024;0.089;
4831;0.653;0.008;0.170;0.086;0.002;0.011;0.071;
4955;0.484;0.007;0.200;0.062;0.002;0.013;0.232;
5005;0.443;0.008;0.185;0.066;0.003;0.014;0.282;
5044;0.459;0.011;0.201;0.081;0.004;0.033;0.211;
5134;0.293;0.012;0.273;0.076;0.006;0.046;0.294;
5175;0.463;0.010;0.192;0.087;0.003;0.035;0.209;
5232;0.278;0.014;0.293;0.093;0.006;0.022;0.294;
5312;0.465;0.012;0.238;0.142;0.005;0.020;0.117;
5400;0.448;0.008;0.197;0.086;0.004;0.018;0.240;
5458;0.494;0.007;0.143;0.124;0.004;0.017;0.210;
5718;0.382;0.013;0.189;0.209;0.008;0.034;0.164;
5758;0.376;0.016;0.216;0.258;0.009;0.039;0.085;
5796;0.228;0.018;0.217;0.447;0.007;0.025;0.058;
5873;0.309;0.022;0.257;0.233;0.011;0.035;0.133;
5909;0.434;0.014;0.235;0.117;0.005;0.023;0.171;
5976;0.491;0.013;0.236;0.150;0.005;0.016;0.089;
6051;0.247;0.016;0.384;0.112;0.008;0.036;0.198;
6113;0.205;0.022;0.385;0.147;0.011;0.050;0.179;
6175;0.253;0.019;0.376;0.126;0.010;0.047;0.169;
6247;0.444;0.010;0.346;0.107;0.005;0.010;0.078;
6303;0.384;0.012;0.269;0.127;0.006;0.019;0.183;
6398;0.255;0.018;0.316;0.155;0.009;0.020;0.228;
6451;0.364;0.012;0.225;0.143;0.005;0.016;0.233;
6512;0.272;0.018;0.252;0.197;0.009;0.023;0.229;
6616;0.262;0.012;0.280;0.105;0.006;0.020;0.315;
6659;0.218;0.013;0.272;0.103;0.007;0.023;0.364;
6703;0.259;0.015;0.264;0.141;0.008;0.025;0.289;
6768;0.362;0.013;0.285;0.124;0.007;0.019;0.189;
6847;0.392;0.011;0.196;0.067;0.004;0.045;0.285;
6920;0.384;0.020;0.266;0.162;0.010;0.059;0.098;
6975;0.290;0.018;0.246;0.235;0.010;0.043;0.158;
7070;0.371;0.009;0.218;0.114;0.004;0.024;0.261;
7139;0.483;0.012;0.169;0.207;0.006;0.031;0.092;
7176;0.425;0.013;0.170;0.299;0.005;0.024;0.064;
7292;0.376;0.010;0.117;0.427;0.004;0.019;0.047;
7343;0.600;0.011;0.113;0.217;0.003;0.023;0.033;
7381;0.434;0.020;0.228;0.183;0.006;0.042;0.087;
7449;0.734;0.007;0.126;0.041;0.001;0.027;0.064;
7548;0.578;0.010;0.158;0.083;0.003;0.036;0.133;
7601;0.575;0.007;0.212;0.066;0.002;0.019;0.119;
7648;0.412;0.010;0.265;0.063;0.003;0.013;0.234;
7712;0.470;0.010;0.224;0.105;0.004;0.022;0.164;
7776;0.442;0.017;0.206;0.143;0.006;0.043;0.144;
7840;0.271;0.015;0.256;0.098;0.007;0.021;0.333;
7905;0.420;0.013;0.213;0.142;0.007;0.027;0.179;
7968;0.308;0.023;0.236;0.245;0.011;0.066;0.111;
8066;0.271;0.015;0.206;0.333;0.007;0.041;0.126;
8119;0.143;0.009;0.136;0.436;0.005;0.029;0.242;
8175;0.073;0.014;0.206;0.347;0.006;0.054;0.300;
8247;0.144;0.019;0.238;0.222;0.009;0.076;0.292;
8304;0.168;0.021;0.245;0.259;0.012;0.060;0.236;
8438;0.249;0.018;0.223;0.222;0.010;0.053;0.224;
8483;0.382;0.016;0.272;0.133;0.008;0.044;0.145;
8517;0.336;0.027;0.288;0.188;0.013;0.052;0.096;
8575;0.396;0.015;0.261;0.182;0.009;0.018;0.120;
8640;0.421;0.013;0.195;0.186;0.007;0.029;0.147;
8704;0.386;0.022;0.267;0.186;0.011;0.033;0.095;
8814;0.314;0.014;0.308;0.151;0.008;0.017;0.188;
8864;0.413;0.016;0.263;0.155;0.009;0.022;0.123;
8928;0.409;0.012;0.281;0.129;0.006;0.014;0.149;
8975;0.336;0.017;0.307;0.150;0.010;0.024;0.156;
9082;0.430;0.015;0.256;0.166;0.009;0.021;0.105;
9126;0.308;0.014;0.373;0.112;0.007;0.023;0.162;
9183;0.275;0.016;0.334;0.152;0.010;0.016;0.197;
9275;0.227;0.016;0.287;0.144;0.008;0.020;0.297;
9340;0.247;0.016;0.341;0.170;0.009;0.022;0.195;
9421;0.227;0.013;0.233;0.161;0.006;0.022;0.339;
9456;0.306;0.012;0.167;0.146;0.005;0.034;0.330;
9503;0.581;0.008;0.139;0.198;0.003;0.009;0.062;
9670;0.573;0.008;0.151;0.111;0.002;0.013;0.141;
9731;0.223;0.013;0.285;0.116;0.007;0.027;0.328;
9764;0.489;0.010;0.208;0.073;0.003;0.021;0.196;
9797;0.332;0.025;0.243;0.296;0.011;0.033;0.060;
9842;0.505;0.012;0.183;0.207;0.006;0.017;0.069;
9904;0.323;0.016;0.186;0.246;0.008;0.033;0.188;
9983;0.432;0.012;0.163;0.288;0.005;0.018;0.081;
10047;0.366;0.007;0.112;0.478;0.003;0.004;0.030;
10111;0.435;0.013;0.197;0.251;0.008;0.014;0.082;
10175;0.313;0.016;0.204;0.298;0.010;0.049;0.109;
10272;0.330;0.017;0.194;0.305;0.009;0.056;0.090;
10332;0.504;0.012;0.222;0.111;0.004;0.047;0.099;
10395;0.462;0.014;0.221;0.124;0.005;0.074;0.100;
10448;0.510;0.014;0.187;0.132;0.006;0.078;0.074;
10511;0.424;0.021;0.232;0.172;0.010;0.081;0.061;
10575;0.332;0.015;0.282;0.139;0.007;0.071;0.153;
10640;0.279;0.014;0.292;0.083;0.006;0.115;0.211;
10740;0.233;0.018;0.342;0.080;0.007;0.136;0.184;
10793;0.412;0.010;0.221;0.034;0.003;0.137;0.182;
10848;0.210;0.020;0.332;0.115;0.009;0.173;0.140;
10920;0.291;0.018;0.301;0.132;0.009;0.101;0.148;
10986;0.233;0.020;0.359;0.143;0.010;0.078;0.157;
11066;0.224;0.013;0.362;0.072;0.006;0.067;0.255;
11120;0.245;0.021;0.389;0.140;0.011;0.062;0.133;
11183;0.197;0.022;0.365;0.224;0.013;0.044;0.135;
11256;0.219;0.014;0.282;0.225;0.008;0.023;0.228;
11331;0.511;0.011;0.209;0.169;0.006;0.010;0.085;
11375;0.553;0.009;0.198;0.177;0.006;0.011;0.046;
11440;0.575;0.005;0.211;0.036;0.001;0.009;0.163;
11520;0.569;0.005;0.223;0.049;0.001;0.015;0.137;
12122;0.740;0.005;0.118;0.010;0.001;0.028;0.098;
12157;0.718;0.009;0.146;0.082;0.001;0.006;0.039;
12192;0.321;0.012;0.246;0.086;0.005;0.043;0.287;
