143;0.004;0.006;0.958;0.003;0.021;0.003;0.004;
271;0.864;0.004;0.098;0.006;0.019;0.002;0.008;
415;0.272;0.009;0.595;0.008;0.049;0.006;0.060;
527;0.042;0.006;0.900;0.003;0.028;0.003;0.017;
623;0.020;0.005;0.939;0.003;0.021;0.003;0.009;
763;0.007;0.003;0.971;0.001;0.012;0.002;0.004;
943;0.011;0.009;0.929;0.007;0.032;0.005;0.007;
1045;0.798;0.004;0.117;0.013;0.018;0.002;0.049;
1194;0.489;0.009;0.296;0.101;0.064;0.007;0.034;
1306;0.185;0.032;0.379;0.123;0.187;0.043;0.052;
1438;0.063;0.027;0.316;0.188;0.349;0.031;0.027;
1658;0.045;0.023;0.226;0.219;0.452;0.023;0.013;
1777;0.806;0.005;0.112;0.020;0.017;0.003;0.037;
1870;0.301;0.025;0.239;0.207;0.134;0.019;0.076;
2018;0.134;0.035;0.308;0.279;0.162;0.030;0.052;
2107;0.071;0.027;0.209;0.337;0.304;0.024;0.028;
2340;0.048;0.018;0.143;0.257;0.506;0.014;0.014;
2435;0.789;0.010;0.087;0.007;0.074;0.007;0.026;
2584;0.424;0.041;0.160;0.047;0.232;0.044;0.053;
2704;0.173;0.069;0.169;0.106;0.359;0.078;0.046;
2975;0.074;0.058;0.093;0.141;0.547;0.067;0.020;
3190;0.907;0.007;0.042;0.016;0.008;0.005;0.014;
3301;0.203;0.031;0.027;0.186;0.486;0.052;0.015;
3396;0.092;0.042;0.026;0.056;0.719;0.057;0.009;
3659;0.039;0.026;0.018;0.088;0.782;0.041;0.005;
3782;0.814;0.007;0.038;0.031;0.095;0.005;0.010;
3884;0.196;0.014;0.022;0.407;0.323;0.030;0.008;
4063;0.058;0.007;0.010;0.173;0.732;0.016;0.004;
4249;0.029;0.009;0.012;0.357;0.560;0.030;0.004;
4340;0.910;0.012;0.037;0.003;0.018;0.004;0.017;
4507;0.774;0.025;0.037;0.007;0.127;0.020;0.009;
4622;0.417;0.074;0.079;0.033;0.326;0.056;0.015;
4797;0.316;0.100;0.150;0.041;0.202;0.159;0.032;
4943;0.604;0.031;0.108;0.011;0.144;0.017;0.085;
5063;0.518;0.035;0.158;0.025;0.165;0.040;0.060;
5154;0.206;0.050;0.122;0.110;0.418;0.058;0.035;
5378;0.054;0.032;0.082;0.111;0.668;0.042;0.010;
5491;0.853;0.006;0.088;0.003;0.013;0.003;0.033;
5595;0.635;0.017;0.203;0.006;0.039;0.037;0.064;
5740;0.224;0.057;0.420;0.026;0.152;0.067;0.054;
5885;0.122;0.058;0.563;0.029;0.147;0.047;0.034;
6054;0.153;0.065;0.453;0.061;0.173;0.057;0.038;
6202;0.778;0.003;0.161;0.001;0.000;0.007;0.049;
6324;0.572;0.012;0.200;0.026;0.027;0.009;0.154;
6413;0.116;0.016;0.075;0.591;0.153;0.009;0.040;
6562;0.045;0.005;0.014;0.460;0.465;0.005;0.007;
6753;0.012;0.003;0.014;0.309;0.647;0.014;0.001;
6842;0.575;0.011;0.048;0.047;0.292;0.004;0.024;
7003;0.228;0.029;0.105;0.053;0.533;0.024;0.029;
7119;0.211;0.042;0.140;0.071;0.462;0.036;0.038;
7238;0.156;0.061;0.167;0.106;0.416;0.052;0.042;
7462;0.108;0.084;0.216;0.156;0.323;0.064;0.047;
7574;0.802;0.009;0.030;0.011;0.115;0.003;0.030;
7668;0.163;0.008;0.015;0.036;0.756;0.006;0.016;
7814;0.110;0.045;0.046;0.105;0.636;0.036;0.022;
7929;0.089;0.091;0.090;0.215;0.396;0.080;0.040;
8095;0.050;0.127;0.153;0.308;0.206;0.110;0.046;
8237;0.842;0.009;0.032;0.012;0.067;0.002;0.036;
8357;0.540;0.011;0.019;0.015;0.384;0.003;0.027;
8452;0.183;0.016;0.021;0.050;0.693;0.008;0.029;
8624;0.098;0.022;0.026;0.136;0.687;0.012;0.019;
8743;0.093;0.037;0.023;0.098;0.715;0.019;0.016;
8996;0.038;0.064;0.067;0.377;0.398;0.032;0.022;
9167;0.866;0.013;0.021;0.015;0.071;0.002;0.012;
9281;0.648;0.009;0.020;0.039;0.275;0.003;0.006;
9387;0.560;0.027;0.024;0.026;0.329;0.018;0.017;
9549;0.243;0.041;0.040;0.125;0.481;0.036;0.034;
9681;0.096;0.060;0.059;0.251;0.450;0.052;0.031;
9888;0.060;0.079;0.076;0.330;0.354;0.066;0.035;
10037;0.935;0.005;0.023;0.007;0.023;0.001;0.006;
10172;0.808;0.009;0.022;0.026;0.123;0.005;0.007;
10285;0.407;0.036;0.042;0.081;0.360;0.040;0.035;
10431;0.314;0.078;0.072;0.098;0.279;0.108;0.052;
10540;0.260;0.084;0.073;0.120;0.282;0.130;0.051;
10631;0.133;0.113;0.094;0.207;0.261;0.147;0.045;
10851;0.080;0.120;0.107;0.248;0.279;0.125;0.041;
10960;0.843;0.014;0.020;0.011;0.085;0.009;0.019;
11054;0.482;0.070;0.024;0.008;0.346;0.046;0.023;
11210;0.228;0.096;0.029;0.034;0.521;0.072;0.020;
11332;0.156;0.079;0.040;0.109;0.531;0.063;0.022;
11456;0.131;0.092;0.061;0.119;0.511;0.059;0.026;
11674;0.094;0.123;0.098;0.232;0.342;0.076;0.035;
11795;0.884;0.034;0.011;0.010;0.047;0.006;0.008;
11891;0.299;0.067;0.011;0.025;0.549;0.042;0.007;
12040;0.109;0.062;0.027;0.096;0.647;0.047;0.012;
12155;0.056;0.094;0.077;0.363;0.324;0.057;0.028;
12335;0.037;0.075;0.085;0.556;0.175;0.046;0.026;
12480;0.732;0.027;0.013;0.012;0.205;0.005;0.007;
12592;0.375;0.049;0.015;0.042;0.481;0.032;0.007;
12685;0.142;0.060;0.035;0.113;0.581;0.051;0.018;
12858;0.093;0.060;0.039;0.198;0.545;0.046;0.020;
12973;0.198;0.048;0.031;0.096;0.574;0.035;0.017;
13066;0.128;0.068;0.081;0.213;0.420;0.053;0.037;
13214;0.146;0.079;0.100;0.181;0.393;0.057;0.044;
13317;0.133;0.082;0.115;0.168;0.408;0.050;0.044;
13465;0.130;0.089;0.108;0.161;0.426;0.046;0.040;
13560;0.160;0.088;0.102;0.125;0.446;0.041;0.038;
13711;0.178;0.074;0.122;0.113;0.430;0.043;0.040;
13817;0.175;0.075;0.136;0.125;0.403;0.042;0.043;
13971;0.110;0.076;0.260;0.148;0.313;0.044;0.050;
14118;0.104;0.076;0.281;0.125;0.333;0.039;0.043;
14292;0.092;0.091;0.301;0.174;0.243;0.049;0.049;
14438;0.534;0.034;0.011;0.070;0.326;0.021;0.004;
14531;0.062;0.026;0.007;0.087;0.763;0.052;0.003;
14679;0.021;0.021;0.005;0.064;0.835;0.051;0.002;
14784;0.018;0.021;0.007;0.052;0.846;0.055;0.002;
14953;0.010;0.008;0.003;0.031;0.923;0.024;0.001;
15054;0.009;0.007;0.003;0.025;0.936;0.018;0.001;
15267;0.010;0.006;0.003;0.028;0.941;0.011;0.001;
15477;0.010;0.009;0.011;0.046;0.909;0.013;0.002;
15648;0.115;0.003;0.008;0.805;0.066;0.001;0.001;
15767;0.065;0.009;0.015;0.532;0.341;0.035;0.003;
15863;0.035;0.018;0.010;0.259;0.614;0.060;0.003;
16012;0.030;0.025;0.010;0.097;0.778;0.057;0.004;
16125;0.023;0.015;0.006;0.056;0.860;0.037;0.002;
16216;0.012;0.007;0.003;0.020;0.939;0.017;0.001;
16438;0.015;0.017;0.010;0.063;0.861;0.031;0.003;
16553;0.784;0.012;0.061;0.011;0.106;0.002;0.026;
16646;0.475;0.010;0.049;0.037;0.398;0.002;0.029;
16804;0.265;0.021;0.065;0.094;0.496;0.011;0.047;
16927;0.286;0.068;0.151;0.072;0.287;0.055;0.080;
17061;0.186;0.084;0.231;0.078;0.235;0.129;0.058;
17207;0.104;0.105;0.325;0.045;0.156;0.222;0.043;
