2437;1360;565
