251;0.518;0.021;0.089;0.035;0.007;0.002;0.328;
342;0.553;0.020;0.067;0.029;0.004;0.002;0.325;
479;0.677;0.011;0.100;0.065;0.003;0.001;0.143;
568;0.785;0.017;0.052;0.051;0.007;0.001;0.087;
673;0.704;0.014;0.068;0.032;0.007;0.001;0.174;
779;0.719;0.011;0.060;0.087;0.013;0.001;0.108;
866;0.541;0.019;0.093;0.045;0.007;0.002;0.294;
951;0.824;0.031;0.057;0.028;0.005;0.001;0.054;
1064;0.647;0.053;0.060;0.037;0.014;0.002;0.187;
1147;0.780;0.024;0.061;0.028;0.004;0.001;0.101;
1214;0.672;0.026;0.074;0.033;0.005;0.001;0.190;
1312;0.797;0.023;0.040;0.050;0.009;0.001;0.080;
1397;0.855;0.017;0.040;0.039;0.004;0.001;0.043;
1482;0.649;0.020;0.054;0.029;0.008;0.002;0.239;
1573;0.767;0.024;0.052;0.039;0.011;0.001;0.105;
1647;0.714;0.019;0.053;0.032;0.014;0.001;0.166;
1763;0.804;0.014;0.051;0.055;0.007;0.001;0.068;
1870;0.808;0.018;0.056;0.017;0.007;0.001;0.092;
1939;0.750;0.032;0.043;0.049;0.012;0.001;0.112;
2002;0.607;0.026;0.067;0.023;0.007;0.001;0.268;
2106;0.826;0.016;0.043;0.056;0.007;0.001;0.051;
2210;0.504;0.022;0.065;0.031;0.010;0.002;0.367;
2269;0.792;0.019;0.041;0.048;0.014;0.001;0.083;
2364;0.835;0.025;0.043;0.016;0.010;0.002;0.069;
2448;0.745;0.018;0.067;0.044;0.005;0.001;0.121;
2518;0.683;0.024;0.050;0.116;0.006;0.001;0.120;
2657;0.763;0.031;0.041;0.035;0.009;0.001;0.119;
2748;0.815;0.023;0.047;0.039;0.006;0.001;0.070;
2808;0.727;0.021;0.068;0.042;0.003;0.001;0.137;
2907;0.851;0.032;0.034;0.045;0.012;0.001;0.026;
2990;0.718;0.020;0.057;0.060;0.011;0.001;0.132;
3059;0.806;0.027;0.043;0.039;0.007;0.001;0.077;
3170;0.768;0.025;0.049;0.030;0.009;0.001;0.117;
3259;0.755;0.014;0.053;0.088;0.010;0.001;0.079;
3331;0.746;0.012;0.062;0.030;0.006;0.001;0.143;
3460;0.810;0.011;0.072;0.063;0.003;0.001;0.040;
3591;0.838;0.023;0.053;0.035;0.005;0.001;0.045;
3669;0.824;0.026;0.038;0.035;0.012;0.001;0.063;
3799;0.745;0.017;0.051;0.035;0.005;0.001;0.146;
3878;0.827;0.017;0.049;0.038;0.005;0.001;0.063;
4001;0.855;0.012;0.048;0.042;0.007;0.001;0.035;
4106;0.824;0.013;0.066;0.030;0.004;0.001;0.063;
4180;0.822;0.024;0.055;0.013;0.007;0.002;0.077;
4312;0.820;0.012;0.064;0.019;0.006;0.001;0.077;
4401;0.727;0.015;0.066;0.030;0.007;0.001;0.154;
4484;0.808;0.028;0.037;0.023;0.012;0.002;0.090;
4659;0.828;0.019;0.045;0.046;0.009;0.001;0.051;
4736;0.730;0.013;0.068;0.050;0.018;0.001;0.121;
4819;0.749;0.017;0.058;0.031;0.013;0.001;0.131;
4923;0.803;0.013;0.075;0.059;0.004;0.001;0.046;
5018;0.770;0.030;0.055;0.059;0.009;0.001;0.075;
5119;0.843;0.023;0.044;0.044;0.009;0.001;0.036;
5196;0.740;0.016;0.073;0.034;0.011;0.001;0.125;
5264;0.781;0.014;0.061;0.053;0.008;0.001;0.082;
5382;0.722;0.018;0.052;0.018;0.022;0.001;0.166;
5477;0.744;0.015;0.066;0.022;0.003;0.001;0.149;
5564;0.785;0.015;0.034;0.092;0.022;0.001;0.051;
5670;0.839;0.025;0.040;0.023;0.008;0.001;0.064;
5753;0.568;0.023;0.059;0.015;0.009;0.002;0.323;
5826;0.498;0.021;0.060;0.032;0.005;0.002;0.382;
5932;0.618;0.019;0.067;0.025;0.002;0.002;0.268;
5998;0.788;0.024;0.042;0.071;0.007;0.001;0.067;
6109;0.764;0.018;0.065;0.024;0.003;0.001;0.125;
6197;0.769;0.024;0.054;0.014;0.003;0.001;0.134;
6264;0.631;0.032;0.046;0.032;0.008;0.002;0.249;
6384;0.692;0.019;0.056;0.066;0.013;0.001;0.151;
6477;0.620;0.033;0.054;0.039;0.011;0.002;0.243;
6539;0.755;0.024;0.052;0.051;0.005;0.001;0.112;
6647;0.750;0.016;0.053;0.023;0.003;0.002;0.154;
6716;0.731;0.015;0.074;0.025;0.003;0.002;0.150;
6821;0.831;0.022;0.050;0.046;0.006;0.001;0.044;
6925;0.650;0.018;0.071;0.019;0.003;0.002;0.236;
7001;0.512;0.019;0.072;0.017;0.003;0.002;0.375;
7106;0.771;0.023;0.085;0.034;0.002;0.001;0.083;
7191;0.692;0.019;0.058;0.054;0.004;0.001;0.170;
7261;0.769;0.018;0.064;0.065;0.009;0.001;0.074;
7389;0.475;0.016;0.086;0.008;0.002;0.002;0.411;
7473;0.815;0.023;0.050;0.063;0.004;0.001;0.044;
7546;0.725;0.023;0.069;0.024;0.005;0.001;0.152;
7656;0.515;0.027;0.078;0.009;0.002;0.002;0.367;
7747;0.497;0.029;0.088;0.047;0.005;0.002;0.333;
7827;0.820;0.023;0.043;0.022;0.005;0.001;0.087;
7929;0.727;0.015;0.075;0.014;0.005;0.001;0.162;
8015;0.859;0.018;0.047;0.033;0.005;0.001;0.036;
8084;0.800;0.018;0.052;0.015;0.007;0.002;0.106;
8208;0.831;0.016;0.052;0.030;0.003;0.001;0.065;
8299;0.807;0.021;0.043;0.071;0.007;0.001;0.050;
8401;0.798;0.037;0.043;0.049;0.007;0.001;0.065;
8472;0.791;0.013;0.064;0.057;0.004;0.001;0.070;
8585;0.827;0.013;0.052;0.027;0.005;0.001;0.076;
8661;0.813;0.024;0.042;0.027;0.008;0.001;0.085;
8733;0.785;0.017;0.058;0.060;0.006;0.001;0.072;
8850;0.752;0.020;0.061;0.036;0.004;0.001;0.127;
8939;0.791;0.017;0.057;0.055;0.004;0.001;0.076;
9018;0.830;0.013;0.065;0.050;0.004;0.001;0.037;
9143;0.814;0.014;0.056;0.082;0.004;0.001;0.029;
9231;0.562;0.029;0.050;0.019;0.016;0.002;0.321;
9344;0.816;0.014;0.036;0.087;0.010;0.001;0.037;
9424;0.834;0.021;0.052;0.021;0.005;0.001;0.065;
9493;0.730;0.017;0.054;0.051;0.008;0.001;0.138;
9597;0.777;0.011;0.050;0.031;0.004;0.002;0.125;
9691;0.790;0.021;0.044;0.034;0.005;0.001;0.106;
9759;0.801;0.012;0.059;0.028;0.005;0.001;0.095;
9851;0.810;0.021;0.049;0.019;0.008;0.001;0.093;
9950;0.786;0.016;0.060;0.057;0.003;0.001;0.078;
10005;0.752;0.017;0.081;0.050;0.003;0.001;0.096;
10142;0.752;0.018;0.072;0.039;0.005;0.001;0.112;
10219;0.836;0.018;0.047;0.051;0.009;0.001;0.038;
10304;0.738;0.024;0.062;0.041;0.005;0.001;0.129;
10399;0.684;0.014;0.082;0.024;0.003;0.001;0.191;
10494;0.810;0.024;0.049;0.047;0.005;0.001;0.064;
10563;0.678;0.014;0.069;0.043;0.006;0.001;0.189;
10672;0.791;0.023;0.056;0.037;0.010;0.001;0.082;
10737;0.858;0.026;0.045;0.029;0.003;0.001;0.038;
10802;0.762;0.025;0.050;0.055;0.008;0.001;0.099;
10916;0.815;0.015;0.046;0.033;0.009;0.001;0.081;
11022;0.808;0.016;0.053;0.044;0.007;0.001;0.071;
11092;0.707;0.022;0.067;0.064;0.005;0.001;0.133;
11209;0.701;0.013;0.071;0.017;0.003;0.001;0.193;
11296;0.772;0.020;0.045;0.032;0.010;0.002;0.119;
11360;0.799;0.021;0.051;0.036;0.005;0.001;0.087;
11450;0.842;0.031;0.045;0.021;0.004;0.001;0.056;
11531;0.800;0.019;0.052;0.069;0.005;0.001;0.055;
11598;0.824;0.039;0.040;0.025;0.004;0.001;0.066;
11706;0.633;0.034;0.063;0.026;0.005;0.002;0.238;
11788;0.780;0.038;0.065;0.042;0.003;0.001;0.071;
11881;0.778;0.021;0.063;0.018;0.003;0.001;0.115;
12011;0.787;0.017;0.058;0.013;0.004;0.001;0.119;
12094;0.701;0.031;0.051;0.021;0.009;0.001;0.186;
12161;0.813;0.022;0.054;0.032;0.003;0.002;0.073;
12271;0.768;0.015;0.058;0.025;0.003;0.001;0.129;
12354;0.782;0.020;0.061;0.068;0.007;0.001;0.061;
12426;0.814;0.017;0.077;0.018;0.005;0.001;0.068;
12528;0.818;0.018;0.054;0.034;0.004;0.001;0.072;
12621;0.651;0.026;0.053;0.017;0.015;0.002;0.235;
12702;0.621;0.034;0.064;0.012;0.006;0.002;0.261;
12859;0.614;0.045;0.072;0.011;0.005;0.002;0.252;
12953;0.709;0.045;0.043;0.031;0.007;0.001;0.164;
13017;0.781;0.022;0.054;0.016;0.007;0.001;0.118;
13147;0.840;0.025;0.036;0.023;0.007;0.001;0.068;
13271;0.782;0.036;0.042;0.018;0.004;0.002;0.116;
13366;0.811;0.026;0.042;0.057;0.008;0.001;0.055;
13492;0.729;0.021;0.064;0.031;0.006;0.001;0.149;
13604;0.641;0.025;0.060;0.011;0.008;0.002;0.254;
13667;0.772;0.014;0.068;0.100;0.004;0.001;0.040;
13783;0.691;0.020;0.063;0.019;0.004;0.002;0.201;
13904;0.763;0.017;0.058;0.054;0.008;0.001;0.098;
13984;0.738;0.018;0.061;0.048;0.003;0.001;0.131;
14136;0.706;0.018;0.080;0.040;0.004;0.001;0.151;
14230;0.804;0.013;0.088;0.024;0.001;0.001;0.069;
14315;0.796;0.019;0.058;0.022;0.006;0.001;0.099;
14422;0.700;0.021;0.078;0.031;0.006;0.001;0.164;
14521;0.711;0.015;0.072;0.026;0.005;0.001;0.171;
14600;0.790;0.024;0.050;0.026;0.005;0.001;0.103;
14723;0.763;0.025;0.050;0.044;0.006;0.001;0.111;
14814;0.796;0.020;0.050;0.025;0.003;0.001;0.105;
14934;0.835;0.019;0.053;0.029;0.003;0.001;0.060;
15054;0.845;0.017;0.047;0.028;0.004;0.001;0.059;
15156;0.642;0.017;0.067;0.021;0.003;0.002;0.249;
15230;0.662;0.026;0.054;0.014;0.009;0.002;0.233;
15347;0.786;0.015;0.067;0.027;0.003;0.001;0.101;
15461;0.765;0.019;0.061;0.024;0.005;0.001;0.124;
15539;0.672;0.027;0.055;0.024;0.009;0.001;0.211;
15647;0.853;0.013;0.057;0.030;0.002;0.001;0.044;
15768;0.821;0.023;0.045;0.046;0.004;0.001;0.060;
15840;0.735;0.020;0.044;0.026;0.007;0.001;0.167;
15982;0.760;0.011;0.085;0.061;0.003;0.001;0.078;
16064;0.632;0.020;0.083;0.028;0.003;0.001;0.233;
16136;0.681;0.027;0.068;0.020;0.004;0.001;0.197;
16237;0.798;0.019;0.043;0.051;0.008;0.001;0.080;
16324;0.719;0.021;0.075;0.072;0.004;0.001;0.108;
16400;0.831;0.018;0.044;0.061;0.006;0.001;0.040;
16507;0.763;0.019;0.059;0.012;0.008;0.002;0.137;
16602;0.830;0.034;0.055;0.026;0.004;0.001;0.050;
16656;0.726;0.026;0.070;0.017;0.003;0.002;0.156;
16757;0.738;0.024;0.075;0.014;0.005;0.001;0.142;
16863;0.840;0.027;0.045;0.030;0.004;0.001;0.053;
16928;0.689;0.025;0.070;0.026;0.004;0.001;0.185;
17051;0.798;0.019;0.046;0.043;0.008;0.001;0.086;
17118;0.800;0.027;0.053;0.051;0.006;0.001;0.062;
17193;0.767;0.036;0.044;0.070;0.008;0.001;0.075;
17315;0.781;0.021;0.059;0.033;0.004;0.001;0.101;
17385;0.809;0.019;0.041;0.052;0.006;0.001;0.071;
17468;0.673;0.021;0.054;0.037;0.015;0.001;0.199;
17559;0.666;0.023;0.042;0.059;0.021;0.001;0.188;
17641;0.610;0.027;0.074;0.048;0.011;0.001;0.229;
17745;0.680;0.031;0.060;0.062;0.021;0.001;0.144;
17839;0.762;0.026;0.035;0.041;0.023;0.001;0.113;
17926;0.651;0.035;0.056;0.019;0.005;0.002;0.232;
18010;0.541;0.049;0.070;0.050;0.011;0.002;0.278;
18110;0.831;0.027;0.030;0.044;0.008;0.001;0.059;
18192;0.760;0.032;0.032;0.126;0.013;0.001;0.036;
18259;0.771;0.038;0.038;0.030;0.007;0.001;0.115;
18389;0.750;0.041;0.051;0.032;0.010;0.001;0.115;
18460;0.782;0.014;0.061;0.046;0.005;0.001;0.091;
18519;0.760;0.036;0.043;0.059;0.009;0.001;0.093;
18647;0.617;0.012;0.113;0.081;0.002;0.001;0.173;
18739;0.608;0.012;0.092;0.078;0.003;0.001;0.205;
18799;0.643;0.014;0.067;0.072;0.009;0.001;0.195;
18901;0.707;0.011;0.092;0.073;0.002;0.001;0.113;
18988;0.701;0.033;0.052;0.021;0.008;0.002;0.183;
19056;0.824;0.035;0.040;0.037;0.004;0.001;0.059;
19164;0.783;0.017;0.047;0.064;0.012;0.001;0.075;
19257;0.747;0.024;0.060;0.025;0.003;0.001;0.140;
19338;0.753;0.017;0.071;0.063;0.006;0.001;0.089;
19429;0.824;0.029;0.050;0.048;0.005;0.001;0.043;
19546;0.623;0.032;0.055;0.070;0.017;0.001;0.201;
19619;0.767;0.029;0.042;0.066;0.007;0.001;0.088;
19713;0.800;0.021;0.080;0.047;0.004;0.001;0.046;
19793;0.696;0.023;0.053;0.041;0.011;0.001;0.176;
19862;0.805;0.031;0.057;0.018;0.003;0.001;0.085;
19968;0.839;0.030;0.047;0.034;0.005;0.001;0.045;
20038;0.752;0.014;0.085;0.022;0.003;0.001;0.123;
20153;0.836;0.032;0.047;0.024;0.006;0.001;0.054;
20252;0.799;0.017;0.095;0.021;0.003;0.001;0.065;
20318;0.716;0.023;0.068;0.046;0.008;0.001;0.138;
20458;0.785;0.016;0.065;0.015;0.005;0.002;0.112;
20548;0.822;0.016;0.073;0.012;0.003;0.001;0.073;
20617;0.792;0.022;0.057;0.100;0.006;0.001;0.023;
20708;0.810;0.019;0.062;0.025;0.005;0.001;0.079;
20805;0.858;0.017;0.057;0.027;0.010;0.001;0.030;
20885;0.840;0.018;0.036;0.031;0.020;0.001;0.055;
20999;0.840;0.015;0.048;0.036;0.005;0.001;0.056;
21103;0.805;0.025;0.053;0.018;0.006;0.001;0.093;
21182;0.835;0.016;0.065;0.030;0.003;0.001;0.049;
21309;0.819;0.018;0.036;0.091;0.011;0.001;0.025;
21441;0.776;0.018;0.042;0.119;0.016;0.001;0.028;
21531;0.814;0.032;0.051;0.040;0.015;0.001;0.046;
21658;0.811;0.024;0.050;0.042;0.010;0.001;0.061;
21764;0.797;0.018;0.038;0.069;0.009;0.001;0.067;
21844;0.832;0.015;0.054;0.035;0.005;0.001;0.058;
21969;0.761;0.017;0.065;0.078;0.008;0.001;0.069;
22078;0.760;0.016;0.082;0.047;0.002;0.001;0.090;
22151;0.811;0.017;0.059;0.048;0.006;0.001;0.057;
22267;0.819;0.022;0.063;0.033;0.005;0.001;0.058;
22368;0.862;0.017;0.057;0.026;0.004;0.001;0.034;
22467;0.837;0.025;0.033;0.061;0.011;0.001;0.033;
22570;0.829;0.024;0.045;0.040;0.005;0.001;0.056;
22659;0.833;0.027;0.049;0.029;0.006;0.001;0.055;
22728;0.587;0.026;0.069;0.030;0.007;0.001;0.280;
22852;0.841;0.022;0.054;0.048;0.004;0.001;0.030;
22925;0.839;0.012;0.049;0.051;0.004;0.001;0.042;
23005;0.871;0.045;0.034;0.009;0.002;0.003;0.036;
23103;0.748;0.017;0.038;0.179;0.009;0.000;0.009;
23212;0.774;0.014;0.072;0.028;0.003;0.002;0.108;
23270;0.804;0.015;0.094;0.023;0.003;0.001;0.061;
23404;0.841;0.017;0.047;0.055;0.006;0.001;0.033;
23498;0.777;0.028;0.056;0.095;0.007;0.001;0.036;
23580;0.761;0.027;0.055;0.020;0.006;0.002;0.130;
23674;0.816;0.027;0.059;0.046;0.005;0.001;0.045;
23761;0.677;0.012;0.078;0.025;0.004;0.001;0.202;
23822;0.764;0.015;0.065;0.092;0.006;0.001;0.057;
23926;0.772;0.016;0.057;0.021;0.003;0.001;0.129;
24009;0.843;0.019;0.063;0.037;0.003;0.001;0.034;
24078;0.793;0.023;0.060;0.054;0.005;0.001;0.064;
24215;0.725;0.020;0.065;0.021;0.008;0.001;0.160;
24343;0.788;0.017;0.048;0.081;0.009;0.001;0.057;
24405;0.857;0.015;0.044;0.036;0.009;0.001;0.037;
24505;0.798;0.014;0.068;0.026;0.006;0.001;0.086;
24606;0.796;0.017;0.079;0.024;0.004;0.001;0.079;
24685;0.768;0.020;0.039;0.120;0.011;0.001;0.041;
24772;0.765;0.017;0.091;0.026;0.002;0.001;0.098;
24831;0.000;0.000;0.000;0.000;0.000;0.000;0.000;
24898;0.804;0.021;0.053;0.039;0.008;0.001;0.073;
25000;0.805;0.028;0.038;0.099;0.009;0.001;0.020;
25086;0.796;0.018;0.056;0.097;0.014;0.001;0.018;
25217;0.830;0.033;0.040;0.048;0.012;0.002;0.035;
25308;0.768;0.022;0.058;0.047;0.009;0.001;0.095;
25389;0.800;0.015;0.075;0.045;0.002;0.002;0.060;
25465;0.760;0.011;0.071;0.042;0.006;0.001;0.108;
25571;0.793;0.049;0.053;0.055;0.004;0.001;0.045;
25655;0.643;0.080;0.034;0.098;0.013;0.001;0.131;
25725;0.780;0.027;0.037;0.103;0.010;0.001;0.041;
25829;0.699;0.037;0.062;0.060;0.006;0.001;0.134;
25915;0.839;0.022;0.060;0.028;0.003;0.001;0.047;
25985;0.780;0.030;0.037;0.095;0.012;0.001;0.046;
26105;0.751;0.022;0.051;0.076;0.006;0.001;0.093;
26193;0.777;0.026;0.070;0.037;0.008;0.001;0.081;
26270;0.770;0.036;0.051;0.083;0.013;0.001;0.046;
26377;0.699;0.035;0.048;0.047;0.011;0.001;0.160;
26469;0.718;0.034;0.060;0.044;0.007;0.001;0.135;
26535;0.735;0.020;0.052;0.054;0.006;0.001;0.132;
26635;0.817;0.024;0.041;0.074;0.008;0.001;0.035;
26712;0.804;0.022;0.045;0.057;0.004;0.001;0.067;
26776;0.764;0.023;0.063;0.072;0.007;0.001;0.070;
26872;0.742;0.022;0.060;0.059;0.007;0.001;0.107;
26991;0.730;0.030;0.054;0.097;0.006;0.001;0.082;
27080;0.660;0.033;0.060;0.084;0.014;0.001;0.147;
27174;0.796;0.012;0.065;0.046;0.006;0.001;0.074;
27261;0.794;0.027;0.050;0.036;0.005;0.001;0.088;
27328;0.698;0.027;0.057;0.059;0.018;0.001;0.141;
27449;0.595;0.029;0.047;0.039;0.021;0.002;0.267;
27528;0.669;0.023;0.063;0.065;0.015;0.001;0.164;
27580;0.604;0.032;0.057;0.089;0.021;0.002;0.195;
27682;0.470;0.034;0.052;0.061;0.018;0.002;0.364;
27767;0.794;0.021;0.045;0.060;0.011;0.001;0.068;
27866;0.765;0.017;0.046;0.124;0.009;0.001;0.038;
27985;0.753;0.023;0.042;0.089;0.015;0.001;0.076;
28057;0.737;0.022;0.073;0.020;0.006;0.001;0.141;
28139;0.801;0.033;0.055;0.041;0.004;0.001;0.064;
28228;0.733;0.015;0.075;0.029;0.003;0.001;0.144;
28300;0.797;0.022;0.070;0.051;0.005;0.001;0.054;
28388;0.834;0.026;0.025;0.076;0.013;0.001;0.024;
28486;0.829;0.039;0.033;0.032;0.011;0.001;0.055;
28546;0.708;0.031;0.067;0.063;0.017;0.001;0.112;
28651;0.822;0.040;0.037;0.028;0.009;0.001;0.063;
28753;0.797;0.027;0.058;0.053;0.007;0.001;0.057;
28819;0.752;0.038;0.045;0.029;0.007;0.002;0.128;
28920;0.772;0.017;0.059;0.060;0.010;0.001;0.081;
29003;0.749;0.031;0.054;0.033;0.006;0.001;0.126;
29073;0.612;0.049;0.077;0.041;0.005;0.002;0.214;
29179;0.503;0.029;0.083;0.025;0.004;0.001;0.355;
29265;0.757;0.036;0.051;0.057;0.012;0.001;0.085;
29343;0.712;0.013;0.068;0.083;0.010;0.001;0.112;
29448;0.770;0.017;0.050;0.046;0.005;0.001;0.111;
29532;0.720;0.037;0.042;0.086;0.012;0.001;0.103;
29629;0.710;0.067;0.034;0.035;0.014;0.001;0.139;
29736;0.657;0.046;0.055;0.054;0.017;0.001;0.170;
29830;0.788;0.018;0.061;0.041;0.010;0.001;0.080;
29899;0.728;0.024;0.044;0.146;0.015;0.001;0.042;
30011;0.775;0.024;0.033;0.098;0.019;0.001;0.049;
30081;0.791;0.024;0.048;0.036;0.014;0.001;0.086;
30211;0.442;0.067;0.054;0.058;0.035;0.003;0.340;
30269;0.577;0.064;0.062;0.122;0.017;0.002;0.156;
30380;0.730;0.106;0.029;0.048;0.031;0.002;0.054;
30478;0.735;0.087;0.019;0.100;0.034;0.002;0.023;
30583;0.803;0.047;0.025;0.054;0.044;0.002;0.025;
30723;0.860;0.024;0.059;0.021;0.002;0.001;0.033;
30805;0.641;0.040;0.075;0.021;0.006;0.002;0.216;
30877;0.768;0.070;0.025;0.057;0.023;0.001;0.056;
31015;0.590;0.094;0.041;0.118;0.016;0.002;0.139;
31112;0.675;0.123;0.037;0.048;0.011;0.001;0.106;
31182;0.666;0.078;0.033;0.174;0.027;0.001;0.020;
31322;0.524;0.125;0.021;0.242;0.066;0.003;0.020;
31418;0.527;0.056;0.034;0.325;0.026;0.001;0.030;
31498;0.638;0.036;0.061;0.171;0.027;0.001;0.068;
31651;0.725;0.028;0.039;0.150;0.026;0.001;0.032;
31763;0.759;0.029;0.049;0.128;0.008;0.001;0.026;
31845;0.721;0.117;0.042;0.061;0.006;0.002;0.052;
31970;0.721;0.095;0.036;0.075;0.027;0.002;0.044;
32064;0.707;0.053;0.046;0.099;0.027;0.001;0.068;
32141;0.659;0.071;0.055;0.108;0.023;0.002;0.082;
32257;0.704;0.089;0.034;0.097;0.029;0.001;0.045;
32347;0.792;0.064;0.045;0.050;0.009;0.001;0.038;
32424;0.641;0.095;0.041;0.028;0.011;0.002;0.184;
32550;0.716;0.056;0.033;0.060;0.042;0.002;0.091;
32681;0.555;0.116;0.036;0.072;0.061;0.003;0.157;
32763;0.749;0.072;0.033;0.082;0.032;0.002;0.030;
32894;0.671;0.127;0.029;0.065;0.054;0.003;0.051;
32995;0.704;0.050;0.060;0.053;0.024;0.001;0.106;
33081;0.683;0.056;0.057;0.069;0.024;0.001;0.110;
33198;0.732;0.054;0.031;0.105;0.029;0.001;0.049;
33284;0.604;0.041;0.057;0.107;0.027;0.002;0.163;
33369;0.757;0.018;0.094;0.042;0.014;0.001;0.074;
33491;0.719;0.060;0.052;0.027;0.015;0.001;0.126;
33574;0.629;0.091;0.039;0.051;0.034;0.002;0.154;
33662;0.717;0.062;0.066;0.087;0.017;0.001;0.050;
33767;0.715;0.069;0.042;0.063;0.021;0.001;0.088;
33850;0.721;0.028;0.051;0.130;0.019;0.001;0.052;
33920;0.642;0.043;0.081;0.090;0.024;0.001;0.118;
34026;0.502;0.044;0.108;0.033;0.010;0.002;0.302;
34107;0.590;0.080;0.050;0.068;0.027;0.002;0.182;
34191;0.726;0.043;0.073;0.035;0.013;0.001;0.109;
34281;0.745;0.042;0.072;0.037;0.003;0.001;0.099;
34367;0.754;0.038;0.062;0.044;0.012;0.001;0.089;
34447;0.779;0.036;0.046;0.063;0.023;0.001;0.052;
34583;0.804;0.037;0.029;0.064;0.027;0.001;0.038;
34667;0.750;0.045;0.064;0.076;0.013;0.001;0.052;
34725;0.700;0.037;0.081;0.092;0.011;0.001;0.079;
34831;0.767;0.051;0.040;0.088;0.027;0.001;0.026;
34915;0.613;0.038;0.027;0.288;0.023;0.001;0.011;
34981;0.723;0.022;0.058;0.114;0.019;0.001;0.063;
35020;0.749;0.058;0.029;0.093;0.043;0.002;0.025;
35108;0.699;0.038;0.056;0.044;0.033;0.001;0.129;
35183;0.825;0.058;0.034;0.052;0.014;0.001;0.017;
35280;0.771;0.022;0.067;0.058;0.025;0.001;0.057;
35391;0.776;0.034;0.058;0.074;0.009;0.001;0.048;
35468;0.709;0.025;0.059;0.141;0.020;0.001;0.044;
35571;0.653;0.052;0.063;0.030;0.021;0.001;0.179;
35660;0.721;0.056;0.049;0.069;0.020;0.001;0.085;
35729;0.713;0.052;0.043;0.117;0.034;0.002;0.040;
35832;0.675;0.050;0.025;0.163;0.055;0.001;0.030;
35915;0.631;0.099;0.035;0.134;0.041;0.002;0.060;
35985;0.613;0.063;0.060;0.079;0.024;0.002;0.159;
36087;0.624;0.026;0.109;0.169;0.011;0.001;0.061;
36171;0.709;0.055;0.050;0.090;0.034;0.002;0.060;
36262;0.769;0.043;0.049;0.054;0.022;0.001;0.061;
36379;0.711;0.063;0.040;0.114;0.023;0.001;0.048;
36463;0.694;0.048;0.073;0.076;0.020;0.001;0.089;
36548;0.666;0.074;0.021;0.171;0.044;0.002;0.023;
36639;0.749;0.053;0.030;0.108;0.030;0.001;0.029;
36731;0.755;0.041;0.063;0.084;0.011;0.001;0.045;
36798;0.765;0.059;0.032;0.080;0.027;0.001;0.036;
36892;0.781;0.041;0.038;0.062;0.019;0.001;0.059;
36997;0.619;0.058;0.048;0.169;0.028;0.002;0.077;
37054;0.746;0.049;0.041;0.131;0.019;0.001;0.014;
37179;0.752;0.088;0.039;0.056;0.015;0.001;0.049;
37267;0.795;0.042;0.047;0.066;0.017;0.001;0.032;
37346;0.713;0.034;0.042;0.116;0.039;0.001;0.055;
37452;0.794;0.040;0.049;0.093;0.006;0.001;0.017;
37576;0.695;0.036;0.054;0.146;0.017;0.001;0.052;
37654;0.696;0.138;0.023;0.038;0.059;0.003;0.043;
37749;0.774;0.060;0.024;0.064;0.053;0.002;0.023;
37859;0.748;0.059;0.043;0.088;0.026;0.001;0.035;
37928;0.725;0.069;0.033;0.094;0.030;0.001;0.047;
38032;0.754;0.030;0.055;0.091;0.014;0.001;0.055;
38154;0.743;0.026;0.057;0.137;0.016;0.001;0.020;
38216;0.748;0.059;0.028;0.092;0.044;0.002;0.026;
38324;0.733;0.043;0.038;0.117;0.025;0.001;0.042;
38427;0.731;0.066;0.035;0.083;0.021;0.001;0.062;
38572;0.781;0.076;0.036;0.056;0.019;0.001;0.031;
38699;0.762;0.054;0.043;0.061;0.026;0.001;0.053;
38829;0.706;0.039;0.036;0.159;0.028;0.001;0.032;
38910;0.730;0.075;0.030;0.115;0.023;0.001;0.026;
39061;0.703;0.047;0.020;0.133;0.066;0.001;0.030;
39177;0.763;0.048;0.035;0.078;0.030;0.001;0.046;
39315;0.760;0.029;0.035;0.114;0.034;0.001;0.027;
39435;0.771;0.064;0.030;0.083;0.021;0.001;0.030;
39549;0.750;0.141;0.028;0.011;0.017;0.003;0.049;
39621;0.739;0.049;0.032;0.091;0.035;0.001;0.054;
39723;0.690;0.079;0.024;0.138;0.049;0.002;0.019;
39817;0.778;0.059;0.052;0.049;0.022;0.001;0.037;
39902;0.731;0.057;0.027;0.090;0.039;0.001;0.054;
40017;0.730;0.062;0.027;0.123;0.032;0.001;0.024;
40093;0.696;0.102;0.035;0.057;0.037;0.002;0.073;
40177;0.694;0.076;0.031;0.127;0.031;0.001;0.040;
40304;0.707;0.061;0.047;0.049;0.026;0.002;0.108;
40377;0.756;0.087;0.026;0.048;0.039;0.002;0.042;
40455;0.654;0.084;0.033;0.134;0.038;0.002;0.056;
40551;0.710;0.091;0.032;0.102;0.023;0.001;0.041;
40641;0.723;0.093;0.019;0.086;0.049;0.002;0.028;
40702;0.675;0.075;0.034;0.075;0.044;0.002;0.095;
40804;0.708;0.043;0.070;0.105;0.013;0.001;0.059;
40893;0.690;0.116;0.027;0.081;0.039;0.002;0.045;
40980;0.740;0.052;0.032;0.144;0.018;0.001;0.014;
41104;0.799;0.049;0.043;0.058;0.016;0.001;0.034;
41217;0.780;0.049;0.045;0.058;0.016;0.001;0.051;
41278;0.756;0.058;0.042;0.069;0.023;0.001;0.050;
41374;0.788;0.053;0.051;0.035;0.013;0.001;0.059;
41457;0.656;0.064;0.036;0.116;0.039;0.002;0.087;
41543;0.694;0.102;0.024;0.046;0.066;0.003;0.067;
41646;0.684;0.085;0.045;0.049;0.018;0.001;0.118;
41718;0.696;0.066;0.040;0.115;0.032;0.001;0.050;
41793;0.717;0.062;0.043;0.075;0.020;0.001;0.082;
41881;0.732;0.049;0.036;0.104;0.031;0.001;0.048;
41965;0.599;0.047;0.052;0.107;0.033;0.002;0.159;
42061;0.799;0.060;0.040;0.052;0.016;0.001;0.031;
42166;0.798;0.048;0.043;0.060;0.019;0.001;0.032;
42262;0.742;0.049;0.043;0.090;0.023;0.001;0.052;
42327;0.732;0.098;0.039;0.056;0.019;0.001;0.054;
42425;0.763;0.070;0.033;0.058;0.029;0.002;0.046;
42514;0.727;0.072;0.044;0.062;0.028;0.001;0.066;
42574;0.725;0.084;0.033;0.072;0.041;0.002;0.043;
42683;0.610;0.084;0.027;0.194;0.053;0.002;0.029;
42764;0.706;0.089;0.020;0.064;0.066;0.002;0.053;
42833;0.596;0.086;0.038;0.070;0.050;0.003;0.157;
42965;0.678;0.086;0.028;0.102;0.052;0.002;0.052;
43063;0.710;0.048;0.057;0.107;0.017;0.001;0.059;
43122;0.678;0.087;0.034;0.046;0.057;0.002;0.096;
43224;0.736;0.067;0.025;0.101;0.045;0.002;0.023;
43315;0.712;0.110;0.026;0.044;0.047;0.002;0.059;
43373;0.596;0.094;0.037;0.191;0.038;0.002;0.041;
43491;0.733;0.097;0.028;0.070;0.030;0.002;0.040;
43571;0.613;0.096;0.029;0.145;0.057;0.003;0.056;
43637;0.612;0.084;0.039;0.110;0.053;0.003;0.099;
43728;0.733;0.095;0.030;0.065;0.026;0.001;0.050;
43854;0.671;0.121;0.024;0.098;0.052;0.003;0.032;
43917;0.682;0.028;0.051;0.175;0.027;0.001;0.037;
44024;0.717;0.172;0.031;0.008;0.013;0.003;0.055;
44087;0.605;0.191;0.020;0.049;0.083;0.004;0.049;
44151;0.648;0.088;0.024;0.196;0.026;0.001;0.018;
44272;0.683;0.088;0.028;0.121;0.037;0.002;0.042;
44352;0.660;0.086;0.020;0.144;0.061;0.002;0.027;
44425;0.685;0.090;0.038;0.059;0.029;0.002;0.097;
44531;0.628;0.112;0.027;0.073;0.076;0.003;0.080;
44624;0.702;0.086;0.027;0.111;0.046;0.002;0.026;
44732;0.725;0.071;0.048;0.036;0.016;0.001;0.102;
44841;0.699;0.050;0.065;0.082;0.020;0.001;0.082;
44935;0.832;0.025;0.051;0.043;0.016;0.001;0.032;
44993;0.608;0.124;0.033;0.071;0.067;0.003;0.094;
45095;0.643;0.073;0.030;0.110;0.064;0.002;0.078;
45164;0.769;0.060;0.031;0.055;0.025;0.001;0.059;
45283;0.668;0.066;0.040;0.137;0.033;0.002;0.054;
45363;0.498;0.065;0.083;0.088;0.013;0.003;0.250;
45437;0.552;0.053;0.048;0.153;0.028;0.003;0.164;
45551;0.667;0.076;0.032;0.060;0.041;0.002;0.122;
45652;0.509;0.052;0.059;0.114;0.045;0.004;0.218;
45722;0.780;0.054;0.026;0.076;0.033;0.001;0.030;
45829;0.713;0.043;0.066;0.095;0.033;0.001;0.048;
45913;0.707;0.034;0.044;0.102;0.044;0.001;0.068;
46006;0.528;0.128;0.044;0.135;0.048;0.004;0.112;
46117;0.655;0.070;0.056;0.117;0.025;0.002;0.076;
46200;0.684;0.057;0.033;0.115;0.030;0.002;0.078;
46256;0.607;0.062;0.028;0.225;0.053;0.002;0.023;
46366;0.498;0.059;0.068;0.095;0.033;0.003;0.243;
46442;0.652;0.067;0.036;0.154;0.031;0.002;0.058;
46531;0.735;0.071;0.028;0.064;0.036;0.002;0.065;
46649;0.748;0.054;0.064;0.042;0.012;0.001;0.080;
46722;0.633;0.041;0.036;0.163;0.051;0.002;0.075;
46784;0.586;0.063;0.042;0.207;0.034;0.002;0.067;
46909;0.607;0.083;0.039;0.139;0.025;0.002;0.105;
46983;0.512;0.038;0.096;0.137;0.027;0.003;0.188;
47055;0.589;0.069;0.059;0.108;0.029;0.003;0.143;
47154;0.742;0.032;0.060;0.115;0.011;0.001;0.039;
47234;0.818;0.025;0.054;0.073;0.015;0.001;0.014;
47319;0.654;0.080;0.029;0.136;0.048;0.002;0.050;
47451;0.565;0.058;0.062;0.036;0.018;0.002;0.260;
47520;0.681;0.029;0.052;0.108;0.044;0.001;0.086;
47599;0.557;0.109;0.055;0.126;0.034;0.002;0.117;
47718;0.672;0.067;0.051;0.147;0.015;0.001;0.048;
47788;0.447;0.067;0.063;0.148;0.042;0.004;0.229;
47858;0.608;0.051;0.057;0.101;0.039;0.003;0.141;
47983;0.641;0.091;0.026;0.165;0.050;0.002;0.025;
48087;0.652;0.049;0.048;0.179;0.028;0.001;0.044;
48172;0.648;0.048;0.050;0.167;0.030;0.001;0.056;
48304;0.645;0.103;0.027;0.124;0.045;0.002;0.054;
48431;0.744;0.038;0.064;0.070;0.012;0.001;0.070;
48507;0.629;0.076;0.052;0.066;0.016;0.001;0.160;
48637;0.731;0.048;0.071;0.074;0.014;0.001;0.060;
48731;0.585;0.052;0.088;0.131;0.018;0.002;0.124;
48827;0.601;0.121;0.022;0.186;0.038;0.002;0.030;
48948;0.646;0.047;0.044;0.131;0.036;0.002;0.093;
49062;0.619;0.094;0.029;0.130;0.071;0.003;0.052;
49147;0.797;0.032;0.044;0.041;0.031;0.001;0.053;
49270;0.725;0.037;0.047;0.117;0.027;0.001;0.047;
49370;0.577;0.091;0.031;0.099;0.077;0.003;0.122;
49478;0.575;0.077;0.035;0.132;0.066;0.003;0.111;
49592;0.756;0.038;0.077;0.037;0.014;0.001;0.077;
49684;0.694;0.035;0.076;0.092;0.015;0.001;0.087;
49763;0.831;0.028;0.049;0.048;0.012;0.001;0.032;
49886;0.337;0.025;0.032;0.580;0.013;0.000;0.012;
50006;0.680;0.050;0.035;0.150;0.039;0.001;0.043;
50073;0.638;0.058;0.038;0.156;0.027;0.001;0.081;
50190;0.699;0.042;0.043;0.143;0.022;0.001;0.050;
50281;0.688;0.040;0.037;0.141;0.017;0.001;0.076;
50353;0.512;0.069;0.040;0.166;0.041;0.003;0.168;
50504;0.611;0.031;0.072;0.154;0.017;0.002;0.113;
50597;0.632;0.056;0.031;0.205;0.036;0.001;0.037;
50673;0.673;0.040;0.037;0.146;0.041;0.001;0.062;
50807;0.690;0.052;0.048;0.145;0.022;0.001;0.041;
50899;0.619;0.036;0.027;0.244;0.046;0.001;0.028;
50957;0.762;0.026;0.040;0.094;0.036;0.001;0.042;
51056;0.570;0.160;0.036;0.083;0.022;0.002;0.128;
51133;0.553;0.050;0.040;0.304;0.018;0.001;0.033;
51200;0.465;0.085;0.071;0.166;0.026;0.004;0.182;
51321;0.567;0.087;0.067;0.116;0.021;0.002;0.140;
51413;0.658;0.047;0.053;0.071;0.023;0.001;0.147;
51484;0.566;0.037;0.045;0.259;0.024;0.001;0.069;
51588;0.651;0.127;0.035;0.088;0.016;0.002;0.081;
51675;0.539;0.055;0.033;0.074;0.097;0.002;0.201;
51746;0.648;0.082;0.038;0.079;0.023;0.002;0.129;
51844;0.475;0.065;0.069;0.142;0.029;0.004;0.216;
51928;0.651;0.082;0.050;0.100;0.020;0.001;0.095;
52003;0.453;0.071;0.053;0.286;0.020;0.002;0.113;
52108;0.690;0.031;0.071;0.056;0.010;0.001;0.142;
52194;0.625;0.031;0.100;0.032;0.005;0.001;0.205;
52284;0.594;0.087;0.046;0.173;0.026;0.001;0.073;
52389;0.631;0.127;0.030;0.113;0.040;0.002;0.058;
52487;0.727;0.040;0.033;0.110;0.034;0.001;0.055;
52549;0.704;0.071;0.037;0.096;0.026;0.001;0.064;
52642;0.469;0.041;0.085;0.085;0.025;0.003;0.292;
52725;0.607;0.079;0.033;0.203;0.034;0.001;0.042;
52817;0.650;0.057;0.040;0.143;0.028;0.002;0.080;
52907;0.688;0.084;0.045;0.083;0.029;0.002;0.070;
52994;0.509;0.049;0.030;0.281;0.069;0.002;0.060;
53063;0.602;0.074;0.031;0.111;0.047;0.002;0.134;
53201;0.691;0.025;0.063;0.083;0.020;0.001;0.116;
53272;0.666;0.024;0.109;0.019;0.008;0.001;0.173;
53342;0.276;0.098;0.079;0.217;0.041;0.007;0.283;
53446;0.679;0.088;0.055;0.090;0.011;0.001;0.076;
53535;0.600;0.068;0.038;0.200;0.029;0.002;0.063;
53597;0.455;0.148;0.055;0.112;0.024;0.004;0.203;
53703;0.558;0.080;0.046;0.258;0.028;0.001;0.029;
53799;0.503;0.066;0.058;0.070;0.034;0.002;0.266;
53863;0.575;0.116;0.038;0.102;0.046;0.003;0.119;
53967;0.607;0.042;0.039;0.202;0.032;0.001;0.077;
54062;0.612;0.052;0.035;0.244;0.025;0.001;0.031;
54133;0.720;0.028;0.080;0.068;0.011;0.001;0.092;
54240;0.630;0.066;0.051;0.109;0.029;0.002;0.113;
54343;0.823;0.032;0.060;0.037;0.006;0.001;0.040;
54417;0.725;0.047;0.030;0.106;0.030;0.001;0.061;
54515;0.520;0.129;0.037;0.221;0.041;0.002;0.051;
54599;0.545;0.084;0.047;0.219;0.019;0.001;0.085;
54673;0.447;0.097;0.056;0.040;0.022;0.003;0.335;
54802;0.581;0.061;0.022;0.203;0.083;0.002;0.048;
54879;0.602;0.056;0.027;0.170;0.059;0.002;0.084;
54973;0.565;0.094;0.038;0.055;0.051;0.003;0.194;
55072;0.479;0.061;0.022;0.329;0.062;0.002;0.046;
55157;0.479;0.042;0.041;0.312;0.032;0.002;0.092;
55230;0.577;0.097;0.025;0.164;0.066;0.003;0.068;
55336;0.612;0.138;0.021;0.092;0.060;0.003;0.073;
55426;0.615;0.050;0.050;0.159;0.034;0.002;0.091;
55493;0.501;0.072;0.041;0.111;0.050;0.003;0.221;
55599;0.800;0.056;0.047;0.030;0.012;0.001;0.054;
55684;0.564;0.127;0.032;0.200;0.023;0.001;0.052;
55752;0.418;0.081;0.046;0.110;0.053;0.004;0.288;
55896;0.493;0.107;0.046;0.072;0.054;0.004;0.224;
56000;0.576;0.068;0.052;0.070;0.032;0.002;0.201;
56085;0.577;0.086;0.032;0.104;0.052;0.003;0.146;
56205;0.365;0.105;0.035;0.065;0.072;0.005;0.354;
56318;0.604;0.049;0.052;0.093;0.029;0.002;0.172;
56395;0.727;0.011;0.083;0.116;0.016;0.001;0.047;
56479;0.783;0.060;0.048;0.040;0.012;0.001;0.056;
56618;0.574;0.082;0.050;0.108;0.025;0.003;0.158;
56773;0.561;0.082;0.032;0.105;0.047;0.002;0.171;
56894;0.603;0.089;0.036;0.053;0.035;0.002;0.182;
57034;0.652;0.046;0.060;0.098;0.018;0.002;0.124;
57115;0.537;0.107;0.023;0.190;0.061;0.003;0.080;
57235;0.640;0.092;0.026;0.149;0.047;0.002;0.045;
57339;0.678;0.066;0.041;0.130;0.026;0.001;0.058;
57430;0.711;0.077;0.034;0.111;0.025;0.001;0.041;
57557;0.737;0.073;0.041;0.076;0.016;0.002;0.055;
57635;0.642;0.079;0.027;0.125;0.043;0.002;0.083;
57703;0.539;0.075;0.069;0.094;0.026;0.003;0.194;
57804;0.659;0.049;0.053;0.166;0.020;0.001;0.051;
57896;0.683;0.048;0.049;0.116;0.019;0.001;0.084;
58000;0.707;0.050;0.049;0.116;0.028;0.001;0.050;
58107;0.628;0.056;0.056;0.076;0.022;0.002;0.161;
58192;0.694;0.063;0.027;0.141;0.026;0.001;0.047;
58261;0.658;0.084;0.042;0.115;0.021;0.001;0.078;
58365;0.651;0.093;0.028;0.076;0.065;0.003;0.084;
58448;0.569;0.082;0.034;0.099;0.075;0.004;0.138;
58515;0.464;0.106;0.073;0.070;0.022;0.003;0.261;
58615;0.512;0.056;0.053;0.075;0.033;0.003;0.267;
58700;0.574;0.046;0.094;0.165;0.018;0.002;0.102;
58768;0.582;0.058;0.067;0.094;0.024;0.002;0.173;
58891;0.564;0.079;0.053;0.077;0.023;0.002;0.202;
58976;0.516;0.046;0.065;0.181;0.029;0.002;0.161;
59036;0.705;0.065;0.038;0.088;0.026;0.001;0.076;
59137;0.471;0.124;0.051;0.034;0.025;0.004;0.291;
59222;0.660;0.073;0.035;0.134;0.026;0.002;0.070;
59313;0.529;0.108;0.041;0.046;0.029;0.002;0.244;
59414;0.638;0.053;0.039;0.082;0.042;0.002;0.144;
59488;0.527;0.078;0.048;0.075;0.045;0.003;0.223;
59597;0.589;0.052;0.049;0.119;0.032;0.003;0.156;
59708;0.718;0.064;0.049;0.055;0.019;0.001;0.094;
59811;0.679;0.084;0.050;0.063;0.016;0.001;0.106;
59876;0.563;0.081;0.057;0.064;0.015;0.002;0.219;
60000;0.775;0.061;0.038;0.063;0.027;0.001;0.036;
60075;0.708;0.061;0.032;0.089;0.038;0.002;0.071;
60153;0.766;0.049;0.039;0.083;0.019;0.001;0.043;
60242;0.696;0.050;0.036;0.129;0.022;0.001;0.067;
60327;0.659;0.078;0.035;0.091;0.060;0.003;0.076;
60403;0.702;0.131;0.039;0.051;0.027;0.002;0.048;
60508;0.555;0.079;0.057;0.074;0.012;0.002;0.221;
60611;0.690;0.044;0.051;0.132;0.021;0.001;0.061;
60694;0.704;0.042;0.053;0.060;0.019;0.002;0.119;
60802;0.674;0.049;0.055;0.071;0.030;0.002;0.120;
60872;0.687;0.095;0.026;0.068;0.055;0.002;0.066;
60948;0.690;0.061;0.046;0.085;0.032;0.002;0.085;
61055;0.752;0.073;0.037;0.046;0.039;0.002;0.052;
61127;0.698;0.099;0.030;0.068;0.046;0.002;0.058;
61193;0.645;0.093;0.040;0.054;0.018;0.002;0.149;
61303;0.648;0.108;0.031;0.122;0.042;0.002;0.046;
61386;0.688;0.032;0.047;0.100;0.041;0.001;0.090;
61455;0.651;0.062;0.085;0.037;0.016;0.002;0.148;
61577;0.690;0.031;0.107;0.048;0.010;0.001;0.113;
61676;0.573;0.136;0.033;0.054;0.059;0.003;0.142;
61747;0.657;0.071;0.047;0.128;0.022;0.001;0.074;
61892;0.631;0.063;0.038;0.149;0.037;0.002;0.080;
61990;0.564;0.037;0.023;0.262;0.066;0.001;0.047;
62057;0.764;0.048;0.053;0.063;0.030;0.002;0.040;
62158;0.682;0.056;0.067;0.077;0.018;0.001;0.099;
62232;0.730;0.052;0.061;0.064;0.015;0.001;0.076;
62305;0.586;0.086;0.047;0.060;0.030;0.002;0.188;
62411;0.658;0.038;0.046;0.164;0.020;0.001;0.073;
62515;0.686;0.052;0.051;0.120;0.021;0.001;0.069;
62581;0.662;0.043;0.138;0.075;0.021;0.002;0.060;
62691;0.731;0.063;0.052;0.111;0.015;0.001;0.028;
62778;0.731;0.043;0.050;0.092;0.016;0.001;0.067;
62841;0.696;0.082;0.036;0.106;0.030;0.002;0.049;
62937;0.602;0.141;0.038;0.060;0.040;0.002;0.116;
63027;0.561;0.054;0.062;0.067;0.027;0.002;0.226;
63105;0.718;0.019;0.080;0.064;0.026;0.001;0.093;
63221;0.604;0.021;0.075;0.157;0.026;0.001;0.115;
63286;0.613;0.063;0.030;0.164;0.067;0.002;0.062;
63372;0.670;0.071;0.042;0.122;0.038;0.002;0.055;
63483;0.693;0.085;0.030;0.056;0.066;0.002;0.068;
63558;0.764;0.060;0.036;0.086;0.023;0.001;0.029;
63632;0.695;0.045;0.065;0.092;0.030;0.002;0.071;
63747;0.630;0.049;0.030;0.205;0.055;0.001;0.031;
63816;0.645;0.116;0.028;0.109;0.051;0.003;0.048;
63905;0.634;0.091;0.054;0.105;0.023;0.002;0.091;
63997;0.604;0.047;0.053;0.140;0.030;0.002;0.124;
64087;0.557;0.053;0.077;0.101;0.017;0.002;0.194;
64164;0.729;0.050;0.032;0.112;0.041;0.002;0.035;
64290;0.613;0.027;0.060;0.212;0.044;0.001;0.043;
64383;0.661;0.080;0.045;0.115;0.021;0.002;0.077;
64478;0.645;0.087;0.028;0.109;0.057;0.002;0.072;
64597;0.628;0.127;0.038;0.088;0.025;0.002;0.091;
64687;0.752;0.065;0.037;0.053;0.043;0.002;0.048;
64756;0.770;0.028;0.047;0.066;0.030;0.001;0.058;
64858;0.704;0.079;0.057;0.057;0.015;0.001;0.086;
64943;0.566;0.142;0.054;0.103;0.024;0.002;0.109;
65013;0.723;0.087;0.037;0.064;0.023;0.001;0.064;
65138;0.509;0.065;0.067;0.088;0.047;0.004;0.220;
65234;0.716;0.100;0.035;0.072;0.022;0.001;0.055;
65301;0.674;0.039;0.078;0.082;0.018;0.001;0.108;
65415;0.646;0.071;0.066;0.077;0.020;0.001;0.119;
65521;0.633;0.062;0.036;0.104;0.044;0.002;0.119;
65603;0.627;0.071;0.030;0.070;0.086;0.003;0.115;
65719;0.699;0.067;0.037;0.090;0.026;0.001;0.080;
65829;0.696;0.060;0.053;0.078;0.025;0.001;0.086;
65939;0.669;0.053;0.056;0.045;0.018;0.001;0.158;
66067;0.694;0.051;0.071;0.093;0.022;0.001;0.068;
66180;0.630;0.055;0.021;0.098;0.149;0.002;0.045;
66286;0.596;0.038;0.026;0.296;0.031;0.001;0.012;
66418;0.761;0.021;0.058;0.077;0.019;0.001;0.064;
66528;0.718;0.039;0.038;0.130;0.025;0.001;0.050;
66604;0.786;0.046;0.036;0.088;0.024;0.001;0.019;
66714;0.754;0.069;0.041;0.076;0.022;0.001;0.037;
66807;0.725;0.043;0.036;0.138;0.031;0.001;0.026;
66900;0.786;0.034;0.041;0.093;0.024;0.001;0.020;
67014;0.643;0.058;0.024;0.200;0.048;0.001;0.026;
67112;0.702;0.074;0.034;0.098;0.033;0.002;0.058;
67208;0.746;0.046;0.057;0.058;0.015;0.001;0.077;
67350;0.692;0.084;0.028;0.053;0.049;0.002;0.092;
67437;0.776;0.049;0.044;0.070;0.018;0.001;0.042;
67515;0.660;0.041;0.032;0.213;0.037;0.001;0.016;
67655;0.720;0.109;0.027;0.057;0.033;0.002;0.053;
67749;0.734;0.063;0.028;0.086;0.062;0.002;0.024;
67825;0.705;0.065;0.023;0.124;0.054;0.002;0.027;
67951;0.740;0.130;0.032;0.032;0.018;0.002;0.046;
68054;0.711;0.014;0.060;0.165;0.017;0.001;0.031;
68122;0.650;0.027;0.052;0.226;0.019;0.001;0.026;
68249;0.711;0.056;0.061;0.054;0.013;0.001;0.104;
68354;0.553;0.236;0.023;0.016;0.065;0.003;0.104;
68434;0.591;0.119;0.021;0.134;0.086;0.003;0.045;
68559;0.632;0.111;0.049;0.063;0.018;0.002;0.126;
68622;0.748;0.027;0.044;0.128;0.016;0.001;0.037;
68701;0.797;0.053;0.057;0.055;0.013;0.002;0.023;
68790;0.775;0.026;0.063;0.116;0.006;0.001;0.014;
68874;0.858;0.021;0.071;0.018;0.004;0.001;0.027;
68942;0.760;0.050;0.054;0.039;0.008;0.002;0.088;
69048;0.607;0.047;0.089;0.088;0.013;0.003;0.153;
69140;0.445;0.083;0.074;0.114;0.039;0.005;0.240;
69241;0.572;0.081;0.054;0.136;0.037;0.003;0.117;
69357;0.689;0.092;0.049;0.076;0.023;0.002;0.070;
69437;0.387;0.070;0.074;0.194;0.034;0.007;0.235;
69496;0.524;0.051;0.088;0.111;0.028;0.004;0.193;
69588;0.502;0.044;0.069;0.210;0.024;0.003;0.148;
69671;0.771;0.043;0.045;0.074;0.025;0.001;0.041;
69741;0.645;0.065;0.064;0.071;0.007;0.002;0.145;
69845;0.722;0.056;0.066;0.066;0.018;0.001;0.071;
69925;0.690;0.092;0.041;0.114;0.019;0.001;0.043;
70004;0.652;0.070;0.052;0.033;0.016;0.002;0.176;
70136;0.757;0.048;0.039;0.056;0.025;0.001;0.074;
70210;0.760;0.055;0.056;0.079;0.010;0.001;0.039;
70267;0.709;0.047;0.087;0.078;0.009;0.001;0.070;
70374;0.719;0.059;0.070;0.078;0.014;0.001;0.060;
70457;0.739;0.037;0.093;0.046;0.006;0.001;0.078;
70522;0.790;0.049;0.041;0.039;0.006;0.001;0.074;
70621;0.732;0.045;0.045;0.126;0.013;0.001;0.038;
70704;0.781;0.050;0.043;0.055;0.016;0.001;0.054;
70769;0.757;0.047;0.069;0.052;0.010;0.001;0.065;
70873;0.716;0.070;0.067;0.086;0.017;0.001;0.043;
70978;0.738;0.041;0.058;0.117;0.013;0.001;0.031;
71052;0.744;0.056;0.043;0.098;0.015;0.001;0.043;
71155;0.746;0.057;0.067;0.069;0.013;0.001;0.046;
71247;0.690;0.071;0.050;0.050;0.019;0.001;0.119;
71313;0.764;0.062;0.040;0.080;0.012;0.001;0.041;
71420;0.659;0.042;0.074;0.121;0.021;0.001;0.081;
71509;0.579;0.043;0.076;0.118;0.023;0.002;0.159;
71585;0.767;0.075;0.047;0.044;0.008;0.001;0.058;
71677;0.753;0.026;0.045;0.122;0.017;0.001;0.036;
71767;0.799;0.035;0.069;0.068;0.006;0.001;0.023;
71860;0.752;0.043;0.049;0.052;0.016;0.001;0.087;
71962;0.780;0.020;0.062;0.093;0.010;0.001;0.034;
72053;0.726;0.043;0.057;0.042;0.017;0.001;0.113;
72126;0.644;0.179;0.013;0.039;0.088;0.004;0.033;
72213;0.773;0.079;0.026;0.066;0.027;0.001;0.028;
72307;0.470;0.046;0.033;0.404;0.018;0.001;0.028;
72375;0.246;0.099;0.065;0.478;0.030;0.004;0.078;
72487;0.495;0.067;0.050;0.194;0.068;0.004;0.122;
72567;0.309;0.103;0.081;0.306;0.034;0.006;0.161;
72638;0.580;0.058;0.054;0.205;0.025;0.002;0.076;
72748;0.446;0.046;0.050;0.324;0.034;0.002;0.097;
72840;0.514;0.094;0.061;0.154;0.051;0.004;0.122;
72912;0.414;0.068;0.070;0.312;0.039;0.004;0.093;
73014;0.139;0.066;0.045;0.647;0.048;0.003;0.051;
73112;0.127;0.030;0.089;0.704;0.016;0.001;0.033;
73183;0.342;0.052;0.038;0.485;0.037;0.001;0.045;
73292;0.410;0.125;0.038;0.206;0.100;0.006;0.115;
73372;0.455;0.064;0.040;0.310;0.043;0.002;0.085;
73451;0.483;0.062;0.047;0.318;0.036;0.002;0.051;
73596;0.269;0.031;0.029;0.620;0.028;0.001;0.024;
73721;0.641;0.014;0.130;0.137;0.004;0.001;0.072;
73814;0.567;0.041;0.027;0.265;0.060;0.001;0.038;
73933;0.667;0.078;0.019;0.157;0.058;0.002;0.018;
74016;0.645;0.081;0.042;0.056;0.039;0.002;0.134;
74094;0.839;0.040;0.039;0.037;0.025;0.001;0.020;
74233;0.813;0.034;0.032;0.063;0.023;0.001;0.033;
74320;0.672;0.087;0.022;0.107;0.058;0.002;0.052;
74396;0.662;0.063;0.024;0.205;0.028;0.001;0.016;
74532;0.734;0.044;0.036;0.091;0.042;0.001;0.052;
74653;0.723;0.035;0.039;0.163;0.019;0.001;0.019;
74751;0.757;0.060;0.034;0.105;0.023;0.001;0.020;
74866;0.697;0.141;0.029;0.080;0.026;0.002;0.025;
74986;0.764;0.051;0.039;0.099;0.016;0.001;0.030;
75069;0.742;0.067;0.042;0.063;0.026;0.002;0.059;
75187;0.775;0.069;0.028;0.060;0.034;0.003;0.032;
75271;0.716;0.039;0.039;0.060;0.024;0.002;0.121;
