1072;0.785;0.005;0.032;0.124;0.023;0.001;0.030;
1501;0.548;0.006;0.031;0.372;0.018;0.002;0.022;
1579;0.521;0.009;0.062;0.335;0.005;0.006;0.063;
1636;0.622;0.008;0.077;0.232;0.005;0.003;0.053;
1720;0.609;0.006;0.050;0.263;0.007;0.002;0.063;
1787;0.784;0.012;0.045;0.105;0.006;0.003;0.045;
1843;0.781;0.007;0.067;0.081;0.004;0.002;0.059;
1918;0.711;0.006;0.084;0.092;0.005;0.001;0.101;
1988;0.611;0.007;0.080;0.208;0.008;0.003;0.084;
2040;0.724;0.007;0.101;0.098;0.003;0.002;0.064;
2116;0.579;0.010;0.071;0.214;0.005;0.004;0.118;
2182;0.510;0.012;0.095;0.214;0.004;0.006;0.159;
2243;0.416;0.007;0.057;0.422;0.007;0.004;0.088;
2308;0.589;0.010;0.078;0.233;0.005;0.005;0.080;
2375;0.564;0.009;0.097;0.214;0.005;0.005;0.106;
2455;0.455;0.010;0.108;0.357;0.004;0.005;0.060;
2515;0.634;0.009;0.130;0.096;0.003;0.004;0.124;
2591;0.543;0.011;0.102;0.269;0.004;0.005;0.065;
2644;0.429;0.012;0.106;0.257;0.005;0.007;0.184;
2708;0.239;0.006;0.056;0.669;0.002;0.003;0.026;
2775;0.166;0.005;0.035;0.744;0.005;0.002;0.044;
2851;0.461;0.006;0.088;0.339;0.006;0.005;0.094;
2935;0.537;0.005;0.056;0.361;0.007;0.003;0.032;
3003;0.578;0.008;0.089;0.074;0.003;0.004;0.245;
3063;0.727;0.006;0.084;0.088;0.004;0.002;0.088;
3108;0.430;0.007;0.093;0.382;0.005;0.003;0.080;
3183;0.405;0.008;0.076;0.440;0.004;0.003;0.064;
3262;0.549;0.009;0.098;0.212;0.004;0.004;0.124;
3315;0.630;0.012;0.103;0.153;0.003;0.005;0.095;
3380;0.773;0.007;0.075;0.070;0.004;0.003;0.068;
3445;0.636;0.010;0.044;0.278;0.003;0.003;0.026;
3508;0.719;0.018;0.063;0.157;0.001;0.007;0.035;
3591;0.712;0.007;0.072;0.171;0.003;0.003;0.032;
3651;0.765;0.008;0.065;0.062;0.004;0.004;0.092;
3721;0.548;0.009;0.038;0.386;0.005;0.002;0.013;
3787;0.807;0.010;0.050;0.060;0.004;0.002;0.066;
3849;0.810;0.006;0.068;0.061;0.002;0.003;0.049;
3917;0.701;0.009;0.062;0.182;0.005;0.002;0.039;
3987;0.634;0.011;0.038;0.262;0.006;0.004;0.046;
4051;0.765;0.006;0.064;0.089;0.006;0.002;0.068;
4133;0.686;0.010;0.056;0.189;0.004;0.002;0.053;
4204;0.589;0.008;0.101;0.265;0.005;0.003;0.029;
4255;0.370;0.006;0.063;0.527;0.004;0.002;0.030;
4342;0.247;0.004;0.026;0.707;0.005;0.001;0.011;
4407;0.392;0.005;0.042;0.497;0.020;0.002;0.042;
4458;0.607;0.007;0.086;0.198;0.006;0.003;0.092;
4515;0.421;0.005;0.062;0.456;0.007;0.002;0.048;
4590;0.266;0.014;0.122;0.432;0.005;0.006;0.155;
4644;0.438;0.011;0.090;0.349;0.004;0.006;0.102;
4756;0.609;0.006;0.082;0.270;0.005;0.002;0.026;
4822;0.724;0.008;0.055;0.105;0.010;0.002;0.096;
4872;0.698;0.011;0.052;0.154;0.005;0.004;0.075;
4915;0.621;0.008;0.035;0.293;0.010;0.002;0.031;
4980;0.532;0.008;0.081;0.247;0.006;0.003;0.123;
5059;0.470;0.006;0.040;0.439;0.010;0.002;0.033;
5124;0.724;0.015;0.033;0.193;0.004;0.003;0.029;
5189;0.204;0.018;0.011;0.720;0.029;0.006;0.013;
5261;0.495;0.007;0.048;0.359;0.008;0.002;0.080;
5329;0.675;0.013;0.032;0.232;0.010;0.003;0.034;
5380;0.723;0.010;0.038;0.173;0.012;0.003;0.040;
5464;0.529;0.007;0.046;0.380;0.007;0.002;0.030;
5529;0.666;0.010;0.080;0.134;0.004;0.002;0.105;
5591;0.587;0.015;0.029;0.340;0.008;0.001;0.020;
5651;0.593;0.009;0.061;0.215;0.007;0.003;0.111;
5725;0.682;0.012;0.035;0.205;0.023;0.003;0.040;
5800;0.499;0.008;0.045;0.378;0.007;0.002;0.061;
5859;0.518;0.007;0.052;0.355;0.009;0.002;0.057;
5934;0.642;0.009;0.056;0.187;0.012;0.002;0.092;
5993;0.593;0.008;0.052;0.250;0.011;0.003;0.083;
6052;0.517;0.006;0.021;0.406;0.036;0.001;0.013;
6117;0.506;0.005;0.032;0.392;0.028;0.002;0.033;
6195;0.513;0.007;0.030;0.402;0.023;0.002;0.023;
6259;0.524;0.010;0.028;0.298;0.091;0.006;0.043;
6323;0.567;0.006;0.023;0.293;0.079;0.004;0.028;
6387;0.631;0.011;0.025;0.312;0.006;0.002;0.013;
6468;0.609;0.006;0.040;0.282;0.017;0.004;0.041;
6536;0.640;0.006;0.071;0.083;0.023;0.003;0.173;
6606;0.725;0.008;0.047;0.142;0.007;0.003;0.068;
6659;0.746;0.007;0.044;0.142;0.012;0.003;0.046;
6723;0.447;0.008;0.019;0.482;0.024;0.001;0.019;
6787;0.444;0.011;0.028;0.336;0.154;0.005;0.022;
6851;0.589;0.006;0.048;0.250;0.019;0.004;0.084;
6930;0.245;0.007;0.011;0.719;0.010;0.001;0.006;
7001;0.255;0.009;0.011;0.691;0.019;0.004;0.012;
7059;0.541;0.007;0.052;0.247;0.019;0.004;0.130;
7135;0.656;0.007;0.043;0.249;0.011;0.003;0.032;
7187;0.551;0.006;0.077;0.157;0.012;0.003;0.194;
7261;0.589;0.008;0.062;0.268;0.008;0.002;0.062;
7330;0.505;0.007;0.084;0.277;0.009;0.005;0.112;
7395;0.722;0.004;0.075;0.148;0.007;0.002;0.041;
7460;0.285;0.005;0.026;0.671;0.004;0.001;0.009;
7528;0.627;0.004;0.053;0.288;0.008;0.002;0.019;
7586;0.561;0.005;0.063;0.313;0.008;0.002;0.048;
7705;0.331;0.003;0.024;0.606;0.020;0.002;0.013;
7773;0.342;0.004;0.047;0.591;0.005;0.002;0.009;
7823;0.386;0.005;0.023;0.573;0.005;0.001;0.007;
7863;0.458;0.007;0.040;0.390;0.017;0.004;0.084;
7940;0.643;0.006;0.095;0.099;0.006;0.003;0.149;
7991;0.307;0.008;0.081;0.571;0.003;0.002;0.028;
8067;0.503;0.007;0.045;0.405;0.009;0.001;0.030;
8133;0.588;0.008;0.046;0.297;0.008;0.002;0.050;
8195;0.482;0.008;0.050;0.407;0.008;0.003;0.042;
8260;0.554;0.006;0.049;0.327;0.010;0.003;0.050;
8323;0.518;0.006;0.046;0.359;0.020;0.004;0.048;
8419;0.413;0.006;0.053;0.437;0.016;0.003;0.072;
8466;0.495;0.005;0.053;0.398;0.007;0.002;0.040;
8533;0.462;0.007;0.078;0.087;0.008;0.003;0.354;
8605;0.280;0.004;0.035;0.581;0.021;0.002;0.077;
8660;0.539;0.008;0.059;0.103;0.015;0.005;0.270;
8734;0.695;0.007;0.030;0.228;0.017;0.001;0.021;
8804;0.589;0.010;0.031;0.329;0.005;0.002;0.033;
8870;0.667;0.007;0.021;0.238;0.047;0.002;0.017;
8935;0.469;0.007;0.024;0.433;0.033;0.002;0.031;
8996;0.703;0.004;0.046;0.168;0.026;0.002;0.050;
9059;0.692;0.015;0.023;0.215;0.023;0.006;0.026;
9139;0.618;0.009;0.049;0.123;0.018;0.007;0.177;
9203;0.654;0.011;0.056;0.157;0.015;0.006;0.100;
9277;0.633;0.016;0.060;0.147;0.005;0.008;0.131;
9344;0.638;0.006;0.085;0.088;0.025;0.006;0.151;
9397;0.630;0.005;0.073;0.209;0.020;0.004;0.058;
9460;0.619;0.010;0.018;0.237;0.092;0.005;0.020;
9539;0.557;0.008;0.047;0.233;0.097;0.003;0.055;
9602;0.539;0.004;0.044;0.334;0.028;0.002;0.049;
9667;0.707;0.008;0.043;0.162;0.020;0.002;0.057;
9735;0.525;0.007;0.058;0.317;0.011;0.003;0.079;
9795;0.607;0.007;0.051;0.222;0.025;0.004;0.083;
9906;0.558;0.008;0.034;0.368;0.008;0.002;0.022;
9990;0.660;0.010;0.043;0.171;0.009;0.004;0.103;
10042;0.809;0.008;0.042;0.062;0.005;0.003;0.071;
10080;0.544;0.007;0.039;0.282;0.058;0.006;0.064;
10153;0.435;0.004;0.042;0.461;0.025;0.002;0.030;
10203;0.592;0.016;0.030;0.239;0.065;0.007;0.052;
10277;0.647;0.008;0.037;0.229;0.032;0.005;0.043;
10346;0.445;0.009;0.086;0.355;0.006;0.006;0.093;
10404;0.703;0.006;0.043;0.194;0.015;0.002;0.037;
10477;0.538;0.009;0.027;0.274;0.106;0.005;0.041;
10542;0.494;0.007;0.033;0.332;0.070;0.006;0.058;
10623;0.390;0.006;0.023;0.454;0.094;0.006;0.026;
10674;0.794;0.010;0.031;0.097;0.011;0.005;0.053;
10740;0.711;0.008;0.043;0.158;0.014;0.004;0.063;
10802;0.702;0.010;0.043;0.148;0.015;0.007;0.075;
10867;0.278;0.004;0.035;0.657;0.006;0.003;0.016;
10932;0.483;0.006;0.054;0.414;0.008;0.003;0.034;
11013;0.536;0.007;0.095;0.302;0.004;0.003;0.052;
11076;0.398;0.003;0.038;0.534;0.013;0.001;0.012;
11141;0.336;0.004;0.052;0.568;0.007;0.002;0.031;
11203;0.445;0.005;0.086;0.347;0.014;0.003;0.099;
11277;0.436;0.006;0.048;0.467;0.006;0.003;0.033;
11342;0.638;0.006;0.090;0.145;0.007;0.003;0.111;
11411;0.412;0.010;0.113;0.380;0.007;0.007;0.070;
11475;0.543;0.009;0.081;0.321;0.003;0.003;0.040;
11543;0.309;0.004;0.042;0.619;0.006;0.002;0.019;
11604;0.384;0.003;0.025;0.535;0.037;0.002;0.014;
11667;0.249;0.004;0.032;0.699;0.004;0.001;0.012;
11747;0.507;0.007;0.082;0.325;0.007;0.006;0.066;
11814;0.484;0.004;0.056;0.410;0.011;0.002;0.033;
11875;0.259;0.007;0.087;0.568;0.005;0.005;0.069;
11958;0.329;0.014;0.148;0.385;0.008;0.009;0.107;
12009;0.417;0.006;0.054;0.479;0.004;0.002;0.038;
12067;0.579;0.004;0.054;0.304;0.021;0.003;0.035;
12149;0.496;0.006;0.074;0.372;0.005;0.004;0.044;
12210;0.529;0.008;0.040;0.365;0.009;0.004;0.044;
12274;0.267;0.003;0.047;0.596;0.019;0.003;0.066;
12340;0.643;0.007;0.078;0.128;0.007;0.003;0.133;
12402;0.497;0.006;0.057;0.404;0.006;0.002;0.028;
12511;0.497;0.006;0.047;0.380;0.011;0.004;0.055;
12583;0.580;0.007;0.074;0.158;0.007;0.004;0.169;
12644;0.660;0.009;0.075;0.159;0.003;0.004;0.089;
12686;0.458;0.008;0.090;0.348;0.007;0.005;0.084;
12755;0.489;0.009;0.116;0.314;0.005;0.005;0.062;
12810;0.451;0.005;0.051;0.470;0.004;0.002;0.017;
12883;0.281;0.003;0.030;0.670;0.006;0.001;0.009;
12955;0.440;0.006;0.054;0.398;0.016;0.006;0.080;
13011;0.334;0.010;0.108;0.484;0.006;0.005;0.054;
13080;0.558;0.008;0.126;0.149;0.008;0.006;0.145;
13145;0.514;0.013;0.121;0.265;0.007;0.008;0.071;
13219;0.434;0.015;0.146;0.294;0.007;0.008;0.097;
13294;0.487;0.006;0.068;0.406;0.006;0.002;0.026;
13361;0.424;0.005;0.093;0.417;0.010;0.004;0.048;
13411;0.555;0.014;0.151;0.218;0.007;0.008;0.046;
13476;0.404;0.008;0.062;0.486;0.004;0.005;0.031;
13541;0.335;0.004;0.030;0.607;0.006;0.001;0.018;
13658;0.693;0.008;0.088;0.150;0.003;0.004;0.054;
13698;0.430;0.007;0.086;0.344;0.007;0.006;0.120;
13764;0.344;0.004;0.063;0.499;0.009;0.003;0.078;
13812;0.538;0.009;0.033;0.340;0.042;0.006;0.033;
13875;0.799;0.018;0.035;0.064;0.043;0.014;0.027;
13966;0.737;0.009;0.049;0.074;0.054;0.005;0.071;
14019;0.505;0.007;0.077;0.069;0.010;0.005;0.328;
14083;0.378;0.010;0.124;0.312;0.010;0.009;0.157;
14149;0.534;0.006;0.056;0.372;0.005;0.002;0.025;
14212;0.660;0.005;0.088;0.157;0.009;0.003;0.078;
14274;0.692;0.009;0.063;0.138;0.005;0.004;0.089;
14355;0.484;0.004;0.059;0.410;0.010;0.003;0.030;
14418;0.471;0.007;0.037;0.436;0.009;0.003;0.037;
14482;0.337;0.011;0.138;0.443;0.006;0.008;0.057;
14549;0.561;0.007;0.087;0.238;0.008;0.005;0.095;
14621;0.402;0.007;0.064;0.432;0.007;0.005;0.085;
14690;0.378;0.008;0.112;0.329;0.007;0.006;0.160;
14755;0.613;0.008;0.088;0.226;0.005;0.005;0.056;
14820;0.399;0.008;0.074;0.300;0.010;0.006;0.203;
14883;0.616;0.009;0.064;0.076;0.006;0.002;0.226;
15015;0.525;0.006;0.036;0.392;0.012;0.002;0.027;
15065;0.459;0.006;0.118;0.141;0.008;0.004;0.265;
15103;0.602;0.022;0.028;0.267;0.010;0.014;0.057;
15168;0.600;0.007;0.066;0.094;0.011;0.003;0.219;
15219;0.274;0.008;0.011;0.692;0.005;0.003;0.007;
15316;0.733;0.007;0.027;0.205;0.009;0.002;0.017;
15382;0.583;0.007;0.107;0.019;0.021;0.005;0.260;
15431;0.259;0.004;0.015;0.679;0.030;0.004;0.009;
15492;0.353;0.004;0.037;0.591;0.004;0.001;0.010;
15559;0.561;0.008;0.061;0.250;0.006;0.005;0.108;
15619;0.236;0.015;0.018;0.700;0.007;0.003;0.021;
15683;0.713;0.012;0.057;0.081;0.004;0.002;0.132;
15750;0.507;0.010;0.037;0.362;0.028;0.004;0.052;
15827;0.770;0.007;0.055;0.109;0.008;0.003;0.048;
15890;0.607;0.009;0.036;0.302;0.009;0.003;0.033;
15966;0.474;0.009;0.043;0.390;0.024;0.006;0.054;
16020;0.354;0.007;0.021;0.591;0.011;0.002;0.013;
16114;0.625;0.011;0.033;0.282;0.008;0.003;0.039;
16195;0.663;0.012;0.056;0.108;0.007;0.005;0.150;
16263;0.539;0.012;0.092;0.177;0.004;0.004;0.172;
16315;0.542;0.013;0.078;0.074;0.010;0.010;0.274;
16392;0.690;0.009;0.068;0.082;0.007;0.004;0.141;
16452;0.676;0.019;0.041;0.202;0.009;0.004;0.049;
16496;0.538;0.011;0.042;0.284;0.016;0.005;0.105;
16580;0.298;0.004;0.018;0.629;0.032;0.001;0.017;
16647;0.607;0.006;0.052;0.206;0.026;0.003;0.100;
16692;0.482;0.008;0.037;0.366;0.046;0.003;0.058;
16759;0.793;0.009;0.040;0.089;0.011;0.005;0.054;
16819;0.592;0.007;0.045;0.291;0.010;0.002;0.054;
16892;0.648;0.011;0.052;0.175;0.006;0.006;0.101;
16964;0.648;0.007;0.048;0.184;0.043;0.004;0.066;
17027;0.684;0.013;0.037;0.132;0.016;0.005;0.113;
17092;0.644;0.012;0.034;0.254;0.022;0.004;0.029;
17159;0.556;0.016;0.048;0.232;0.042;0.015;0.092;
17219;0.640;0.006;0.054;0.196;0.013;0.002;0.088;
17350;0.743;0.010;0.048;0.115;0.010;0.003;0.072;
17439;0.578;0.007;0.068;0.247;0.005;0.002;0.092;
17490;0.617;0.006;0.065;0.185;0.014;0.003;0.110;
17583;0.375;0.004;0.027;0.561;0.011;0.002;0.020;
17648;0.608;0.010;0.061;0.161;0.012;0.004;0.144;
17699;0.390;0.009;0.106;0.090;0.004;0.003;0.398;
17780;0.680;0.008;0.051;0.130;0.009;0.003;0.119;
17849;0.639;0.006;0.052;0.175;0.033;0.003;0.091;
17897;0.568;0.004;0.092;0.206;0.018;0.002;0.109;
17956;0.599;0.004;0.095;0.207;0.009;0.002;0.085;
18057;0.636;0.005;0.074;0.177;0.008;0.002;0.097;
18123;0.642;0.005;0.072;0.150;0.009;0.002;0.120;
18180;0.645;0.008;0.054;0.113;0.020;0.007;0.153;
18254;0.488;0.006;0.067;0.350;0.018;0.003;0.069;
18315;0.397;0.003;0.047;0.507;0.017;0.003;0.027;
18363;0.314;0.008;0.027;0.494;0.115;0.006;0.035;
18439;0.391;0.011;0.016;0.460;0.104;0.005;0.013;
18499;0.381;0.005;0.029;0.491;0.042;0.003;0.048;
18569;0.709;0.008;0.054;0.103;0.014;0.003;0.108;
18646;0.353;0.006;0.022;0.581;0.018;0.002;0.018;
18713;0.497;0.006;0.051;0.346;0.037;0.007;0.057;
18774;0.729;0.007;0.036;0.204;0.007;0.002;0.014;
18841;0.680;0.006;0.032;0.244;0.019;0.002;0.017;
18907;0.691;0.005;0.052;0.200;0.019;0.002;0.033;
18964;0.794;0.015;0.024;0.130;0.016;0.003;0.019;
19035;0.644;0.006;0.051;0.237;0.007;0.003;0.052;
19091;0.665;0.006;0.054;0.164;0.015;0.007;0.090;
19171;0.741;0.012;0.025;0.082;0.040;0.010;0.089;
19236;0.643;0.016;0.016;0.244;0.056;0.010;0.014;
19300;0.440;0.011;0.017;0.471;0.038;0.005;0.019;
19373;0.650;0.010;0.031;0.190;0.063;0.004;0.052;
19438;0.384;0.004;0.037;0.478;0.045;0.002;0.050;
19494;0.687;0.005;0.051;0.209;0.012;0.002;0.034;
19604;0.729;0.007;0.055;0.108;0.009;0.004;0.090;
19700;0.599;0.006;0.028;0.271;0.066;0.005;0.024;
20176;0.807;0.007;0.031;0.127;0.012;0.003;0.014;
20227;0.691;0.007;0.043;0.192;0.011;0.002;0.053;
20307;0.720;0.006;0.068;0.050;0.018;0.003;0.135;
20403;0.669;0.006;0.049;0.179;0.045;0.003;0.050;
20442;0.439;0.004;0.027;0.504;0.011;0.001;0.014;
20525;0.735;0.006;0.031;0.139;0.053;0.002;0.032;
20576;0.685;0.007;0.036;0.208;0.020;0.005;0.039;
20643;0.769;0.010;0.026;0.140;0.025;0.004;0.026;
20709;0.651;0.005;0.039;0.271;0.013;0.002;0.021;
20772;0.486;0.004;0.047;0.427;0.007;0.001;0.027;
20836;0.498;0.005;0.066;0.370;0.011;0.001;0.050;
20901;0.554;0.007;0.041;0.341;0.014;0.002;0.041;
20965;0.427;0.004;0.030;0.500;0.014;0.002;0.023;
21044;0.709;0.011;0.028;0.140;0.080;0.005;0.027;
21111;0.444;0.007;0.053;0.329;0.058;0.006;0.103;
21182;0.516;0.008;0.028;0.413;0.009;0.003;0.024;
21241;0.641;0.015;0.056;0.143;0.047;0.006;0.092;
21308;0.625;0.005;0.043;0.260;0.014;0.003;0.052;
21384;0.618;0.009;0.042;0.268;0.007;0.003;0.053;
21442;0.569;0.006;0.029;0.363;0.013;0.002;0.017;
21944;0.498;0.005;0.040;0.401;0.015;0.003;0.039;
21997;0.711;0.008;0.047;0.123;0.009;0.002;0.100;
22034;0.653;0.008;0.082;0.070;0.004;0.003;0.180;
22115;0.322;0.016;0.012;0.627;0.012;0.002;0.009;
22180;0.779;0.023;0.027;0.103;0.017;0.005;0.045;
22252;0.677;0.013;0.058;0.105;0.042;0.006;0.099;
22319;0.437;0.007;0.027;0.476;0.026;0.004;0.024;
22371;0.621;0.009;0.018;0.287;0.044;0.002;0.019;
22437;0.609;0.013;0.020;0.308;0.027;0.005;0.020;
22516;0.299;0.002;0.021;0.657;0.015;0.001;0.006;
22580;0.519;0.005;0.060;0.321;0.013;0.002;0.079;
22648;0.602;0.003;0.059;0.299;0.011;0.001;0.026;
22707;0.520;0.006;0.036;0.399;0.010;0.001;0.028;
22772;0.691;0.008;0.036;0.214;0.014;0.002;0.035;
22853;0.368;0.004;0.030;0.555;0.019;0.002;0.022;
22924;0.263;0.003;0.020;0.679;0.021;0.001;0.013;
22979;0.518;0.004;0.050;0.384;0.013;0.001;0.031;
23046;0.392;0.006;0.105;0.448;0.006;0.003;0.040;
23112;0.511;0.006;0.075;0.150;0.017;0.002;0.239;
23171;0.650;0.007;0.043;0.210;0.020;0.004;0.065;
23251;0.161;0.002;0.012;0.780;0.031;0.001;0.013;
23316;0.415;0.005;0.066;0.357;0.017;0.002;0.138;
23379;0.313;0.004;0.021;0.619;0.022;0.001;0.021;
23443;0.358;0.005;0.018;0.558;0.048;0.001;0.012;
23506;0.524;0.007;0.062;0.233;0.021;0.003;0.150;
23581;0.406;0.008;0.045;0.464;0.006;0.002;0.069;
23650;0.501;0.006;0.040;0.363;0.036;0.003;0.050;
23716;0.548;0.005;0.068;0.322;0.006;0.002;0.049;
23781;0.530;0.005;0.056;0.341;0.016;0.002;0.051;
23848;0.478;0.003;0.055;0.434;0.014;0.002;0.014;
23907;0.307;0.003;0.045;0.604;0.007;0.001;0.033;
24020;0.571;0.004;0.040;0.346;0.010;0.001;0.028;
24087;0.703;0.005;0.060;0.162;0.015;0.001;0.055;
24136;0.288;0.003;0.022;0.645;0.025;0.002;0.014;
24179;0.530;0.006;0.028;0.379;0.018;0.003;0.036;
24258;0.562;0.008;0.020;0.355;0.033;0.001;0.020;
24311;0.653;0.007;0.034;0.217;0.046;0.002;0.041;
24388;0.619;0.009;0.020;0.328;0.015;0.001;0.008;
24453;0.508;0.003;0.054;0.393;0.021;0.002;0.020;
24517;0.631;0.006;0.052;0.241;0.018;0.002;0.050;
24578;0.568;0.004;0.063;0.332;0.007;0.002;0.025;
24643;0.549;0.006;0.019;0.396;0.018;0.001;0.010;
24741;0.657;0.007;0.049;0.200;0.007;0.001;0.080;
24787;0.416;0.004;0.029;0.512;0.011;0.001;0.027;
24853;0.406;0.008;0.019;0.545;0.009;0.002;0.011;
24925;0.539;0.005;0.050;0.357;0.009;0.002;0.038;
24979;0.610;0.005;0.076;0.198;0.007;0.002;0.101;
25044;0.580;0.004;0.061;0.254;0.016;0.002;0.083;
25123;0.641;0.005;0.072;0.182;0.010;0.001;0.089;
25187;0.389;0.004;0.020;0.554;0.022;0.001;0.010;
25254;0.668;0.005;0.040;0.220;0.022;0.002;0.043;
25321;0.462;0.005;0.044;0.439;0.007;0.002;0.042;
25380;0.656;0.005;0.035;0.254;0.026;0.001;0.023;
25460;0.436;0.003;0.039;0.471;0.023;0.002;0.026;
25522;0.288;0.005;0.027;0.651;0.010;0.002;0.016;
25597;0.492;0.004;0.034;0.450;0.007;0.001;0.012;
25667;0.559;0.007;0.025;0.393;0.007;0.001;0.008;
25718;0.651;0.006;0.050;0.267;0.008;0.001;0.018;
25779;0.680;0.006;0.027;0.264;0.012;0.001;0.010;
25859;0.447;0.004;0.038;0.437;0.032;0.001;0.042;
25923;0.194;0.002;0.012;0.777;0.010;0.001;0.004;
25987;0.346;0.005;0.014;0.590;0.035;0.001;0.009;
26053;0.558;0.005;0.030;0.370;0.014;0.001;0.023;
26532;0.525;0.003;0.040;0.399;0.014;0.001;0.017;
26572;0.373;0.004;0.014;0.575;0.025;0.001;0.007;
26648;0.630;0.011;0.020;0.273;0.040;0.005;0.021;
26698;0.779;0.009;0.057;0.072;0.008;0.008;0.068;
26735;0.757;0.010;0.025;0.151;0.030;0.002;0.026;
26805;0.691;0.009;0.026;0.231;0.024;0.002;0.017;
26855;0.695;0.005;0.041;0.206;0.022;0.002;0.030;
26931;0.348;0.007;0.017;0.605;0.006;0.003;0.014;
27000;0.618;0.008;0.024;0.313;0.020;0.003;0.014;
27058;0.448;0.006;0.025;0.488;0.012;0.001;0.019;
27140;0.584;0.012;0.021;0.353;0.010;0.002;0.018;
27208;0.499;0.007;0.016;0.447;0.019;0.001;0.011;
27270;0.490;0.009;0.017;0.400;0.051;0.004;0.029;
27331;0.698;0.012;0.019;0.220;0.029;0.005;0.018;
27395;0.450;0.007;0.021;0.503;0.007;0.003;0.009;
27460;0.694;0.007;0.062;0.162;0.006;0.003;0.066;
27523;0.693;0.009;0.022;0.233;0.020;0.003;0.019;
27592;0.491;0.010;0.020;0.444;0.011;0.003;0.021;
27669;0.725;0.006;0.046;0.120;0.022;0.004;0.076;
27730;0.541;0.006;0.059;0.322;0.007;0.003;0.063;
27798;0.291;0.006;0.020;0.669;0.006;0.002;0.007;
27859;0.523;0.011;0.020;0.409;0.023;0.003;0.011;
27934;0.273;0.005;0.011;0.683;0.019;0.002;0.008;
28000;0.386;0.006;0.012;0.550;0.037;0.002;0.007;
28066;0.359;0.007;0.018;0.586;0.014;0.002;0.013;
28130;0.192;0.006;0.024;0.766;0.002;0.001;0.009;
28195;0.364;0.004;0.023;0.591;0.008;0.001;0.008;
28258;0.469;0.007;0.016;0.484;0.015;0.002;0.008;
28341;0.319;0.005;0.015;0.647;0.006;0.002;0.006;
28409;0.377;0.008;0.014;0.570;0.018;0.002;0.011;
28468;0.258;0.005;0.014;0.706;0.007;0.002;0.008;
28530;0.345;0.008;0.012;0.611;0.013;0.004;0.007;
28606;0.412;0.007;0.014;0.519;0.038;0.004;0.006;
28660;0.359;0.010;0.024;0.598;0.002;0.002;0.006;
28723;0.458;0.007;0.023;0.488;0.011;0.001;0.012;
28804;0.240;0.005;0.010;0.701;0.034;0.002;0.007;
28867;0.318;0.010;0.011;0.640;0.013;0.003;0.005;
28931;0.422;0.010;0.014;0.532;0.015;0.002;0.006;
28996;0.422;0.006;0.023;0.527;0.010;0.001;0.011;
29059;0.403;0.005;0.057;0.509;0.005;0.002;0.020;
29125;0.255;0.004;0.024;0.708;0.004;0.001;0.005;
29207;0.515;0.008;0.021;0.416;0.015;0.004;0.021;
29278;0.512;0.006;0.021;0.400;0.040;0.003;0.018;
29333;0.270;0.004;0.016;0.661;0.031;0.002;0.017;
29398;0.305;0.005;0.013;0.650;0.019;0.002;0.007;
29462;0.226;0.012;0.012;0.666;0.067;0.005;0.011;
29539;0.487;0.014;0.013;0.462;0.015;0.002;0.006;
29607;0.598;0.014;0.016;0.302;0.054;0.003;0.013;
29670;0.242;0.012;0.008;0.704;0.028;0.001;0.004;
29731;0.471;0.009;0.019;0.469;0.016;0.002;0.013;
29797;0.294;0.006;0.009;0.673;0.013;0.001;0.004;
29859;0.588;0.008;0.078;0.214;0.007;0.005;0.099;
29950;0.633;0.012;0.019;0.305;0.018;0.002;0.011;
30018;0.384;0.009;0.017;0.574;0.008;0.002;0.006;
30069;0.414;0.007;0.019;0.508;0.033;0.002;0.016;
30130;0.612;0.007;0.029;0.328;0.010;0.003;0.012;
30195;0.501;0.010;0.014;0.408;0.056;0.003;0.008;
30297;0.785;0.044;0.017;0.016;0.101;0.016;0.021;
30339;0.706;0.038;0.023;0.096;0.101;0.017;0.021;
30405;0.579;0.016;0.021;0.317;0.049;0.003;0.015;
30467;0.219;0.004;0.009;0.743;0.018;0.001;0.006;
30531;0.058;0.005;0.005;0.927;0.002;0.001;0.001;
30606;0.324;0.010;0.010;0.561;0.085;0.002;0.008;
30675;0.606;0.010;0.032;0.319;0.007;0.002;0.023;
30741;0.185;0.013;0.008;0.777;0.010;0.002;0.005;
30808;0.294;0.006;0.015;0.598;0.075;0.003;0.010;
30867;0.684;0.017;0.013;0.262;0.015;0.002;0.007;
30931;0.517;0.004;0.033;0.391;0.031;0.002;0.021;
31011;0.431;0.014;0.012;0.515;0.018;0.002;0.007;
31076;0.370;0.010;0.009;0.501;0.101;0.004;0.005;
31139;0.585;0.009;0.018;0.351;0.018;0.003;0.016;
31206;0.282;0.014;0.011;0.629;0.053;0.003;0.008;
31281;0.152;0.010;0.009;0.760;0.059;0.003;0.007;
31331;0.298;0.015;0.009;0.664;0.007;0.001;0.005;
31411;0.299;0.012;0.011;0.645;0.026;0.002;0.007;
31477;0.545;0.007;0.029;0.391;0.007;0.002;0.019;
31539;0.624;0.008;0.032;0.307;0.008;0.002;0.020;
31605;0.396;0.012;0.012;0.515;0.058;0.003;0.006;
31668;0.531;0.008;0.016;0.407;0.029;0.002;0.008;
31781;0.573;0.009;0.025;0.321;0.053;0.003;0.015;
31846;0.541;0.008;0.016;0.405;0.017;0.002;0.011;
31897;0.450;0.019;0.017;0.466;0.035;0.003;0.009;
31949;0.218;0.006;0.010;0.753;0.008;0.001;0.005;
32015;0.481;0.009;0.024;0.326;0.137;0.006;0.017;
32066;0.625;0.014;0.021;0.312;0.013;0.003;0.013;
32193;0.660;0.006;0.040;0.255;0.013;0.004;0.022;
32267;0.702;0.011;0.024;0.213;0.015;0.005;0.030;
32317;0.658;0.024;0.016;0.248;0.036;0.005;0.013;
32355;0.290;0.021;0.013;0.666;0.004;0.001;0.005;
32421;0.446;0.009;0.029;0.491;0.006;0.002;0.017;
32472;0.535;0.011;0.023;0.371;0.035;0.004;0.022;
32547;0.557;0.019;0.032;0.201;0.156;0.008;0.027;
32623;0.277;0.022;0.018;0.492;0.172;0.010;0.011;
32674;0.769;0.034;0.019;0.135;0.024;0.006;0.015;
32739;0.727;0.009;0.027;0.138;0.074;0.002;0.023;
32805;0.564;0.018;0.013;0.354;0.036;0.007;0.009;
32901;0.272;0.008;0.012;0.639;0.057;0.003;0.009;
32947;0.604;0.012;0.012;0.308;0.053;0.003;0.008;
33013;0.659;0.012;0.032;0.206;0.009;0.002;0.080;
33075;0.622;0.011;0.021;0.307;0.014;0.003;0.022;
33138;0.668;0.011;0.021;0.213;0.055;0.004;0.028;
33203;0.344;0.011;0.013;0.576;0.045;0.003;0.009;
33730;0.530;0.039;0.015;0.325;0.072;0.008;0.011;
33769;0.648;0.014;0.017;0.220;0.085;0.006;0.010;
33837;0.599;0.013;0.022;0.286;0.056;0.003;0.020;
33889;0.248;0.026;0.015;0.582;0.109;0.008;0.011;
33939;0.508;0.013;0.020;0.388;0.045;0.007;0.019;
34019;0.556;0.016;0.013;0.322;0.082;0.003;0.008;
34084;0.728;0.014;0.017;0.136;0.090;0.004;0.012;
34147;0.644;0.025;0.015;0.267;0.039;0.002;0.008;
34211;0.379;0.016;0.020;0.453;0.110;0.007;0.016;
34276;0.801;0.007;0.032;0.102;0.028;0.002;0.028;
34394;0.670;0.025;0.015;0.225;0.052;0.005;0.008;
34462;0.613;0.037;0.015;0.257;0.060;0.007;0.011;
34515;0.631;0.008;0.023;0.188;0.127;0.004;0.019;
34554;0.546;0.022;0.012;0.385;0.026;0.002;0.006;
34620;0.626;0.028;0.028;0.285;0.010;0.003;0.019;
34674;0.605;0.016;0.016;0.312;0.041;0.002;0.007;
34805;0.769;0.012;0.023;0.149;0.032;0.003;0.011;
34870;0.621;0.036;0.015;0.310;0.008;0.003;0.008;
34921;0.698;0.024;0.012;0.187;0.058;0.011;0.010;
34959;0.476;0.010;0.019;0.417;0.057;0.005;0.017;
35036;0.363;0.012;0.014;0.557;0.038;0.003;0.013;
35090;0.556;0.017;0.023;0.319;0.065;0.005;0.015;
35154;0.336;0.015;0.011;0.615;0.014;0.003;0.007;
35221;0.295;0.026;0.013;0.470;0.179;0.008;0.010;
35283;0.617;0.016;0.018;0.308;0.029;0.004;0.009;
35363;0.536;0.024;0.015;0.387;0.027;0.003;0.008;
35428;0.594;0.006;0.020;0.342;0.027;0.002;0.007;
35492;0.502;0.039;0.025;0.214;0.188;0.013;0.018;
35554;0.650;0.045;0.018;0.241;0.022;0.011;0.014;
35619;0.494;0.010;0.022;0.406;0.046;0.005;0.017;
35693;0.505;0.025;0.018;0.405;0.026;0.007;0.014;
35747;0.798;0.016;0.027;0.131;0.008;0.002;0.019;
35828;0.765;0.011;0.022;0.162;0.030;0.002;0.008;
35891;0.248;0.008;0.010;0.679;0.043;0.005;0.006;
35956;0.408;0.011;0.022;0.544;0.004;0.002;0.009;
36022;0.806;0.006;0.031;0.100;0.014;0.002;0.041;
36086;0.329;0.017;0.010;0.605;0.028;0.003;0.007;
36146;0.286;0.011;0.018;0.565;0.093;0.009;0.018;
36226;0.467;0.021;0.012;0.445;0.042;0.004;0.008;
36291;0.173;0.008;0.011;0.728;0.067;0.005;0.008;
36366;0.436;0.010;0.015;0.490;0.038;0.003;0.008;
36433;0.470;0.014;0.015;0.484;0.010;0.001;0.005;
36485;0.497;0.008;0.017;0.453;0.014;0.002;0.009;
36548;0.499;0.009;0.013;0.439;0.030;0.004;0.007;
36627;0.356;0.012;0.012;0.607;0.007;0.001;0.005;
36696;0.602;0.021;0.019;0.221;0.112;0.005;0.020;
36782;0.826;0.044;0.010;0.042;0.057;0.014;0.007;
36848;0.669;0.041;0.010;0.181;0.083;0.010;0.007;
36899;0.690;0.007;0.036;0.227;0.017;0.005;0.017;
36962;0.685;0.007;0.028;0.177;0.073;0.004;0.026;
37039;0.227;0.009;0.010;0.656;0.084;0.006;0.008;
37091;0.454;0.010;0.019;0.503;0.008;0.001;0.006;
37155;0.653;0.019;0.027;0.264;0.010;0.005;0.022;
37223;0.374;0.014;0.012;0.568;0.022;0.003;0.008;
37283;0.586;0.014;0.017;0.329;0.036;0.004;0.014;
37394;0.474;0.012;0.014;0.455;0.035;0.003;0.008;
37461;0.262;0.013;0.013;0.620;0.080;0.004;0.008;
37514;0.480;0.012;0.019;0.462;0.010;0.005;0.012;
37561;0.709;0.013;0.022;0.215;0.018;0.003;0.019;
37629;0.759;0.020;0.027;0.138;0.029;0.006;0.022;
37711;0.434;0.015;0.014;0.485;0.039;0.004;0.009;
37765;0.380;0.025;0.018;0.471;0.088;0.006;0.013;
37829;0.454;0.015;0.016;0.419;0.082;0.005;0.010;
37890;0.342;0.011;0.010;0.544;0.084;0.002;0.006;
37973;0.454;0.025;0.016;0.441;0.044;0.007;0.013;
38039;0.162;0.009;0.010;0.722;0.084;0.004;0.008;
38099;0.537;0.007;0.017;0.401;0.024;0.003;0.010;
38193;0.619;0.006;0.022;0.273;0.065;0.003;0.013;
38256;0.402;0.017;0.018;0.443;0.098;0.009;0.014;
38307;0.619;0.009;0.017;0.328;0.016;0.002;0.009;
38365;0.560;0.016;0.019;0.318;0.069;0.005;0.012;
38435;0.692;0.015;0.018;0.148;0.107;0.006;0.014;
38499;0.829;0.014;0.023;0.110;0.011;0.002;0.011;
38562;0.708;0.013;0.035;0.157;0.060;0.004;0.023;
38627;0.441;0.027;0.014;0.360;0.139;0.007;0.012;
38690;0.574;0.027;0.023;0.296;0.057;0.007;0.017;
38755;0.682;0.011;0.017;0.199;0.075;0.003;0.013;
38835;0.423;0.011;0.013;0.357;0.183;0.004;0.009;
38898;0.421;0.021;0.022;0.310;0.205;0.008;0.015;
38964;0.559;0.013;0.018;0.360;0.032;0.003;0.015;
39044;0.591;0.017;0.016;0.318;0.039;0.005;0.014;
39095;0.704;0.019;0.016;0.218;0.024;0.005;0.014;
39170;0.530;0.010;0.017;0.408;0.024;0.002;0.008;
39236;0.483;0.009;0.018;0.429;0.047;0.003;0.011;
39298;0.514;0.005;0.023;0.416;0.021;0.004;0.017;
39392;0.443;0.010;0.018;0.506;0.013;0.001;0.008;
39466;0.604;0.015;0.019;0.330;0.021;0.002;0.009;
39515;0.433;0.013;0.022;0.491;0.009;0.009;0.024;
39572;0.172;0.009;0.016;0.793;0.002;0.001;0.007;
39638;0.597;0.010;0.039;0.315;0.006;0.003;0.029;
39710;0.448;0.009;0.027;0.483;0.006;0.001;0.025;
39763;0.479;0.014;0.014;0.454;0.028;0.003;0.008;
39831;0.570;0.011;0.014;0.363;0.032;0.003;0.007;
39907;0.605;0.009;0.026;0.300;0.031;0.004;0.024;
39970;0.281;0.007;0.016;0.673;0.013;0.003;0.008;
40035;0.622;0.008;0.027;0.321;0.014;0.002;0.006;
40099;0.787;0.015;0.019;0.131;0.029;0.005;0.013;
40162;0.305;0.004;0.014;0.644;0.025;0.002;0.006;
40229;0.481;0.007;0.025;0.464;0.008;0.002;0.013;
40309;0.489;0.009;0.016;0.449;0.024;0.006;0.007;
40381;0.613;0.013;0.018;0.341;0.008;0.002;0.005;
40447;0.479;0.005;0.032;0.461;0.009;0.002;0.012;
40501;0.189;0.010;0.010;0.719;0.061;0.005;0.005;
40563;0.361;0.005;0.017;0.590;0.016;0.002;0.009;
40631;0.207;0.006;0.007;0.759;0.014;0.001;0.005;
40707;0.551;0.009;0.026;0.371;0.016;0.002;0.025;
40772;0.777;0.016;0.019;0.138;0.032;0.003;0.015;
40837;0.592;0.010;0.014;0.339;0.037;0.003;0.005;
40899;0.466;0.009;0.018;0.427;0.067;0.005;0.009;
40963;0.636;0.016;0.024;0.277;0.027;0.005;0.015;
41053;0.754;0.013;0.024;0.177;0.017;0.003;0.013;
41107;0.381;0.009;0.016;0.562;0.020;0.002;0.010;
41171;0.634;0.020;0.021;0.296;0.013;0.003;0.012;
41237;0.370;0.008;0.013;0.565;0.029;0.004;0.011;
41300;0.451;0.009;0.025;0.387;0.110;0.004;0.014;
41364;0.535;0.005;0.023;0.373;0.051;0.002;0.011;
41442;0.811;0.013;0.032;0.125;0.009;0.001;0.009;
41509;0.689;0.012;0.018;0.215;0.054;0.003;0.009;
41571;0.574;0.014;0.016;0.279;0.106;0.003;0.008;
41635;0.503;0.029;0.021;0.347;0.077;0.011;0.012;
41709;0.391;0.027;0.011;0.505;0.058;0.003;0.006;
41778;0.461;0.011;0.015;0.429;0.073;0.002;0.007;
41842;0.563;0.018;0.014;0.298;0.095;0.005;0.007;
41906;0.309;0.010;0.012;0.627;0.032;0.004;0.005;
41971;0.776;0.016;0.019;0.141;0.037;0.003;0.008;
42037;0.723;0.018;0.017;0.183;0.047;0.002;0.010;
42099;0.398;0.008;0.014;0.478;0.088;0.007;0.007;
42179;0.569;0.023;0.015;0.365;0.017;0.004;0.008;
42243;0.709;0.022;0.025;0.217;0.011;0.002;0.013;
42306;0.526;0.019;0.015;0.412;0.019;0.002;0.007;
42380;0.579;0.009;0.016;0.330;0.054;0.004;0.008;
42879;0.475;0.013;0.017;0.422;0.060;0.004;0.009;
42932;0.740;0.007;0.073;0.030;0.007;0.003;0.140;
42979;0.303;0.018;0.013;0.610;0.041;0.006;0.008;
43045;0.698;0.050;0.014;0.192;0.034;0.005;0.008;
43108;0.596;0.006;0.045;0.312;0.013;0.004;0.024;
43171;0.611;0.009;0.022;0.326;0.021;0.002;0.009;
43251;0.393;0.010;0.019;0.417;0.144;0.004;0.013;
43324;0.686;0.013;0.024;0.252;0.011;0.002;0.012;
43380;0.228;0.008;0.013;0.716;0.019;0.003;0.014;
43457;0.582;0.018;0.022;0.324;0.013;0.002;0.039;
43512;0.573;0.017;0.033;0.357;0.006;0.003;0.012;
43571;0.108;0.004;0.006;0.870;0.009;0.001;0.003;
43651;0.636;0.008;0.031;0.293;0.013;0.004;0.015;
43714;0.718;0.012;0.020;0.203;0.034;0.002;0.011;
43780;0.335;0.035;0.013;0.559;0.044;0.004;0.009;
43849;0.564;0.016;0.017;0.384;0.011;0.001;0.007;
43907;0.521;0.007;0.042;0.336;0.050;0.004;0.040;
44024;0.344;0.006;0.020;0.582;0.030;0.002;0.016;
44093;0.610;0.012;0.020;0.326;0.021;0.003;0.009;
44153;0.757;0.005;0.061;0.138;0.012;0.001;0.027;
44192;0.304;0.003;0.014;0.646;0.026;0.001;0.006;
44696;0.349;0.011;0.013;0.614;0.006;0.002;0.006;
44745;0.781;0.036;0.018;0.022;0.099;0.013;0.031;
44787;0.507;0.018;0.020;0.356;0.075;0.006;0.018;
44856;0.472;0.008;0.014;0.441;0.054;0.003;0.009;
44914;0.549;0.014;0.014;0.373;0.040;0.004;0.006;
44979;0.496;0.014;0.015;0.414;0.052;0.002;0.007;
45045;0.763;0.013;0.039;0.128;0.022;0.003;0.031;
45141;0.801;0.015;0.021;0.118;0.019;0.003;0.023;
45199;0.742;0.017;0.017;0.192;0.019;0.002;0.011;
45268;0.574;0.010;0.019;0.331;0.054;0.001;0.011;
45320;0.406;0.019;0.017;0.444;0.096;0.004;0.014;
45379;0.530;0.014;0.014;0.411;0.017;0.002;0.011;
45444;0.581;0.015;0.016;0.361;0.018;0.001;0.007;
45522;0.769;0.017;0.021;0.120;0.058;0.002;0.014;
45587;0.627;0.016;0.019;0.312;0.016;0.001;0.008;
45654;0.605;0.015;0.020;0.284;0.058;0.003;0.014;
45715;0.435;0.012;0.017;0.405;0.108;0.006;0.017;
45786;0.773;0.011;0.024;0.133;0.018;0.003;0.038;
45870;0.706;0.025;0.021;0.184;0.038;0.007;0.018;
45922;0.629;0.079;0.041;0.010;0.029;0.022;0.189;
45987;0.426;0.114;0.015;0.043;0.327;0.017;0.057;
46058;0.536;0.018;0.017;0.382;0.029;0.001;0.016;
46114;0.265;0.011;0.022;0.681;0.004;0.001;0.016;
46180;0.024;0.007;0.002;0.956;0.009;0.001;0.001;
46260;0.274;0.016;0.015;0.665;0.017;0.003;0.009;
46322;0.690;0.005;0.048;0.176;0.031;0.001;0.047;
46389;0.270;0.009;0.014;0.677;0.010;0.004;0.016;
46453;0.492;0.018;0.018;0.434;0.015;0.003;0.019;
46525;0.575;0.006;0.063;0.304;0.008;0.002;0.042;
46594;0.631;0.005;0.047;0.250;0.016;0.002;0.050;
46659;0.372;0.005;0.022;0.565;0.018;0.003;0.014;
46723;0.424;0.009;0.018;0.499;0.031;0.004;0.014;
46792;0.530;0.008;0.027;0.409;0.010;0.002;0.013;
46851;0.151;0.005;0.012;0.773;0.049;0.002;0.007;
46917;0.271;0.008;0.020;0.676;0.011;0.001;0.012;
46994;0.591;0.015;0.029;0.331;0.009;0.002;0.023;
47058;0.569;0.016;0.024;0.348;0.014;0.005;0.025;
47123;0.356;0.018;0.014;0.509;0.079;0.008;0.014;
47200;0.509;0.016;0.017;0.398;0.044;0.005;0.012;
47252;0.239;0.004;0.016;0.683;0.045;0.003;0.010;
47358;0.121;0.009;0.007;0.820;0.034;0.002;0.007;
47424;0.406;0.010;0.018;0.454;0.097;0.004;0.012;
47474;0.383;0.025;0.023;0.275;0.260;0.011;0.024;
47528;0.431;0.012;0.015;0.482;0.049;0.001;0.009;
47596;0.636;0.016;0.019;0.173;0.134;0.004;0.018;
47650;0.325;0.006;0.013;0.619;0.028;0.001;0.008;
47747;0.708;0.008;0.023;0.185;0.043;0.004;0.029;
47812;0.470;0.005;0.045;0.428;0.017;0.002;0.033;
48281;0.264;0.014;0.012;0.621;0.076;0.003;0.009;
48328;0.402;0.013;0.020;0.409;0.132;0.005;0.018;
48397;0.446;0.016;0.013;0.156;0.352;0.004;0.013;
48467;0.507;0.014;0.018;0.405;0.031;0.006;0.019;
48531;0.615;0.007;0.041;0.245;0.057;0.004;0.032;
48596;0.672;0.007;0.022;0.262;0.018;0.003;0.015;
48659;0.717;0.020;0.019;0.205;0.023;0.002;0.015;
48739;0.741;0.009;0.036;0.170;0.009;0.002;0.032;
48804;0.403;0.004;0.031;0.533;0.010;0.001;0.019;
48867;0.377;0.003;0.036;0.562;0.004;0.001;0.016;
48941;0.527;0.011;0.021;0.368;0.054;0.002;0.017;
49004;0.244;0.009;0.016;0.650;0.064;0.004;0.013;
49058;0.274;0.008;0.013;0.668;0.028;0.002;0.007;
49123;0.405;0.013;0.017;0.548;0.009;0.001;0.007;
49203;0.243;0.007;0.019;0.657;0.045;0.004;0.025;
49267;0.226;0.004;0.009;0.746;0.012;0.001;0.003;
49347;0.582;0.008;0.018;0.365;0.020;0.002;0.006;
49413;0.403;0.006;0.018;0.549;0.016;0.001;0.006;
49465;0.209;0.011;0.013;0.742;0.014;0.003;0.009;
49523;0.726;0.009;0.053;0.151;0.005;0.002;0.054;
49614;0.389;0.005;0.037;0.538;0.006;0.001;0.024;
49667;0.049;0.003;0.003;0.929;0.013;0.001;0.002;
49731;0.341;0.012;0.013;0.566;0.056;0.003;0.009;
49797;0.831;0.017;0.045;0.030;0.015;0.007;0.054;
49859;0.246;0.005;0.014;0.678;0.048;0.002;0.007;
49989;0.141;0.007;0.005;0.841;0.005;0.001;0.002;
50061;0.480;0.007;0.024;0.443;0.026;0.002;0.020;
50112;0.623;0.005;0.059;0.279;0.006;0.002;0.027;
50150;0.177;0.004;0.009;0.769;0.034;0.001;0.006;
50217;0.462;0.005;0.021;0.453;0.035;0.003;0.021;
50280;0.498;0.010;0.029;0.243;0.194;0.004;0.022;
50340;0.781;0.024;0.020;0.084;0.069;0.005;0.017;
50406;0.460;0.007;0.027;0.452;0.026;0.002;0.025;
50468;0.612;0.023;0.021;0.294;0.030;0.003;0.018;
50531;0.693;0.016;0.022;0.231;0.017;0.003;0.019;
50595;0.609;0.038;0.015;0.318;0.009;0.003;0.008;
50693;0.371;0.013;0.013;0.545;0.047;0.002;0.008;
50739;0.694;0.022;0.030;0.177;0.047;0.007;0.023;
50802;0.484;0.023;0.014;0.412;0.052;0.004;0.011;
50868;0.384;0.009;0.014;0.527;0.055;0.003;0.007;
50942;0.615;0.010;0.021;0.318;0.020;0.002;0.014;
51009;0.774;0.018;0.020;0.141;0.018;0.005;0.024;
51074;0.570;0.012;0.019;0.305;0.071;0.006;0.018;
51140;0.661;0.024;0.030;0.144;0.104;0.012;0.023;
51205;0.391;0.006;0.019;0.493;0.073;0.003;0.016;
51267;0.466;0.019;0.016;0.430;0.053;0.005;0.012;
51331;0.685;0.007;0.024;0.229;0.038;0.004;0.012;
51411;0.717;0.015;0.030;0.167;0.031;0.007;0.034;
51478;0.790;0.011;0.025;0.128;0.029;0.004;0.013;
51539;0.711;0.015;0.018;0.223;0.011;0.005;0.018;
51618;0.476;0.015;0.014;0.448;0.037;0.003;0.007;
51674;0.777;0.012;0.029;0.147;0.018;0.004;0.014;
51731;0.632;0.009;0.026;0.318;0.007;0.001;0.007;
51811;0.762;0.013;0.027;0.154;0.014;0.002;0.029;
51877;0.512;0.019;0.016;0.396;0.039;0.005;0.014;
51940;0.365;0.004;0.016;0.566;0.038;0.001;0.009;
52004;0.639;0.008;0.024;0.280;0.033;0.002;0.013;
52066;0.357;0.017;0.013;0.560;0.040;0.004;0.009;
52179;0.264;0.011;0.023;0.496;0.185;0.005;0.017;
52251;0.494;0.011;0.015;0.381;0.086;0.003;0.010;
52314;0.582;0.015;0.014;0.354;0.024;0.003;0.008;
52353;0.662;0.014;0.020;0.261;0.028;0.003;0.012;
52420;0.666;0.022;0.023;0.263;0.012;0.003;0.011;
52473;0.659;0.020;0.015;0.252;0.041;0.004;0.009;
52547;0.685;0.015;0.021;0.197;0.059;0.005;0.017;
52614;0.717;0.009;0.023;0.198;0.034;0.002;0.016;
52676;0.542;0.011;0.018;0.392;0.027;0.001;0.009;
52739;0.373;0.005;0.120;0.031;0.006;0.003;0.461;
52807;0.798;0.009;0.039;0.107;0.010;0.002;0.034;
52885;0.027;0.002;0.002;0.964;0.004;0.000;0.001;
52962;0.106;0.004;0.009;0.873;0.004;0.001;0.004;
53032;0.456;0.011;0.042;0.456;0.006;0.001;0.028;
53096;0.684;0.016;0.033;0.248;0.006;0.002;0.011;
53143;0.111;0.002;0.007;0.860;0.015;0.001;0.003;
53212;0.825;0.011;0.044;0.080;0.009;0.002;0.028;
53283;0.742;0.006;0.036;0.185;0.016;0.002;0.013;
53347;0.254;0.007;0.010;0.661;0.057;0.003;0.006;
53411;0.367;0.022;0.015;0.529;0.052;0.005;0.010;
53475;0.599;0.011;0.022;0.216;0.129;0.004;0.018;
53539;0.291;0.013;0.012;0.599;0.067;0.008;0.009;
53615;0.651;0.021;0.016;0.241;0.054;0.003;0.014;
53686;0.352;0.030;0.021;0.470;0.108;0.006;0.014;
53747;0.574;0.012;0.023;0.349;0.024;0.006;0.014;
53813;0.659;0.010;0.029;0.274;0.007;0.002;0.019;
53875;0.269;0.004;0.029;0.685;0.003;0.001;0.010;
53940;0.747;0.019;0.033;0.104;0.049;0.008;0.040;
54023;0.730;0.009;0.035;0.171;0.034;0.004;0.017;
54085;0.129;0.005;0.016;0.720;0.113;0.004;0.012;
54149;0.352;0.016;0.015;0.542;0.062;0.003;0.009;
54213;0.397;0.012;0.024;0.438;0.108;0.005;0.016;
54729;0.169;0.013;0.008;0.719;0.082;0.005;0.004;
54769;0.347;0.011;0.013;0.468;0.143;0.010;0.008;
54836;0.504;0.012;0.015;0.436;0.023;0.002;0.009;
54887;0.594;0.006;0.041;0.300;0.027;0.003;0.029;
54946;0.580;0.015;0.024;0.298;0.040;0.008;0.035;
55013;0.637;0.008;0.049;0.225;0.007;0.003;0.072;
55074;0.352;0.008;0.035;0.448;0.115;0.008;0.034;
55184;0.557;0.016;0.036;0.287;0.064;0.009;0.031;
55285;0.637;0.007;0.058;0.095;0.018;0.003;0.182;
55348;0.175;0.007;0.012;0.035;0.752;0.002;0.018;
55450;0.043;0.211;0.280;0.174;0.117;0.132;0.043;
55521;0.010;0.004;0.023;0.943;0.001;0.000;0.018;
55560;0.583;0.009;0.025;0.356;0.014;0.002;0.011;
55646;0.505;0.008;0.052;0.362;0.004;0.003;0.065;
55685;0.779;0.014;0.062;0.021;0.009;0.004;0.110;
55756;0.044;0.003;0.013;0.931;0.001;0.001;0.008;
55812;0.026;0.001;0.003;0.966;0.003;0.000;0.001;
56318;0.658;0.010;0.049;0.088;0.009;0.003;0.184;
56392;0.534;0.008;0.022;0.379;0.033;0.003;0.022;
56451;0.674;0.010;0.056;0.053;0.004;0.001;0.202;
56500;0.568;0.009;0.088;0.181;0.006;0.003;0.145;
56574;0.619;0.006;0.105;0.097;0.007;0.004;0.163;
56627;0.573;0.008;0.041;0.288;0.012;0.002;0.078;
56691;0.371;0.013;0.028;0.264;0.261;0.006;0.057;
56760;0.291;0.014;0.011;0.113;0.540;0.004;0.026;
56817;0.011;0.001;0.001;0.004;0.981;0.000;0.001;
56901;0.201;0.002;0.007;0.602;0.177;0.001;0.009;
56974;0.762;0.002;0.159;0.005;0.001;0.002;0.069;
57026;0.327;0.004;0.476;0.001;0.001;0.019;0.172;
57102;0.313;0.018;0.132;0.017;0.001;0.003;0.518;
57165;0.374;0.063;0.013;0.031;0.491;0.007;0.020;
57237;0.408;0.008;0.012;0.521;0.039;0.002;0.011;
57282;0.003;0.002;0.000;0.992;0.002;0.000;0.000;
57369;0.529;0.046;0.016;0.273;0.117;0.004;0.015;
57428;0.411;0.005;0.036;0.524;0.007;0.002;0.015;
57491;0.039;0.002;0.010;0.945;0.001;0.000;0.004;
57558;0.402;0.005;0.028;0.525;0.020;0.002;0.019;
57618;0.557;0.009;0.078;0.264;0.013;0.003;0.076;
57683;0.161;0.005;0.007;0.810;0.011;0.001;0.004;
57764;0.238;0.010;0.014;0.695;0.021;0.004;0.018;
57838;0.778;0.013;0.029;0.077;0.051;0.003;0.050;
57891;0.420;0.008;0.015;0.538;0.011;0.002;0.006;
57957;0.100;0.005;0.006;0.862;0.022;0.001;0.003;
58019;0.781;0.008;0.038;0.129;0.022;0.002;0.020;
58132;0.562;0.014;0.020;0.349;0.038;0.005;0.011;
58197;0.443;0.012;0.016;0.505;0.013;0.003;0.008;
58248;0.202;0.019;0.041;0.460;0.230;0.017;0.031;
58290;0.257;0.035;0.034;0.366;0.265;0.019;0.024;
58356;0.267;0.019;0.016;0.427;0.247;0.009;0.014;
58418;0.545;0.010;0.021;0.385;0.017;0.003;0.019;
58511;0.567;0.024;0.014;0.362;0.020;0.004;0.009;
58578;0.210;0.017;0.024;0.561;0.163;0.008;0.017;
58631;0.600;0.017;0.030;0.226;0.100;0.007;0.020;
58691;0.212;0.013;0.018;0.550;0.186;0.007;0.013;
58757;0.632;0.011;0.018;0.265;0.062;0.003;0.009;
