33;0.642;0.015;0.028;0.203;0.034;0.001;0.078;
85;0.713;0.023;0.032;0.117;0.025;0.001;0.088;
130;0.592;0.031;0.031;0.100;0.018;0.002;0.226;
197;0.760;0.021;0.017;0.154;0.016;0.001;0.031;
262;0.716;0.019;0.020;0.187;0.016;0.001;0.041;
381;0.573;0.021;0.023;0.310;0.020;0.001;0.052;
439;0.641;0.026;0.035;0.199;0.013;0.001;0.084;
489;0.605;0.026;0.030;0.216;0.012;0.001;0.110;
554;0.559;0.041;0.031;0.303;0.011;0.001;0.055;
625;0.534;0.031;0.023;0.334;0.009;0.001;0.068;
711;0.402;0.038;0.011;0.520;0.009;0.000;0.019;
764;0.393;0.106;0.012;0.458;0.012;0.001;0.018;
824;0.328;0.087;0.013;0.544;0.010;0.001;0.018;
900;0.142;0.109;0.009;0.691;0.028;0.003;0.017;
966;0.071;0.053;0.005;0.853;0.011;0.001;0.007;
1042;0.140;0.157;0.010;0.630;0.040;0.004;0.019;
1110;0.069;0.076;0.006;0.827;0.014;0.001;0.007;
1172;0.076;0.122;0.007;0.745;0.033;0.003;0.013;
1235;0.118;0.129;0.013;0.634;0.077;0.008;0.022;
1314;0.115;0.147;0.010;0.698;0.017;0.003;0.011;
1379;0.279;0.127;0.012;0.544;0.023;0.002;0.013;
1462;0.456;0.134;0.018;0.348;0.009;0.002;0.032;
1528;0.267;0.099;0.008;0.531;0.069;0.004;0.022;
1588;0.241;0.132;0.010;0.589;0.012;0.002;0.015;
1668;0.190;0.171;0.011;0.579;0.030;0.004;0.015;
1785;0.161;0.118;0.008;0.662;0.034;0.003;0.014;
1841;0.276;0.178;0.011;0.452;0.055;0.005;0.024;
1883;0.085;0.103;0.007;0.778;0.017;0.002;0.009;
1940;0.223;0.213;0.013;0.502;0.029;0.004;0.017;
2020;0.173;0.116;0.010;0.617;0.060;0.005;0.019;
2083;0.323;0.137;0.010;0.433;0.068;0.005;0.022;
2146;0.229;0.174;0.011;0.542;0.023;0.003;0.018;
2229;0.252;0.192;0.014;0.484;0.031;0.005;0.022;
2292;0.313;0.132;0.012;0.499;0.019;0.003;0.023;
2355;0.123;0.086;0.010;0.747;0.019;0.002;0.012;
2477;0.200;0.203;0.019;0.530;0.010;0.005;0.032;
2527;0.089;0.077;0.008;0.814;0.005;0.001;0.006;
2591;0.146;0.084;0.008;0.748;0.005;0.001;0.007;
2646;0.095;0.067;0.008;0.821;0.003;0.001;0.004;
2721;0.090;0.125;0.008;0.758;0.009;0.002;0.008;
2787;0.171;0.113;0.012;0.680;0.008;0.002;0.014;
2873;0.109;0.058;0.007;0.812;0.007;0.001;0.006;
2940;0.123;0.120;0.010;0.724;0.010;0.002;0.011;
3000;0.159;0.077;0.010;0.743;0.004;0.001;0.007;
3064;0.146;0.032;0.013;0.802;0.001;0.000;0.006;
3161;0.244;0.048;0.010;0.682;0.004;0.001;0.011;
3211;0.315;0.038;0.018;0.608;0.002;0.001;0.019;
3275;0.367;0.031;0.015;0.566;0.010;0.001;0.010;
3347;0.255;0.013;0.017;0.698;0.007;0.000;0.011;
3410;0.388;0.021;0.023;0.542;0.004;0.000;0.024;
3477;0.658;0.020;0.032;0.245;0.007;0.001;0.036;
3562;0.670;0.022;0.027;0.250;0.008;0.001;0.023;
3622;0.771;0.014;0.036;0.108;0.011;0.001;0.059;
3698;0.710;0.013;0.023;0.217;0.010;0.001;0.026;
3763;0.702;0.019;0.025;0.173;0.014;0.001;0.066;
3842;0.780;0.012;0.029;0.147;0.009;0.000;0.023;
3933;0.694;0.014;0.025;0.251;0.007;0.000;0.009;
3991;0.538;0.010;0.021;0.403;0.010;0.000;0.018;
4034;0.692;0.013;0.035;0.185;0.011;0.001;0.063;
4128;0.659;0.012;0.019;0.264;0.014;0.001;0.031;
4179;0.726;0.022;0.030;0.203;0.004;0.001;0.016;
4258;0.744;0.012;0.043;0.065;0.007;0.001;0.128;
4324;0.782;0.014;0.040;0.128;0.005;0.001;0.030;
4387;0.741;0.021;0.021;0.188;0.014;0.001;0.013;
4468;0.738;0.020;0.038;0.120;0.007;0.001;0.075;
4547;0.784;0.016;0.030;0.099;0.025;0.001;0.046;
4602;0.656;0.026;0.024;0.256;0.007;0.001;0.030;
4681;0.565;0.017;0.048;0.124;0.012;0.002;0.233;
4744;0.673;0.012;0.025;0.221;0.022;0.001;0.046;
4819;0.704;0.017;0.033;0.060;0.020;0.001;0.165;
4882;0.650;0.012;0.048;0.180;0.010;0.001;0.099;
4949;0.723;0.017;0.026;0.149;0.015;0.001;0.069;
5032;0.423;0.016;0.014;0.508;0.018;0.001;0.021;
5091;0.662;0.011;0.030;0.194;0.013;0.001;0.089;
5155;0.708;0.014;0.031;0.173;0.009;0.001;0.063;
5249;0.588;0.019;0.016;0.347;0.014;0.001;0.015;
5299;0.560;0.011;0.035;0.266;0.011;0.001;0.116;
5380;0.816;0.020;0.021;0.077;0.017;0.002;0.048;
5442;0.751;0.030;0.020;0.054;0.033;0.002;0.111;
5507;0.729;0.023;0.014;0.148;0.056;0.001;0.029;
5589;0.783;0.027;0.015;0.120;0.024;0.001;0.029;
5654;0.756;0.021;0.024;0.075;0.025;0.002;0.097;
5721;0.547;0.019;0.015;0.368;0.021;0.001;0.030;
5804;0.746;0.023;0.019;0.143;0.028;0.001;0.039;
5858;0.688;0.019;0.020;0.196;0.036;0.001;0.040;
5954;0.688;0.024;0.021;0.120;0.074;0.003;0.070;
6016;0.731;0.015;0.026;0.146;0.016;0.001;0.065;
6074;0.771;0.020;0.023;0.060;0.022;0.001;0.103;
6161;0.614;0.010;0.021;0.278;0.021;0.001;0.056;
6218;0.754;0.022;0.022;0.046;0.026;0.002;0.128;
6283;0.729;0.018;0.022;0.106;0.025;0.001;0.098;
6364;0.730;0.021;0.021;0.197;0.012;0.001;0.019;
6427;0.707;0.015;0.030;0.147;0.026;0.002;0.073;
6500;0.708;0.021;0.026;0.116;0.021;0.002;0.105;
6564;0.693;0.025;0.036;0.060;0.022;0.002;0.163;
6646;0.721;0.016;0.027;0.108;0.024;0.002;0.102;
6732;0.662;0.015;0.025;0.188;0.032;0.001;0.076;
6785;0.572;0.013;0.038;0.144;0.029;0.002;0.202;
6847;0.787;0.012;0.024;0.112;0.021;0.001;0.042;
6923;0.586;0.025;0.030;0.098;0.023;0.003;0.235;
6985;0.729;0.018;0.033;0.050;0.018;0.002;0.150;
7034;0.000;0.000;0.000;0.000;0.000;0.000;0.000;
7128;0.699;0.015;0.030;0.127;0.021;0.001;0.107;
7187;0.742;0.015;0.032;0.115;0.017;0.002;0.077;
7270;0.720;0.016;0.025;0.107;0.029;0.002;0.102;
7345;0.735;0.021;0.024;0.090;0.054;0.002;0.073;
7410;0.724;0.016;0.038;0.049;0.015;0.002;0.157;
7489;0.754;0.025;0.027;0.101;0.013;0.002;0.078;
7540;0.707;0.023;0.027;0.148;0.012;0.002;0.081;
7618;0.705;0.015;0.029;0.103;0.028;0.002;0.118;
7683;0.652;0.021;0.031;0.103;0.024;0.002;0.168;
7746;0.529;0.023;0.030;0.051;0.060;0.003;0.304;
7844;0.775;0.048;0.016;0.073;0.022;0.002;0.064;
7894;0.742;0.024;0.021;0.085;0.045;0.002;0.080;
7963;0.710;0.025;0.031;0.053;0.014;0.002;0.165;
8052;0.607;0.028;0.027;0.100;0.027;0.002;0.210;
8101;0.622;0.023;0.037;0.021;0.024;0.003;0.269;
8178;0.638;0.016;0.049;0.046;0.013;0.001;0.238;
8245;0.668;0.017;0.040;0.058;0.013;0.001;0.203;
8307;0.620;0.022;0.036;0.065;0.017;0.002;0.237;
8386;0.662;0.017;0.037;0.163;0.011;0.002;0.109;
8459;0.741;0.021;0.030;0.062;0.018;0.002;0.127;
8528;0.701;0.014;0.036;0.101;0.024;0.002;0.122;
8598;0.682;0.018;0.046;0.079;0.010;0.002;0.165;
8660;0.634;0.018;0.033;0.114;0.026;0.001;0.174;
8754;0.730;0.022;0.036;0.078;0.014;0.001;0.118;
8803;0.641;0.012;0.030;0.200;0.012;0.001;0.104;
8868;0.559;0.010;0.040;0.296;0.006;0.001;0.088;
8947;0.692;0.013;0.031;0.138;0.016;0.002;0.109;
8991;0.000;0.000;0.000;0.000;0.000;0.000;0.000;
9078;0.621;0.016;0.019;0.290;0.011;0.001;0.042;
9154;0.532;0.024;0.055;0.106;0.006;0.002;0.275;
9220;0.593;0.017;0.050;0.156;0.011;0.001;0.172;
9299;0.558;0.017;0.032;0.096;0.032;0.002;0.263;
9363;0.649;0.016;0.030;0.160;0.018;0.001;0.125;
9442;0.703;0.016;0.036;0.077;0.023;0.001;0.144;
9518;0.601;0.018;0.026;0.289;0.011;0.001;0.054;
9578;0.697;0.020;0.047;0.050;0.010;0.001;0.176;
9615;0.000;0.000;0.000;0.000;0.000;0.000;0.000;
9714;0.685;0.019;0.019;0.182;0.026;0.002;0.068;
9778;0.746;0.019;0.031;0.088;0.017;0.002;0.097;
9833;0.000;0.000;0.000;0.000;0.000;0.000;0.000;
9927;0.621;0.021;0.033;0.063;0.023;0.002;0.237;
9991;0.691;0.013;0.035;0.163;0.018;0.001;0.080;
10072;0.553;0.014;0.032;0.161;0.053;0.002;0.186;
10150;0.685;0.011;0.035;0.102;0.017;0.001;0.149;
10169;0.000;0.000;0.000;0.000;0.000;0.000;0.000;
10248;0.000;0.000;0.000;0.000;0.000;0.000;0.000;
10360;0.819;0.024;0.023;0.041;0.017;0.002;0.075;
10421;0.774;0.016;0.029;0.072;0.027;0.002;0.080;
10483;0.674;0.022;0.029;0.071;0.030;0.002;0.173;
10546;0.785;0.022;0.032;0.067;0.007;0.001;0.086;
10633;0.685;0.015;0.025;0.156;0.020;0.001;0.097;
10700;0.590;0.021;0.034;0.158;0.019;0.001;0.177;
10755;0.679;0.024;0.025;0.138;0.031;0.001;0.102;
10852;0.747;0.019;0.018;0.133;0.029;0.001;0.053;
10899;0.701;0.026;0.027;0.066;0.045;0.002;0.134;
10996;0.781;0.014;0.023;0.100;0.019;0.001;0.062;
11047;0.662;0.014;0.032;0.179;0.014;0.001;0.098;
11118;0.647;0.022;0.017;0.259;0.038;0.001;0.018;
11186;0.678;0.026;0.018;0.182;0.062;0.001;0.033;
11251;0.768;0.023;0.027;0.042;0.026;0.002;0.112;
11315;0.584;0.015;0.039;0.112;0.023;0.002;0.225;
11398;0.744;0.016;0.029;0.078;0.029;0.002;0.102;
11433;0.000;0.000;0.000;0.000;0.000;0.000;0.000;
11497;0.000;0.000;0.000;0.000;0.000;0.000;0.000;
11629;0.696;0.012;0.040;0.126;0.014;0.001;0.110;
11680;0.700;0.018;0.027;0.110;0.043;0.001;0.100;
11753;0.605;0.015;0.049;0.074;0.019;0.002;0.236;
11811;0.720;0.012;0.031;0.134;0.013;0.001;0.089;
11878;0.622;0.013;0.025;0.247;0.020;0.001;0.073;
11954;0.608;0.017;0.045;0.056;0.019;0.001;0.254;
12018;0.628;0.016;0.025;0.240;0.016;0.001;0.073;
12095;0.519;0.012;0.049;0.067;0.016;0.002;0.335;
12144;0.000;0.000;0.000;0.000;0.000;0.000;0.000;
12200;0.000;0.000;0.000;0.000;0.000;0.000;0.000;
12290;0.000;0.000;0.000;0.000;0.000;0.000;0.000;
12377;0.582;0.012;0.053;0.109;0.017;0.001;0.226;
12447;0.588;0.015;0.050;0.103;0.019;0.001;0.224;
12521;0.695;0.012;0.044;0.112;0.010;0.002;0.125;
12584;0.514;0.017;0.045;0.027;0.013;0.002;0.382;
12649;0.576;0.014;0.052;0.085;0.020;0.002;0.252;
12702;0.000;0.000;0.000;0.000;0.000;0.000;0.000;
12794;0.634;0.013;0.034;0.079;0.040;0.002;0.197;
12871;0.680;0.018;0.036;0.065;0.020;0.002;0.179;
12958;0.652;0.015;0.053;0.043;0.020;0.002;0.215;
13011;0.698;0.019;0.031;0.110;0.020;0.002;0.120;
13052;0.000;0.000;0.000;0.000;0.000;0.000;0.000;
13120;0.000;0.000;0.000;0.000;0.000;0.000;0.000;
13204;0.575;0.025;0.043;0.023;0.013;0.002;0.320;
13290;0.757;0.023;0.025;0.112;0.019;0.002;0.061;
13348;0.722;0.018;0.030;0.063;0.034;0.002;0.131;
13400;0.000;0.000;0.000;0.000;0.000;0.000;0.000;
13465;0.000;0.000;0.000;0.000;0.000;0.000;0.000;
13552;0.000;0.000;0.000;0.000;0.000;0.000;0.000;
13608;0.000;0.000;0.000;0.000;0.000;0.000;0.000;
13698;0.697;0.019;0.029;0.092;0.014;0.002;0.147;
13763;0.712;0.013;0.030;0.096;0.017;0.001;0.131;
13850;0.657;0.013;0.039;0.104;0.013;0.001;0.172;
13915;0.542;0.020;0.039;0.065;0.023;0.002;0.308;
13987;0.760;0.019;0.027;0.113;0.026;0.001;0.055;
14051;0.781;0.018;0.031;0.065;0.015;0.001;0.088;
14089;0.000;0.000;0.000;0.000;0.000;0.000;0.000;
14219;0.750;0.024;0.035;0.022;0.013;0.002;0.154;
14268;0.789;0.013;0.034;0.050;0.015;0.001;0.097;
14349;0.593;0.021;0.051;0.029;0.012;0.002;0.293;
14402;0.724;0.015;0.033;0.075;0.022;0.001;0.130;
14466;0.593;0.022;0.037;0.039;0.018;0.002;0.290;
14547;0.783;0.019;0.027;0.096;0.026;0.002;0.048;
14611;0.697;0.026;0.032;0.041;0.032;0.002;0.171;
14680;0.559;0.018;0.050;0.038;0.011;0.002;0.321;
14754;0.744;0.025;0.027;0.058;0.027;0.001;0.118;
14819;0.757;0.022;0.021;0.072;0.054;0.003;0.070;
14888;0.705;0.016;0.035;0.077;0.021;0.002;0.144;
14970;0.610;0.021;0.021;0.251;0.064;0.002;0.032;
15043;0.776;0.019;0.031;0.057;0.013;0.002;0.101;
15108;0.765;0.012;0.032;0.116;0.016;0.001;0.058;
15169;0.783;0.015;0.030;0.083;0.013;0.001;0.075;
15208;0.000;0.000;0.000;0.000;0.000;0.000;0.000;
15319;0.742;0.016;0.035;0.056;0.028;0.001;0.122;
15391;0.804;0.013;0.025;0.083;0.012;0.001;0.062;
15443;0.826;0.016;0.026;0.062;0.011;0.001;0.059;
15523;0.769;0.017;0.029;0.038;0.020;0.001;0.125;
15587;0.785;0.013;0.030;0.038;0.026;0.001;0.107;
15667;0.759;0.023;0.021;0.066;0.048;0.002;0.082;
15760;0.561;0.026;0.040;0.034;0.037;0.002;0.300;
15808;0.691;0.030;0.030;0.020;0.034;0.003;0.193;
15879;0.745;0.026;0.025;0.054;0.039;0.001;0.109;
15950;0.588;0.017;0.032;0.093;0.042;0.002;0.226;
16010;0.476;0.020;0.041;0.032;0.043;0.003;0.385;
16089;0.751;0.023;0.026;0.059;0.040;0.002;0.098;
16158;0.780;0.016;0.027;0.056;0.045;0.002;0.074;
16227;0.763;0.020;0.028;0.073;0.055;0.003;0.059;
16291;0.788;0.018;0.039;0.024;0.007;0.002;0.121;
16360;0.729;0.022;0.028;0.067;0.044;0.001;0.108;
16460;0.701;0.023;0.025;0.065;0.063;0.003;0.121;
16502;0.700;0.015;0.024;0.136;0.038;0.001;0.085;
16566;0.732;0.018;0.031;0.070;0.063;0.002;0.084;
16647;0.696;0.020;0.029;0.047;0.021;0.003;0.184;
16707;0.717;0.015;0.037;0.034;0.026;0.002;0.168;
16786;0.789;0.015;0.025;0.051;0.036;0.002;0.082;
16850;0.619;0.015;0.043;0.053;0.018;0.002;0.250;
16914;0.682;0.016;0.042;0.074;0.038;0.003;0.146;
17002;0.683;0.013;0.047;0.082;0.030;0.002;0.142;
17063;0.688;0.022;0.040;0.031;0.021;0.003;0.196;
17140;0.670;0.016;0.035;0.096;0.047;0.001;0.135;
17206;0.585;0.016;0.045;0.048;0.051;0.002;0.254;
17268;0.676;0.015;0.049;0.065;0.025;0.002;0.168;
17347;0.724;0.023;0.031;0.053;0.029;0.002;0.139;
17416;0.773;0.023;0.039;0.024;0.018;0.002;0.121;
17478;0.677;0.017;0.047;0.035;0.011;0.002;0.212;
17554;0.486;0.015;0.044;0.094;0.027;0.002;0.331;
17617;0.498;0.018;0.040;0.066;0.045;0.003;0.329;
17682;0.597;0.016;0.029;0.202;0.020;0.002;0.135;
17763;0.649;0.012;0.032;0.244;0.015;0.001;0.047;
17844;0.699;0.016;0.053;0.036;0.007;0.002;0.186;
17907;0.520;0.015;0.044;0.110;0.027;0.002;0.282;
17970;0.561;0.025;0.052;0.059;0.011;0.001;0.290;
18008;0.000;0.000;0.000;0.000;0.000;0.000;0.000;
18121;0.639;0.015;0.054;0.092;0.011;0.001;0.188;
18185;0.396;0.012;0.054;0.133;0.013;0.002;0.390;
18242;0.735;0.012;0.037;0.102;0.024;0.002;0.089;
18329;0.539;0.013;0.043;0.093;0.023;0.002;0.287;
18393;0.744;0.024;0.025;0.060;0.036;0.001;0.109;
18485;0.596;0.016;0.041;0.085;0.022;0.002;0.238;
18577;0.556;0.014;0.056;0.037;0.029;0.003;0.305;
18628;0.477;0.010;0.058;0.038;0.023;0.002;0.393;
18691;0.428;0.015;0.046;0.032;0.039;0.002;0.436;
18749;0.591;0.017;0.041;0.098;0.027;0.002;0.225;
18812;0.391;0.013;0.054;0.095;0.032;0.002;0.414;
18884;0.536;0.012;0.056;0.091;0.024;0.002;0.279;
18948;0.492;0.014;0.058;0.041;0.046;0.004;0.346;
19029;0.427;0.015;0.054;0.063;0.038;0.002;0.401;
19102;0.608;0.019;0.049;0.020;0.021;0.005;0.278;
19164;0.624;0.020;0.042;0.061;0.023;0.002;0.228;
19266;0.671;0.019;0.034;0.039;0.027;0.003;0.206;
19315;0.792;0.018;0.039;0.028;0.014;0.002;0.107;
19372;0.761;0.016;0.035;0.077;0.019;0.002;0.090;
19446;0.672;0.021;0.034;0.039;0.023;0.002;0.210;
19506;0.710;0.023;0.025;0.101;0.040;0.002;0.099;
19587;0.744;0.024;0.026;0.078;0.032;0.001;0.095;
19653;0.800;0.023;0.021;0.095;0.017;0.001;0.043;
19724;0.693;0.021;0.040;0.044;0.016;0.002;0.184;
19796;0.747;0.014;0.030;0.105;0.028;0.001;0.075;
19870;0.799;0.018;0.031;0.055;0.024;0.001;0.072;
19937;0.668;0.016;0.049;0.024;0.014;0.002;0.228;
20006;0.783;0.019;0.040;0.027;0.040;0.002;0.089;
20078;0.703;0.013;0.032;0.078;0.045;0.003;0.126;
20147;0.604;0.025;0.030;0.095;0.044;0.003;0.199;
20219;0.719;0.026;0.036;0.040;0.021;0.002;0.155;
20282;0.544;0.016;0.050;0.056;0.035;0.003;0.297;
20354;0.702;0.012;0.042;0.110;0.021;0.001;0.112;
20424;0.652;0.017;0.044;0.050;0.022;0.002;0.212;
20484;0.610;0.017;0.042;0.111;0.032;0.002;0.186;
20562;0.693;0.014;0.045;0.047;0.049;0.002;0.150;
20641;0.557;0.016;0.057;0.025;0.041;0.003;0.300;
20706;0.626;0.016;0.045;0.055;0.025;0.003;0.229;
20780;0.562;0.014;0.047;0.084;0.018;0.002;0.274;
20838;0.456;0.015;0.051;0.081;0.064;0.003;0.331;
20902;0.000;0.000;0.000;0.000;0.000;0.000;0.000;
20979;0.301;0.018;0.059;0.018;0.014;0.002;0.588;
21042;0.529;0.018;0.059;0.079;0.029;0.002;0.284;
21111;0.000;0.000;0.000;0.000;0.000;0.000;0.000;
21187;0.512;0.017;0.059;0.149;0.017;0.002;0.244;
21279;0.685;0.018;0.042;0.035;0.029;0.002;0.189;
21360;0.595;0.020;0.055;0.071;0.012;0.001;0.245;
21405;0.655;0.013;0.030;0.172;0.029;0.001;0.099;
21450;0.000;0.000;0.000;0.000;0.000;0.000;0.000;
21553;0.674;0.013;0.037;0.104;0.020;0.003;0.150;
21603;0.681;0.018;0.034;0.087;0.061;0.003;0.116;
21683;0.669;0.016;0.040;0.072;0.017;0.002;0.183;
21747;0.793;0.027;0.023;0.055;0.023;0.002;0.078;
21829;0.751;0.018;0.025;0.076;0.027;0.002;0.101;
21897;0.692;0.017;0.029;0.098;0.025;0.001;0.137;
21955;0.759;0.021;0.024;0.069;0.044;0.002;0.081;
22011;0.000;0.000;0.000;0.000;0.000;0.000;0.000;
22100;0.704;0.015;0.048;0.065;0.011;0.001;0.155;
22163;0.797;0.023;0.029;0.054;0.014;0.001;0.082;
22217;0.000;0.000;0.000;0.000;0.000;0.000;0.000;
22326;0.650;0.019;0.041;0.043;0.027;0.002;0.219;
22389;0.825;0.024;0.033;0.036;0.019;0.001;0.062;
22459;0.665;0.014;0.040;0.047;0.023;0.002;0.209;
22515;0.705;0.026;0.045;0.032;0.022;0.002;0.168;
22595;0.485;0.025;0.050;0.026;0.108;0.004;0.303;
22660;0.516;0.024;0.039;0.062;0.076;0.002;0.279;
22699;0.000;0.000;0.000;0.000;0.000;0.000;0.000;
22818;0.661;0.023;0.030;0.064;0.108;0.002;0.111;
22868;0.747;0.026;0.022;0.084;0.053;0.002;0.065;
22951;0.683;0.015;0.037;0.064;0.032;0.001;0.168;
23011;0.728;0.019;0.052;0.051;0.019;0.002;0.130;
23080;0.759;0.019;0.023;0.097;0.065;0.001;0.036;
23154;0.743;0.015;0.055;0.031;0.052;0.004;0.100;
23219;0.780;0.029;0.037;0.034;0.026;0.002;0.092;
23289;0.644;0.024;0.034;0.036;0.078;0.002;0.181;
23364;0.630;0.016;0.038;0.073;0.056;0.002;0.185;
23453;0.668;0.025;0.045;0.033;0.050;0.002;0.176;
23504;0.630;0.014;0.043;0.064;0.037;0.002;0.212;
23571;0.751;0.018;0.042;0.048;0.046;0.002;0.094;
23634;0.659;0.019;0.047;0.045;0.037;0.002;0.190;
23716;0.733;0.016;0.044;0.088;0.021;0.001;0.096;
23779;0.560;0.018;0.049;0.061;0.027;0.002;0.284;
23843;0.482;0.018;0.049;0.059;0.019;0.002;0.369;
23922;0.545;0.018;0.047;0.059;0.041;0.002;0.288;
23998;0.677;0.021;0.050;0.057;0.014;0.001;0.179;
24051;0.586;0.023;0.047;0.030;0.026;0.002;0.286;
24169;0.709;0.020;0.049;0.032;0.032;0.002;0.156;
24211;0.730;0.021;0.042;0.032;0.021;0.001;0.153;
24275;0.733;0.017;0.038;0.062;0.018;0.001;0.129;
24339;0.679;0.019;0.032;0.048;0.053;0.002;0.168;
24402;0.685;0.013;0.030;0.144;0.033;0.001;0.094;
24493;0.784;0.022;0.027;0.030;0.030;0.002;0.104;
24555;0.689;0.017;0.026;0.092;0.048;0.001;0.127;
24611;0.628;0.019;0.036;0.051;0.061;0.002;0.203;
24698;0.557;0.019;0.054;0.018;0.019;0.003;0.331;
24760;0.556;0.019;0.040;0.051;0.024;0.002;0.308;
24870;0.636;0.013;0.046;0.050;0.023;0.002;0.230;
24922;0.600;0.019;0.040;0.067;0.031;0.002;0.241;
24974;0.607;0.013;0.049;0.069;0.025;0.002;0.236;
25051;0.523;0.017;0.045;0.067;0.071;0.003;0.274;
25115;0.616;0.014;0.047;0.073;0.017;0.002;0.231;
25183;0.560;0.014;0.048;0.060;0.025;0.002;0.293;
25255;0.630;0.013;0.045;0.095;0.025;0.002;0.191;
25318;0.412;0.018;0.066;0.058;0.014;0.002;0.430;
25402;0.493;0.016;0.058;0.038;0.014;0.002;0.378;
25466;0.587;0.013;0.050;0.125;0.025;0.002;0.198;
25572;0.655;0.014;0.049;0.101;0.033;0.002;0.147;
25628;0.489;0.013;0.060;0.046;0.015;0.002;0.376;
25648;0.000;0.000;0.000;0.000;0.000;0.000;0.000;
25733;0.593;0.011;0.043;0.197;0.030;0.001;0.126;
25810;0.554;0.014;0.050;0.214;0.017;0.001;0.150;
25877;0.332;0.017;0.065;0.052;0.022;0.002;0.509;
25955;0.230;0.017;0.058;0.054;0.014;0.002;0.624;
26020;0.405;0.015;0.070;0.059;0.011;0.002;0.438;
26086;0.456;0.015;0.047;0.054;0.032;0.002;0.393;
26175;0.459;0.020;0.053;0.024;0.032;0.003;0.409;
26259;0.518;0.022;0.050;0.033;0.041;0.004;0.333;
26304;0.585;0.019;0.044;0.015;0.022;0.003;0.312;
26370;0.355;0.016;0.060;0.012;0.035;0.003;0.518;
26434;0.595;0.018;0.037;0.089;0.071;0.002;0.188;
26515;0.490;0.010;0.052;0.171;0.022;0.002;0.253;
26581;0.381;0.014;0.050;0.114;0.030;0.002;0.409;
26647;0.469;0.014;0.064;0.087;0.014;0.002;0.351;
26727;0.389;0.017;0.062;0.031;0.025;0.002;0.474;
26786;0.455;0.012;0.075;0.045;0.015;0.002;0.396;
26853;0.193;0.016;0.072;0.023;0.010;0.002;0.684;
26945;0.328;0.014;0.064;0.091;0.014;0.002;0.486;
26994;0.615;0.014;0.042;0.062;0.025;0.002;0.240;
27075;0.557;0.016;0.045;0.060;0.020;0.001;0.300;
27139;0.546;0.016;0.054;0.041;0.033;0.003;0.307;
27210;0.551;0.013;0.043;0.164;0.024;0.002;0.203;
27290;0.489;0.011;0.048;0.211;0.024;0.001;0.216;
27326;0.000;0.000;0.000;0.000;0.000;0.000;0.000;
27410;0.291;0.012;0.055;0.040;0.018;0.002;0.582;
27491;0.400;0.013;0.068;0.064;0.040;0.002;0.412;
27555;0.479;0.016;0.056;0.046;0.028;0.002;0.374;
27675;0.372;0.017;0.073;0.189;0.016;0.003;0.331;
27721;0.454;0.014;0.063;0.064;0.010;0.002;0.394;
27772;0.341;0.013;0.065;0.023;0.017;0.002;0.540;
27844;0.392;0.012;0.056;0.094;0.021;0.002;0.423;
27908;0.262;0.013;0.049;0.064;0.031;0.002;0.579;
27970;0.686;0.019;0.044;0.058;0.059;0.002;0.132;
28052;0.694;0.018;0.040;0.039;0.045;0.003;0.161;
28116;0.576;0.013;0.056;0.069;0.026;0.002;0.258;
28194;0.772;0.018;0.028;0.047;0.038;0.002;0.095;
28261;0.609;0.018;0.052;0.025;0.021;0.002;0.273;
28345;0.524;0.034;0.054;0.014;0.049;0.003;0.322;
28408;0.558;0.021;0.037;0.119;0.038;0.002;0.225;
28466;0.640;0.014;0.056;0.054;0.026;0.001;0.209;
28531;0.724;0.020;0.035;0.060;0.025;0.001;0.134;
28611;0.534;0.020;0.059;0.032;0.040;0.003;0.313;
28682;0.634;0.016;0.042;0.051;0.050;0.002;0.204;
28765;0.584;0.015;0.065;0.019;0.036;0.003;0.277;
28826;0.402;0.021;0.056;0.017;0.027;0.002;0.475;
28891;0.681;0.015;0.051;0.055;0.025;0.001;0.170;
28967;0.404;0.013;0.060;0.119;0.021;0.002;0.380;
29049;0.344;0.011;0.072;0.026;0.022;0.002;0.522;
29108;0.409;0.013;0.063;0.048;0.019;0.002;0.447;
29170;0.642;0.013;0.049;0.061;0.015;0.002;0.219;
29235;0.427;0.015;0.059;0.033;0.026;0.002;0.438;
29318;0.559;0.013;0.065;0.043;0.040;0.002;0.278;
29385;0.538;0.021;0.060;0.034;0.032;0.002;0.314;
29448;0.690;0.012;0.049;0.095;0.039;0.001;0.113;
29529;0.592;0.011;0.061;0.071;0.027;0.002;0.236;
29585;0.652;0.017;0.064;0.016;0.027;0.002;0.223;
29657;0.602;0.014;0.078;0.036;0.020;0.001;0.249;
29746;0.586;0.017;0.061;0.040;0.033;0.001;0.262;
29808;0.531;0.012;0.088;0.046;0.024;0.001;0.298;
29882;0.706;0.010;0.069;0.084;0.020;0.001;0.111;
29938;0.713;0.017;0.073;0.019;0.028;0.002;0.149;
30003;0.665;0.018;0.050;0.026;0.078;0.002;0.161;
30083;0.500;0.006;0.079;0.084;0.013;0.001;0.317;
30148;0.619;0.008;0.068;0.150;0.028;0.001;0.126;
30246;0.580;0.008;0.069;0.129;0.016;0.001;0.197;
30296;0.445;0.009;0.078;0.069;0.011;0.001;0.388;
30358;0.214;0.011;0.082;0.062;0.014;0.002;0.615;
30475;0.442;0.009;0.078;0.101;0.014;0.001;0.355;
30545;0.384;0.014;0.070;0.039;0.009;0.002;0.483;
30594;0.449;0.010;0.084;0.095;0.012;0.001;0.350;
30646;0.470;0.010;0.085;0.035;0.007;0.001;0.391;
30711;0.672;0.008;0.049;0.161;0.026;0.001;0.083;
30775;0.490;0.011;0.073;0.047;0.017;0.001;0.361;
30873;0.304;0.011;0.072;0.019;0.015;0.002;0.578;
30937;0.415;0.012;0.069;0.098;0.041;0.001;0.363;
31002;0.305;0.010;0.062;0.079;0.019;0.001;0.525;
31075;0.405;0.011;0.091;0.047;0.007;0.001;0.438;
31162;0.429;0.011;0.093;0.030;0.029;0.001;0.407;
31219;0.430;0.009;0.075;0.099;0.020;0.001;0.366;
31274;0.687;0.009;0.053;0.114;0.018;0.001;0.118;
31341;0.547;0.010;0.059;0.089;0.019;0.001;0.275;
31411;0.387;0.011;0.056;0.079;0.028;0.002;0.437;
31486;0.382;0.018;0.061;0.033;0.031;0.002;0.474;
31558;0.217;0.016;0.064;0.012;0.042;0.003;0.645;
31625;0.613;0.012;0.066;0.036;0.044;0.002;0.228;
31685;0.741;0.010;0.058;0.067;0.025;0.001;0.098;
31770;0.560;0.013;0.074;0.126;0.016;0.001;0.210;
31854;0.634;0.011;0.058;0.133;0.027;0.001;0.135;
31874;0.000;0.000;0.000;0.000;0.000;0.000;0.000;
31976;0.500;0.013;0.062;0.030;0.040;0.002;0.354;
32036;0.592;0.012;0.059;0.081;0.039;0.001;0.216;
32114;0.555;0.015;0.064;0.035;0.079;0.002;0.250;
32185;0.361;0.012;0.068;0.025;0.043;0.002;0.488;
32242;0.665;0.011;0.059;0.038;0.017;0.001;0.209;
32323;0.683;0.009;0.063;0.055;0.014;0.001;0.174;
32400;0.583;0.012;0.073;0.033;0.026;0.001;0.271;
32451;0.621;0.011;0.062;0.026;0.028;0.001;0.250;
32504;0.000;0.000;0.000;0.000;0.000;0.000;0.000;
32601;0.655;0.010;0.067;0.015;0.013;0.001;0.238;
32685;0.639;0.016;0.059;0.032;0.020;0.001;0.235;
32737;0.630;0.013;0.048;0.072;0.023;0.001;0.213;
32803;0.736;0.010;0.056;0.070;0.010;0.001;0.117;
32882;0.602;0.014;0.049;0.054;0.032;0.002;0.246;
32946;0.667;0.011;0.037;0.142;0.035;0.001;0.107;
33015;0.544;0.013;0.057;0.037;0.018;0.002;0.329;
33090;0.524;0.012;0.069;0.021;0.039;0.003;0.331;
33154;0.408;0.015;0.057;0.024;0.045;0.002;0.449;
33249;0.729;0.018;0.033;0.035;0.041;0.002;0.142;
33300;0.505;0.015;0.052;0.053;0.025;0.002;0.349;
33363;0.529;0.016;0.054;0.084;0.049;0.002;0.267;
33446;0.386;0.015;0.075;0.014;0.030;0.002;0.478;
33509;0.499;0.012;0.051;0.075;0.023;0.002;0.338;
33571;0.635;0.012;0.062;0.035;0.017;0.001;0.238;
33655;0.720;0.011;0.042;0.118;0.028;0.001;0.079;
33720;0.484;0.013;0.060;0.025;0.025;0.003;0.390;
33795;0.719;0.012;0.049;0.090;0.035;0.001;0.095;
33859;0.736;0.014;0.041;0.097;0.015;0.001;0.095;
33940;0.471;0.013;0.049;0.206;0.031;0.002;0.228;
34003;0.611;0.014;0.056;0.123;0.008;0.001;0.187;
34073;0.598;0.013;0.069;0.097;0.012;0.001;0.209;
34131;0.318;0.017;0.070;0.032;0.015;0.002;0.547;
34210;0.485;0.011;0.066;0.087;0.011;0.001;0.339;
34275;0.561;0.011;0.059;0.157;0.014;0.001;0.197;
34368;0.516;0.013;0.066;0.062;0.010;0.002;0.331;
34419;0.568;0.015;0.067;0.121;0.013;0.001;0.214;
34491;0.735;0.017;0.058;0.046;0.015;0.001;0.129;
34567;0.640;0.010;0.069;0.070;0.012;0.001;0.198;
34649;0.588;0.014;0.068;0.075;0.009;0.001;0.245;
34702;0.500;0.016;0.067;0.096;0.010;0.002;0.310;
34777;0.551;0.020;0.064;0.128;0.017;0.002;0.219;
34836;0.535;0.016;0.080;0.111;0.004;0.001;0.253;
34913;0.585;0.015;0.071;0.082;0.012;0.001;0.234;
34978;0.612;0.012;0.070;0.070;0.006;0.001;0.230;
35042;0.645;0.012;0.048;0.162;0.012;0.001;0.120;
35130;0.562;0.015;0.064;0.062;0.023;0.001;0.272;
35192;0.607;0.013;0.061;0.097;0.019;0.001;0.202;
35251;0.664;0.014;0.059;0.053;0.024;0.001;0.184;
35344;0.662;0.018;0.055;0.042;0.012;0.001;0.209;
35394;0.603;0.015;0.061;0.043;0.016;0.001;0.261;
35458;0.515;0.016;0.053;0.048;0.019;0.002;0.347;
35540;0.618;0.011;0.073;0.053;0.011;0.001;0.233;
35612;0.574;0.014;0.068;0.048;0.011;0.001;0.285;
35682;0.626;0.012;0.054;0.106;0.013;0.001;0.188;
35755;0.592;0.013;0.078;0.047;0.013;0.001;0.257;
35816;0.721;0.013;0.046;0.078;0.020;0.001;0.121;
35891;0.748;0.015;0.056;0.029;0.012;0.001;0.139;
35956;0.478;0.014;0.056;0.191;0.014;0.002;0.246;
36035;0.478;0.014;0.056;0.053;0.024;0.001;0.375;
36098;0.656;0.013;0.040;0.188;0.032;0.001;0.070;
36163;0.627;0.011;0.064;0.071;0.013;0.001;0.212;
36249;0.479;0.015;0.072;0.126;0.012;0.001;0.294;
36308;0.577;0.017;0.048;0.089;0.016;0.002;0.251;
36371;0.630;0.011;0.048;0.138;0.019;0.001;0.152;
36462;0.638;0.016;0.051;0.078;0.014;0.001;0.203;
36514;0.545;0.016;0.061;0.034;0.015;0.002;0.327;
36578;0.468;0.021;0.064;0.043;0.014;0.002;0.389;
36664;0.611;0.016;0.042;0.106;0.024;0.002;0.200;
36737;0.649;0.018;0.050;0.093;0.017;0.001;0.172;
36814;0.580;0.014;0.051;0.071;0.026;0.002;0.257;
36868;0.611;0.021;0.049;0.061;0.019;0.001;0.237;
36937;0.516;0.017;0.052;0.044;0.016;0.002;0.353;
37011;0.676;0.011;0.058;0.090;0.017;0.001;0.146;
37076;0.591;0.011;0.068;0.154;0.013;0.001;0.163;
37139;0.557;0.009;0.035;0.302;0.042;0.001;0.054;
37229;0.237;0.013;0.056;0.052;0.015;0.002;0.624;
37289;0.430;0.013;0.066;0.092;0.014;0.002;0.383;
37374;0.537;0.010;0.066;0.104;0.012;0.001;0.270;
37465;0.526;0.012;0.054;0.098;0.009;0.002;0.299;
37516;0.496;0.008;0.064;0.227;0.008;0.001;0.195;
37577;0.693;0.009;0.071;0.093;0.007;0.001;0.126;
37636;0.421;0.012;0.066;0.039;0.013;0.001;0.448;
37699;0.614;0.009;0.075;0.064;0.017;0.002;0.220;
37782;0.381;0.014;0.058;0.100;0.022;0.003;0.423;
37853;0.505;0.016;0.072;0.054;0.017;0.002;0.334;
37932;0.416;0.017;0.059;0.048;0.054;0.003;0.403;
38002;0.579;0.011;0.055;0.189;0.032;0.001;0.133;
38058;0.591;0.013;0.060;0.080;0.027;0.002;0.228;
38157;0.160;0.009;0.055;0.034;0.016;0.002;0.724;
38202;0.417;0.013;0.057;0.136;0.027;0.002;0.348;
38258;0.487;0.014;0.055;0.069;0.019;0.002;0.354;
38341;0.284;0.009;0.066;0.030;0.011;0.002;0.599;
38413;0.506;0.010;0.060;0.143;0.028;0.002;0.251;
38486;0.579;0.010;0.068;0.055;0.029;0.001;0.257;
38547;0.454;0.010;0.081;0.182;0.014;0.002;0.258;
38613;0.539;0.012;0.084;0.033;0.013;0.002;0.318;
38692;0.708;0.014;0.045;0.092;0.024;0.001;0.116;
38756;0.525;0.008;0.082;0.161;0.011;0.002;0.211;
38846;0.489;0.013;0.064;0.063;0.036;0.001;0.333;
38873;0.000;0.000;0.000;0.000;0.000;0.000;0.000;
38970;0.668;0.011;0.096;0.088;0.005;0.001;0.130;
39049;0.314;0.012;0.063;0.017;0.008;0.002;0.584;
39113;0.498;0.015;0.094;0.018;0.015;0.002;0.358;
39144;0.000;0.000;0.000;0.000;0.000;0.000;0.000;
39264;0.399;0.010;0.095;0.025;0.005;0.002;0.464;
39316;0.597;0.012;0.072;0.036;0.017;0.002;0.264;
39379;0.622;0.009;0.059;0.099;0.021;0.001;0.190;
39469;0.713;0.010;0.064;0.080;0.014;0.001;0.117;
39543;0.469;0.012;0.078;0.022;0.013;0.002;0.404;
39602;0.563;0.011;0.085;0.071;0.011;0.001;0.257;
40089;0.660;0.009;0.074;0.096;0.015;0.001;0.146;
40142;0.593;0.007;0.065;0.247;0.011;0.001;0.075;
40187;0.466;0.013;0.063;0.059;0.041;0.002;0.357;
40230;0.490;0.013;0.073;0.058;0.031;0.001;0.335;
40291;0.528;0.009;0.093;0.047;0.011;0.001;0.310;
40344;0.000;0.000;0.000;0.000;0.000;0.000;0.000;
40434;0.162;0.013;0.071;0.011;0.006;0.002;0.737;
40510;0.484;0.011;0.087;0.051;0.016;0.002;0.350;
40553;0.000;0.000;0.000;0.000;0.000;0.000;0.000;
40642;0.529;0.014;0.073;0.084;0.012;0.001;0.287;
40696;0.000;0.000;0.000;0.000;0.000;0.000;0.000;
40786;0.342;0.016;0.111;0.201;0.013;0.004;0.313;
40852;0.399;0.014;0.119;0.195;0.010;0.003;0.259;
40912;0.000;0.000;0.000;0.000;0.000;0.000;0.000;
40994;0.669;0.012;0.075;0.097;0.009;0.001;0.137;
41039;0.000;0.000;0.000;0.000;0.000;0.000;0.000;
41141;0.406;0.008;0.093;0.073;0.014;0.001;0.405;
41180;0.000;0.000;0.000;0.000;0.000;0.000;0.000;
41313;0.553;0.011;0.067;0.131;0.030;0.001;0.208;
41356;0.539;0.010;0.095;0.158;0.011;0.001;0.185;
41410;0.469;0.010;0.104;0.149;0.009;0.002;0.257;
41508;0.452;0.013;0.094;0.105;0.010;0.001;0.324;
41534;0.000;0.000;0.000;0.000;0.000;0.000;0.000;
41624;0.520;0.011;0.059;0.215;0.019;0.001;0.174;
41704;0.520;0.012;0.072;0.127;0.023;0.001;0.245;
41768;0.586;0.009;0.077;0.185;0.014;0.001;0.129;
41851;0.528;0.009;0.080;0.197;0.016;0.001;0.168;
41909;0.440;0.011;0.065;0.149;0.029;0.001;0.306;
42005;0.450;0.011;0.086;0.046;0.012;0.001;0.395;
42051;0.334;0.009;0.091;0.113;0.029;0.002;0.422;
42126;0.436;0.008;0.089;0.247;0.015;0.001;0.205;
42178;0.233;0.014;0.084;0.056;0.010;0.002;0.602;
42236;0.000;0.000;0.000;0.000;0.000;0.000;0.000;
42299;0.000;0.000;0.000;0.000;0.000;0.000;0.000;
42412;0.456;0.012;0.107;0.043;0.006;0.001;0.375;
42467;0.349;0.012;0.086;0.043;0.017;0.002;0.491;
42531;0.645;0.009;0.079;0.109;0.008;0.001;0.149;
42584;0.000;0.000;0.000;0.000;0.000;0.000;0.000;
42697;0.602;0.009;0.089;0.134;0.010;0.001;0.155;
42742;0.486;0.018;0.116;0.121;0.007;0.002;0.250;
42820;0.428;0.014;0.086;0.087;0.019;0.002;0.365;
42883;0.502;0.010;0.086;0.068;0.015;0.002;0.318;
42977;0.540;0.012;0.067;0.066;0.022;0.001;0.292;
43027;0.557;0.017;0.050;0.057;0.032;0.002;0.285;
43097;0.590;0.014;0.065;0.053;0.020;0.001;0.256;
43178;0.586;0.013;0.064;0.063;0.023;0.002;0.248;
43238;0.647;0.010;0.045;0.103;0.048;0.001;0.145;
43305;0.308;0.015;0.073;0.025;0.022;0.002;0.555;
43406;0.473;0.015;0.079;0.078;0.010;0.001;0.344;
43456;0.425;0.016;0.066;0.069;0.021;0.002;0.401;
43533;0.677;0.015;0.055;0.056;0.050;0.002;0.145;
43594;0.586;0.016;0.063;0.049;0.035;0.001;0.251;
43657;0.626;0.017;0.063;0.034;0.036;0.001;0.223;
43738;0.439;0.021;0.067;0.028;0.031;0.002;0.412;
43797;0.529;0.018;0.071;0.089;0.020;0.002;0.271;
43858;0.364;0.009;0.071;0.057;0.016;0.001;0.482;
43942;0.414;0.013;0.078;0.038;0.012;0.001;0.443;
44008;0.369;0.013;0.074;0.035;0.037;0.002;0.471;
44109;0.608;0.013;0.071;0.114;0.011;0.001;0.181;
44162;0.505;0.012;0.066;0.066;0.025;0.001;0.326;
44218;0.632;0.011;0.063;0.128;0.013;0.001;0.152;
44296;0.590;0.010;0.081;0.132;0.013;0.001;0.174;
44332;0.000;0.000;0.000;0.000;0.000;0.000;0.000;
44446;0.452;0.010;0.084;0.058;0.025;0.001;0.370;
44501;0.249;0.011;0.075;0.032;0.011;0.002;0.620;
44564;0.484;0.017;0.072;0.040;0.020;0.001;0.365;
44643;0.513;0.014;0.086;0.098;0.009;0.002;0.279;
44708;0.555;0.014;0.077;0.067;0.022;0.001;0.263;
44795;0.533;0.012;0.078;0.028;0.012;0.002;0.335;
44858;0.542;0.014;0.072;0.060;0.016;0.001;0.295;
44914;0.314;0.010;0.092;0.021;0.016;0.002;0.545;
44979;0.598;0.013;0.075;0.100;0.031;0.001;0.182;
45057;0.747;0.008;0.066;0.112;0.011;0.000;0.055;
45123;0.671;0.012;0.054;0.088;0.035;0.001;0.139;
45211;0.663;0.010;0.063;0.127;0.011;0.001;0.125;
45241;0.000;0.000;0.000;0.000;0.000;0.000;0.000;
45337;0.614;0.013;0.073;0.072;0.012;0.001;0.215;
45411;0.414;0.013;0.076;0.023;0.019;0.001;0.453;
45500;0.459;0.014;0.078;0.029;0.014;0.001;0.404;
45543;0.444;0.021;0.085;0.052;0.019;0.001;0.378;
45622;0.562;0.012;0.077;0.031;0.018;0.002;0.297;
45683;0.490;0.011;0.064;0.073;0.020;0.001;0.341;
45762;0.523;0.013;0.062;0.137;0.035;0.001;0.229;
45828;0.673;0.013;0.058;0.065;0.028;0.001;0.162;
45898;0.516;0.010;0.085;0.105;0.010;0.001;0.273;
45971;0.625;0.016;0.076;0.089;0.021;0.001;0.171;
46008;0.000;0.000;0.000;0.000;0.000;0.000;0.000;
46100;0.564;0.009;0.089;0.024;0.009;0.001;0.304;
46194;0.416;0.014;0.074;0.062;0.049;0.001;0.383;
46252;0.437;0.013;0.074;0.110;0.033;0.001;0.332;
46325;0.503;0.009;0.089;0.138;0.018;0.002;0.242;
46399;0.435;0.013;0.082;0.083;0.017;0.001;0.369;
46451;0.327;0.014;0.098;0.046;0.023;0.002;0.491;
46537;0.442;0.011;0.087;0.103;0.010;0.001;0.346;
46594;0.539;0.013;0.085;0.044;0.016;0.001;0.301;
46660;0.557;0.016;0.084;0.075;0.013;0.001;0.253;
46739;0.307;0.008;0.104;0.040;0.017;0.001;0.522;
46802;0.514;0.009;0.091;0.058;0.010;0.001;0.317;
46898;0.417;0.012;0.104;0.045;0.020;0.001;0.401;
46957;0.548;0.007;0.093;0.163;0.007;0.001;0.181;
47011;0.396;0.012;0.121;0.066;0.008;0.001;0.396;
47092;0.583;0.011;0.079;0.158;0.011;0.001;0.156;
47155;0.584;0.013;0.078;0.031;0.012;0.001;0.281;
47219;0.508;0.016;0.072;0.065;0.022;0.001;0.315;
47308;0.628;0.013;0.073;0.108;0.010;0.001;0.167;
47365;0.356;0.010;0.107;0.037;0.007;0.002;0.482;
47431;0.330;0.013;0.094;0.022;0.011;0.002;0.529;
47508;0.377;0.013;0.083;0.079;0.015;0.002;0.431;
47596;0.622;0.010;0.072;0.057;0.015;0.001;0.223;
47652;0.646;0.013;0.066;0.087;0.026;0.001;0.162;
47714;0.590;0.015;0.083;0.077;0.019;0.001;0.213;
47778;0.524;0.014;0.091;0.080;0.016;0.002;0.273;
47859;0.562;0.016;0.053;0.118;0.039;0.001;0.211;
47923;0.288;0.020;0.065;0.023;0.019;0.002;0.584;
47992;0.206;0.017;0.084;0.033;0.019;0.002;0.640;
48066;0.562;0.010;0.086;0.036;0.013;0.001;0.292;
48131;0.509;0.013;0.071;0.024;0.009;0.001;0.373;
48595;0.348;0.018;0.107;0.035;0.009;0.002;0.483;
48675;0.685;0.015;0.061;0.067;0.026;0.001;0.146;
48719;0.443;0.017;0.071;0.043;0.036;0.001;0.388;
48770;0.218;0.014;0.081;0.021;0.009;0.002;0.656;
48836;0.428;0.011;0.084;0.096;0.032;0.001;0.348;
48899;0.524;0.013;0.073;0.050;0.045;0.001;0.294;
48980;0.523;0.013;0.074;0.113;0.023;0.001;0.253;
49047;0.394;0.012;0.080;0.040;0.013;0.001;0.462;
49113;0.678;0.012;0.071;0.084;0.013;0.001;0.141;
49187;0.220;0.014;0.090;0.019;0.008;0.002;0.647;
49225;0.000;0.000;0.000;0.000;0.000;0.000;0.000;
49360;0.513;0.011;0.076;0.051;0.023;0.001;0.325;
49403;0.430;0.017;0.083;0.031;0.024;0.002;0.414;
49464;0.369;0.017;0.069;0.050;0.014;0.002;0.479;
49541;0.332;0.015;0.072;0.020;0.020;0.002;0.539;
49612;0.585;0.014;0.068;0.071;0.027;0.001;0.234;
49674;0.659;0.010;0.063;0.101;0.030;0.001;0.137;
49757;0.452;0.012;0.098;0.043;0.014;0.001;0.380;
49818;0.609;0.013;0.067;0.035;0.019;0.001;0.255;
49903;0.520;0.017;0.066;0.122;0.017;0.001;0.257;
49970;0.390;0.019;0.105;0.026;0.007;0.002;0.452;
50042;0.570;0.023;0.071;0.034;0.024;0.001;0.277;
50098;0.741;0.014;0.051;0.049;0.032;0.001;0.112;
50168;0.745;0.016;0.052;0.065;0.019;0.001;0.103;
50227;0.518;0.021;0.068;0.033;0.022;0.002;0.337;
50312;0.757;0.019;0.027;0.112;0.021;0.001;0.063;
50374;0.354;0.063;0.010;0.552;0.014;0.001;0.007;
50454;0.110;0.053;0.006;0.814;0.012;0.001;0.004;
50524;0.030;0.038;0.003;0.918;0.008;0.001;0.002;
50595;0.031;0.042;0.004;0.913;0.008;0.001;0.002;
50682;0.049;0.056;0.004;0.864;0.020;0.001;0.005;
50758;0.054;0.065;0.006;0.850;0.017;0.002;0.007;
50808;0.149;0.017;0.004;0.810;0.013;0.000;0.007;
50892;0.504;0.018;0.016;0.394;0.008;0.001;0.059;
50944;0.323;0.015;0.008;0.624;0.017;0.001;0.012;
51014;0.561;0.017;0.017;0.336;0.017;0.001;0.052;
51073;0.436;0.012;0.029;0.458;0.006;0.001;0.058;
51137;0.538;0.016;0.040;0.278;0.007;0.001;0.122;
51225;0.382;0.007;0.018;0.567;0.009;0.001;0.017;
51281;0.662;0.018;0.025;0.215;0.016;0.001;0.063;
51345;0.714;0.015;0.031;0.086;0.035;0.002;0.117;
51440;0.469;0.008;0.023;0.415;0.026;0.001;0.059;
51492;0.488;0.009;0.072;0.138;0.015;0.001;0.278;
51591;0.588;0.009;0.057;0.174;0.041;0.001;0.130;
51645;0.662;0.011;0.086;0.032;0.017;0.001;0.191;
51703;0.590;0.007;0.069;0.232;0.018;0.001;0.083;
51778;0.674;0.009;0.074;0.056;0.022;0.001;0.163;
51842;0.424;0.009;0.097;0.038;0.049;0.002;0.381;
51906;0.547;0.007;0.098;0.207;0.018;0.001;0.122;
51992;0.357;0.011;0.096;0.030;0.011;0.001;0.494;
52049;0.172;0.007;0.106;0.024;0.007;0.001;0.683;
52146;0.289;0.010;0.085;0.016;0.010;0.002;0.587;
52195;0.550;0.007;0.099;0.194;0.010;0.001;0.139;
52263;0.399;0.008;0.102;0.200;0.012;0.001;0.279;
52342;0.511;0.012;0.085;0.108;0.009;0.001;0.274;
52404;0.215;0.008;0.086;0.022;0.006;0.002;0.660;
52467;0.583;0.013;0.087;0.112;0.008;0.002;0.196;
52546;0.588;0.010;0.092;0.067;0.008;0.001;0.233;
52611;0.706;0.011;0.077;0.075;0.006;0.001;0.124;
52698;0.617;0.008;0.090;0.101;0.008;0.002;0.174;
52755;0.483;0.013;0.067;0.118;0.033;0.002;0.284;
52844;0.490;0.012;0.081;0.073;0.023;0.002;0.319;
52901;0.485;0.011;0.079;0.025;0.014;0.002;0.385;
52963;0.456;0.011;0.074;0.068;0.048;0.002;0.342;
53032;0.457;0.013;0.076;0.074;0.038;0.001;0.342;
