198;0.110;0.705;0.003;0.025;0.046;0.014;0.098;
328;0.148;0.362;0.011;0.111;0.046;0.018;0.303;
510;0.152;0.165;0.006;0.183;0.426;0.015;0.052;
647;0.147;0.287;0.014;0.068;0.183;0.034;0.266;
791;0.183;0.261;0.006;0.303;0.103;0.010;0.135;
971;0.204;0.254;0.008;0.282;0.067;0.011;0.174;
1105;0.264;0.245;0.008;0.136;0.118;0.023;0.205;
1212;0.221;0.213;0.016;0.125;0.134;0.051;0.240;
1395;0.201;0.153;0.003;0.541;0.059;0.011;0.032;
1531;0.253;0.113;0.017;0.153;0.033;0.019;0.413;
1644;0.358;0.198;0.006;0.254;0.065;0.008;0.110;
1818;0.291;0.129;0.016;0.201;0.053;0.016;0.293;
1958;0.318;0.106;0.013;0.297;0.063;0.013;0.190;
2074;0.304;0.095;0.018;0.159;0.059;0.014;0.352;
2289;0.153;0.093;0.049;0.096;0.019;0.017;0.573;
2427;0.061;0.049;0.028;0.099;0.013;0.015;0.736;
2538;0.297;0.057;0.012;0.540;0.005;0.005;0.084;
2723;0.377;0.056;0.015;0.450;0.005;0.004;0.092;
2860;0.212;0.053;0.018;0.050;0.016;0.020;0.631;
2973;0.088;0.024;0.018;0.021;0.004;0.013;0.831;
3152;0.055;0.029;0.017;0.014;0.005;0.027;0.854;
3288;0.087;0.020;0.017;0.016;0.009;0.020;0.831;
3405;0.555;0.036;0.020;0.233;0.015;0.009;0.134;
3575;0.571;0.031;0.026;0.185;0.032;0.006;0.148;
3742;0.377;0.019;0.016;0.535;0.006;0.002;0.045;
3853;0.441;0.029;0.041;0.136;0.013;0.005;0.336;
4030;0.429;0.042;0.007;0.453;0.048;0.002;0.019;
4167;0.577;0.034;0.030;0.056;0.014;0.005;0.284;
4275;0.315;0.033;0.071;0.253;0.008;0.008;0.312;
4448;0.356;0.034;0.023;0.108;0.013;0.013;0.452;
4600;0.317;0.040;0.022;0.192;0.020;0.013;0.395;
4709;0.208;0.025;0.028;0.091;0.018;0.010;0.620;
4893;0.054;0.017;0.017;0.036;0.008;0.016;0.852;
5031;0.244;0.036;0.028;0.131;0.008;0.034;0.519;
5168;0.449;0.024;0.019;0.417;0.010;0.008;0.073;
5345;0.260;0.009;0.013;0.685;0.004;0.002;0.027;
5480;0.428;0.027;0.009;0.507;0.016;0.004;0.007;
5593;0.740;0.026;0.017;0.177;0.008;0.007;0.024;
5775;0.448;0.020;0.024;0.446;0.003;0.003;0.056;
5913;0.370;0.025;0.014;0.563;0.008;0.003;0.017;
6021;0.203;0.016;0.005;0.754;0.013;0.001;0.008;
6191;0.240;0.025;0.060;0.064;0.010;0.006;0.595;
6323;0.655;0.019;0.035;0.087;0.006;0.008;0.191;
6435;0.241;0.013;0.256;0.021;0.004;0.007;0.457;
6645;0.431;0.013;0.238;0.029;0.005;0.007;0.277;
6777;0.278;0.009;0.092;0.033;0.002;0.005;0.581;
6888;0.103;0.006;0.082;0.003;0.001;0.014;0.790;
7063;0.239;0.010;0.060;0.026;0.003;0.006;0.656;
7193;0.235;0.009;0.052;0.005;0.004;0.013;0.681;
7303;0.226;0.017;0.035;0.012;0.024;0.009;0.678;
7479;0.774;0.021;0.024;0.118;0.009;0.009;0.046;
7610;0.248;0.013;0.030;0.569;0.006;0.013;0.120;
7719;0.557;0.014;0.044;0.092;0.013;0.012;0.268;
7897;0.297;0.010;0.060;0.013;0.002;0.014;0.603;
8059;0.644;0.017;0.038;0.022;0.004;0.019;0.256;
8167;0.490;0.017;0.032;0.031;0.005;0.008;0.416;
8346;0.222;0.012;0.035;0.029;0.004;0.007;0.691;
8482;0.341;0.012;0.048;0.085;0.004;0.006;0.502;
8586;0.231;0.009;0.050;0.010;0.002;0.012;0.684;
8758;0.542;0.014;0.041;0.022;0.003;0.014;0.365;
8892;0.280;0.011;0.046;0.027;0.004;0.019;0.612;
9000;0.310;0.011;0.069;0.079;0.003;0.021;0.507;
9177;0.178;0.008;0.059;0.008;0.002;0.010;0.734;
9312;0.097;0.007;0.040;0.006;0.002;0.014;0.834;
9454;0.075;0.008;0.038;0.014;0.004;0.029;0.832;
9641;0.277;0.014;0.042;0.064;0.005;0.027;0.571;
9775;0.260;0.014;0.046;0.066;0.008;0.016;0.589;
9888;0.418;0.013;0.066;0.092;0.003;0.006;0.400;
10065;0.074;0.011;0.140;0.012;0.004;0.009;0.749;
10196;0.283;0.015;0.045;0.022;0.006;0.007;0.621;
10305;0.230;0.011;0.052;0.006;0.003;0.020;0.678;
10483;0.569;0.015;0.034;0.306;0.009;0.010;0.058;
10622;0.436;0.016;0.046;0.070;0.010;0.022;0.400;
10726;0.066;0.006;0.042;0.005;0.002;0.015;0.864;
10939;0.371;0.010;0.059;0.336;0.007;0.008;0.207;
11073;0.348;0.013;0.055;0.129;0.006;0.016;0.433;
11180;0.371;0.010;0.102;0.041;0.002;0.006;0.468;
11357;0.046;0.005;0.066;0.006;0.002;0.006;0.868;
11493;0.111;0.010;0.038;0.030;0.006;0.008;0.797;
11604;0.615;0.012;0.063;0.134;0.005;0.009;0.162;
11784;0.092;0.004;0.021;0.817;0.004;0.002;0.060;
11919;0.314;0.012;0.053;0.245;0.007;0.007;0.363;
12033;0.456;0.015;0.042;0.252;0.008;0.006;0.222;
12208;0.515;0.013;0.051;0.074;0.005;0.014;0.328;
12369;0.237;0.012;0.058;0.028;0.006;0.006;0.652;
12479;0.459;0.013;0.050;0.182;0.014;0.011;0.271;
12663;0.349;0.006;0.063;0.454;0.007;0.004;0.117;
12798;0.101;0.006;0.056;0.004;0.001;0.019;0.812;
12913;0.459;0.012;0.072;0.143;0.004;0.014;0.297;
13085;0.262;0.009;0.055;0.045;0.004;0.004;0.622;
13218;0.065;0.011;0.059;0.021;0.002;0.007;0.835;
13327;0.115;0.031;0.088;0.607;0.011;0.006;0.141;
13517;0.253;0.021;0.020;0.632;0.011;0.001;0.063;
13656;0.058;0.010;0.044;0.784;0.003;0.002;0.099;
13799;0.080;0.007;0.016;0.855;0.001;0.001;0.039;
13978;0.523;0.035;0.012;0.266;0.044;0.004;0.115;
14110;0.317;0.302;0.008;0.056;0.069;0.014;0.233;
14223;0.126;0.140;0.009;0.074;0.524;0.017;0.109;
14410;0.160;0.135;0.019;0.090;0.256;0.021;0.318;
14545;0.092;0.307;0.010;0.056;0.055;0.016;0.464;
14657;0.153;0.317;0.013;0.051;0.198;0.024;0.244;
14838;0.389;0.256;0.008;0.084;0.045;0.012;0.208;
14975;0.226;0.154;0.018;0.054;0.052;0.014;0.482;
15087;0.508;0.199;0.008;0.109;0.067;0.009;0.101;
15336;0.277;0.157;0.016;0.078;0.077;0.014;0.382;
15470;0.102;0.113;0.020;0.061;0.018;0.012;0.674;
15581;0.379;0.211;0.007;0.137;0.139;0.011;0.117;
15757;0.362;0.135;0.010;0.172;0.120;0.012;0.189;
15891;0.117;0.128;0.018;0.053;0.062;0.014;0.608;
16004;0.114;0.126;0.017;0.032;0.060;0.012;0.639;
16177;0.246;0.110;0.019;0.120;0.093;0.015;0.396;
16339;0.520;0.155;0.008;0.143;0.073;0.007;0.094;
16453;0.302;0.097;0.019;0.070;0.068;0.018;0.427;
16629;0.417;0.121;0.013;0.129;0.051;0.012;0.257;
16787;0.053;0.025;0.015;0.007;0.009;0.010;0.880;
16895;0.042;0.031;0.044;0.039;0.007;0.005;0.832;
17074;0.167;0.029;0.026;0.116;0.012;0.012;0.638;
17203;0.177;0.035;0.027;0.038;0.010;0.005;0.707;
