219;0.608;0.007;0.154;0.110;0.005;0.031;0.085;
336;0.574;0.006;0.198;0.134;0.006;0.013;0.069;
435;0.577;0.004;0.185;0.120;0.006;0.012;0.095;
524;0.619;0.004;0.163;0.117;0.005;0.008;0.084;
608;0.521;0.008;0.183;0.179;0.007;0.009;0.093;
693;0.571;0.007;0.171;0.183;0.005;0.007;0.055;
802;0.597;0.006;0.173;0.136;0.004;0.007;0.078;
910;0.685;0.005;0.110;0.114;0.005;0.008;0.074;
1047;0.553;0.005;0.156;0.195;0.006;0.009;0.076;
1221;0.623;0.005;0.134;0.162;0.006;0.016;0.054;
1354;0.474;0.005;0.147;0.302;0.006;0.007;0.058;
1454;0.527;0.004;0.161;0.185;0.007;0.006;0.109;
1586;0.629;0.004;0.156;0.152;0.005;0.006;0.049;
1793;0.386;0.010;0.279;0.214;0.006;0.017;0.088;
1942;0.514;0.005;0.227;0.091;0.003;0.012;0.148;
2064;0.551;0.006;0.180;0.169;0.005;0.012;0.078;
2233;0.696;0.003;0.131;0.142;0.004;0.003;0.022;
2322;0.448;0.007;0.186;0.260;0.007;0.013;0.078;
2404;0.556;0.004;0.133;0.261;0.005;0.009;0.033;
2490;0.525;0.006;0.177;0.212;0.006;0.011;0.063;
2629;0.471;0.007;0.211;0.250;0.005;0.008;0.047;
2739;0.393;0.008;0.177;0.366;0.006;0.009;0.041;
2873;0.636;0.006;0.151;0.166;0.003;0.004;0.035;
3009;0.534;0.005;0.125;0.303;0.003;0.004;0.026;
3130;0.636;0.005;0.141;0.162;0.004;0.004;0.049;
3258;0.625;0.005;0.133;0.206;0.004;0.003;0.024;
3423;0.627;0.004;0.112;0.225;0.005;0.004;0.023;
3552;0.602;0.005;0.127;0.208;0.004;0.006;0.049;
3637;0.649;0.004;0.159;0.094;0.003;0.007;0.084;
3784;0.614;0.004;0.145;0.191;0.005;0.005;0.036;
3912;0.650;0.004;0.158;0.093;0.004;0.008;0.083;
4034;0.569;0.005;0.155;0.166;0.006;0.008;0.092;
4166;0.531;0.006;0.172;0.204;0.006;0.008;0.073;
4310;0.591;0.005;0.180;0.171;0.005;0.006;0.042;
4427;0.604;0.005;0.186;0.165;0.004;0.005;0.031;
4560;0.600;0.004;0.179;0.174;0.003;0.004;0.035;
4734;0.559;0.004;0.163;0.223;0.004;0.006;0.042;
4862;0.632;0.004;0.169;0.107;0.004;0.008;0.076;
4959;0.541;0.005;0.174;0.166;0.006;0.008;0.100;
5093;0.488;0.007;0.204;0.196;0.007;0.010;0.089;
5216;0.452;0.007;0.249;0.214;0.006;0.009;0.063;
5338;0.455;0.007;0.225;0.240;0.006;0.009;0.057;
5473;0.549;0.005;0.177;0.173;0.006;0.009;0.081;
5613;0.493;0.005;0.167;0.274;0.005;0.006;0.051;
5763;0.438;0.005;0.131;0.382;0.004;0.004;0.037;
5894;0.602;0.005;0.156;0.175;0.004;0.006;0.052;
6042;0.621;0.004;0.183;0.109;0.004;0.006;0.072;
6160;0.627;0.004;0.180;0.089;0.004;0.007;0.089;
6284;0.524;0.005;0.179;0.185;0.006;0.007;0.095;
6416;0.489;0.004;0.137;0.306;0.006;0.007;0.051;
6528;0.474;0.006;0.135;0.334;0.005;0.005;0.041;
6667;0.614;0.005;0.147;0.164;0.005;0.006;0.060;
6794;0.531;0.004;0.100;0.335;0.006;0.005;0.020;
6916;0.505;0.003;0.075;0.394;0.007;0.003;0.013;
7042;0.380;0.008;0.200;0.329;0.008;0.010;0.065;
7166;0.351;0.007;0.178;0.385;0.007;0.009;0.062;
7324;0.383;0.006;0.140;0.439;0.005;0.006;0.023;
7458;0.449;0.005;0.150;0.361;0.005;0.006;0.024;
7576;0.468;0.006;0.147;0.341;0.005;0.007;0.025;
7698;0.406;0.011;0.205;0.260;0.009;0.018;0.092;
8396;0.532;0.007;0.211;0.129;0.005;0.012;0.105;
8484;0.592;0.006;0.218;0.124;0.004;0.007;0.050;
8609;0.559;0.007;0.126;0.277;0.003;0.008;0.020;
8741;0.427;0.007;0.161;0.362;0.005;0.007;0.030;
8859;0.412;0.009;0.201;0.299;0.008;0.011;0.060;
8989;0.492;0.006;0.193;0.259;0.006;0.007;0.036;
9144;0.515;0.007;0.201;0.237;0.005;0.008;0.026;
9269;0.397;0.006;0.140;0.427;0.003;0.005;0.021;
9399;0.372;0.007;0.133;0.420;0.006;0.010;0.052;
9518;0.466;0.009;0.160;0.275;0.008;0.014;0.067;
9651;0.317;0.010;0.174;0.425;0.008;0.015;0.051;
9791;0.416;0.012;0.187;0.333;0.007;0.013;0.031;
9928;0.358;0.006;0.143;0.461;0.003;0.007;0.022;
10033;0.408;0.009;0.196;0.344;0.005;0.008;0.030;
10170;0.460;0.008;0.189;0.261;0.007;0.012;0.062;
10307;0.475;0.008;0.216;0.225;0.007;0.010;0.059;
10481;0.524;0.006;0.193;0.220;0.005;0.008;0.044;
10581;0.480;0.007;0.219;0.233;0.006;0.009;0.046;
10702;0.456;0.007;0.206;0.245;0.006;0.009;0.072;
10825;0.400;0.008;0.225;0.311;0.006;0.008;0.042;
10954;0.391;0.008;0.199;0.360;0.005;0.008;0.029;
11645;0.324;0.007;0.188;0.411;0.006;0.008;0.055;
11734;0.330;0.007;0.186;0.392;0.006;0.010;0.068;
11862;0.485;0.006;0.209;0.253;0.005;0.007;0.036;
11993;0.524;0.006;0.204;0.225;0.005;0.006;0.030;
12123;0.473;0.007;0.197;0.233;0.006;0.009;0.075;
12288;0.386;0.008;0.206;0.350;0.006;0.008;0.036;
12392;0.407;0.007;0.189;0.349;0.005;0.008;0.036;
12506;0.314;0.004;0.131;0.526;0.003;0.004;0.019;
12637;0.462;0.005;0.162;0.339;0.004;0.005;0.023;
12767;0.474;0.008;0.177;0.277;0.006;0.009;0.048;
12892;0.421;0.008;0.172;0.329;0.006;0.008;0.056;
13040;0.364;0.009;0.198;0.349;0.007;0.012;0.061;
13182;0.509;0.009;0.171;0.252;0.005;0.013;0.042;
13352;0.502;0.007;0.158;0.276;0.005;0.010;0.042;
13460;0.417;0.005;0.144;0.399;0.004;0.006;0.025;
13579;0.540;0.007;0.208;0.165;0.006;0.010;0.064;
13686;0.479;0.009;0.222;0.209;0.006;0.013;0.060;
13843;0.500;0.007;0.229;0.140;0.005;0.011;0.108;
13977;0.367;0.013;0.244;0.295;0.009;0.014;0.059;
14096;0.294;0.012;0.219;0.422;0.008;0.010;0.034;
14233;0.359;0.011;0.226;0.334;0.009;0.012;0.050;
14372;0.365;0.013;0.243;0.326;0.008;0.012;0.032;
14511;0.432;0.012;0.250;0.250;0.008;0.012;0.037;
14624;0.392;0.012;0.239;0.275;0.011;0.014;0.057;
14756;0.349;0.016;0.232;0.320;0.010;0.016;0.057;
14908;0.364;0.013;0.262;0.278;0.010;0.016;0.059;
14992;0.351;0.012;0.292;0.252;0.010;0.015;0.069;
15149;0.464;0.008;0.242;0.210;0.007;0.010;0.061;
15285;0.346;0.013;0.292;0.258;0.010;0.018;0.062;
15389;0.356;0.013;0.271;0.292;0.009;0.013;0.044;
15528;0.409;0.009;0.204;0.337;0.007;0.009;0.025;
15643;0.293;0.015;0.233;0.389;0.011;0.015;0.045;
15801;0.328;0.011;0.192;0.422;0.006;0.009;0.033;
15951;0.416;0.008;0.171;0.352;0.007;0.009;0.038;
