36;0.162;0.028;0.125;0.094;0.031;0.003;0.556;
134;0.208;0.016;0.115;0.305;0.096;0.003;0.258;
190;0.101;0.039;0.134;0.072;0.038;0.004;0.612;
223;0.131;0.039;0.117;0.055;0.097;0.005;0.556;
257;0.057;0.025;0.091;0.031;0.068;0.003;0.724;
308;0.090;0.018;0.139;0.028;0.047;0.002;0.675;
348;0.071;0.011;0.142;0.015;0.012;0.001;0.748;
392;0.251;0.014;0.170;0.033;0.049;0.001;0.481;
439;0.252;0.017;0.311;0.017;0.033;0.002;0.369;
477;0.323;0.004;0.580;0.005;0.020;0.002;0.067;
510;0.293;0.005;0.495;0.071;0.066;0.002;0.069;
568;0.197;0.005;0.695;0.012;0.051;0.002;0.038;
607;0.091;0.005;0.823;0.003;0.054;0.004;0.020;
648;0.180;0.002;0.734;0.026;0.034;0.001;0.023;
696;0.431;0.002;0.428;0.089;0.007;0.001;0.041;
735;0.555;0.008;0.200;0.071;0.018;0.001;0.147;
775;0.339;0.015;0.281;0.033;0.035;0.001;0.297;
831;0.277;0.008;0.435;0.011;0.025;0.000;0.243;
873;0.139;0.010;0.638;0.004;0.024;0.001;0.184;
905;0.125;0.013;0.293;0.009;0.046;0.003;0.512;
955;0.236;0.007;0.446;0.005;0.018;0.001;0.286;
995;0.385;0.005;0.496;0.019;0.011;0.002;0.082;
1041;0.289;0.005;0.508;0.088;0.011;0.006;0.093;
1089;0.223;0.004;0.629;0.020;0.012;0.004;0.108;
1132;0.231;0.002;0.595;0.009;0.007;0.002;0.153;
1166;0.176;0.003;0.580;0.040;0.014;0.004;0.183;
1211;0.205;0.003;0.486;0.011;0.011;0.002;0.281;
1259;0.196;0.002;0.427;0.011;0.004;0.001;0.359;
1293;0.319;0.002;0.404;0.025;0.005;0.001;0.245;
1339;0.394;0.004;0.351;0.026;0.008;0.001;0.216;
1378;0.472;0.006;0.264;0.076;0.021;0.001;0.161;
1410;0.369;0.010;0.276;0.034;0.028;0.000;0.283;
1456;0.473;0.005;0.313;0.100;0.018;0.001;0.090;
1499;0.487;0.007;0.186;0.209;0.043;0.001;0.067;
1533;0.476;0.007;0.269;0.076;0.024;0.001;0.148;
1580;0.456;0.004;0.255;0.055;0.011;0.000;0.219;
1618;0.401;0.004;0.242;0.040;0.009;0.000;0.303;
1660;0.363;0.006;0.260;0.050;0.010;0.000;0.310;
1710;0.192;0.005;0.252;0.009;0.008;0.001;0.533;
1750;0.272;0.006;0.229;0.011;0.007;0.001;0.475;
1786;0.358;0.007;0.213;0.025;0.018;0.001;0.378;
1836;0.426;0.008;0.226;0.016;0.030;0.001;0.293;
1873;0.325;0.012;0.183;0.015;0.032;0.001;0.432;
1905;0.539;0.011;0.176;0.053;0.028;0.001;0.192;
1953;0.167;0.011;0.246;0.009;0.013;0.002;0.554;
1993;0.253;0.011;0.230;0.018;0.010;0.001;0.477;
2027;0.318;0.009;0.276;0.014;0.011;0.001;0.371;
2082;0.224;0.005;0.291;0.012;0.006;0.001;0.461;
2123;0.431;0.013;0.251;0.051;0.030;0.001;0.224;
2159;0.368;0.006;0.318;0.026;0.008;0.000;0.273;
2204;0.367;0.006;0.298;0.013;0.011;0.001;0.305;
2241;0.427;0.006;0.273;0.026;0.008;0.000;0.260;
2274;0.491;0.013;0.263;0.033;0.030;0.001;0.170;
2322;0.469;0.013;0.215;0.035;0.071;0.001;0.197;
2364;0.626;0.011;0.101;0.148;0.068;0.001;0.046;
2398;0.626;0.016;0.117;0.077;0.071;0.001;0.091;
2443;0.521;0.007;0.144;0.101;0.037;0.000;0.190;
2491;0.424;0.025;0.063;0.046;0.280;0.002;0.160;
2525;0.493;0.028;0.097;0.040;0.166;0.002;0.175;
2573;0.339;0.032;0.125;0.018;0.091;0.002;0.394;
2610;0.214;0.015;0.187;0.014;0.029;0.001;0.540;
2643;0.476;0.018;0.182;0.022;0.049;0.001;0.252;
2690;0.560;0.020;0.149;0.047;0.095;0.001;0.129;
2731;0.362;0.023;0.176;0.014;0.080;0.002;0.343;
2765;0.391;0.016;0.212;0.012;0.053;0.001;0.315;
2810;0.344;0.013;0.175;0.024;0.028;0.001;0.416;
2849;0.434;0.012;0.183;0.046;0.049;0.001;0.275;
2891;0.381;0.018;0.212;0.024;0.073;0.001;0.290;
2939;0.186;0.011;0.194;0.012;0.029;0.002;0.566;
2977;0.403;0.017;0.179;0.021;0.041;0.001;0.339;
3010;0.457;0.016;0.184;0.030;0.035;0.001;0.278;
3057;0.579;0.011;0.191;0.053;0.023;0.001;0.142;
3098;0.239;0.014;0.177;0.012;0.023;0.001;0.535;
3133;0.210;0.009;0.194;0.014;0.034;0.002;0.537;
3178;0.258;0.011;0.189;0.034;0.023;0.001;0.484;
3216;0.301;0.014;0.254;0.007;0.031;0.001;0.391;
3251;0.468;0.013;0.205;0.029;0.039;0.001;0.245;
3308;0.405;0.015;0.219;0.025;0.019;0.001;0.315;
3348;0.595;0.009;0.237;0.057;0.029;0.000;0.072;
3384;0.385;0.013;0.250;0.025;0.033;0.001;0.292;
3436;0.372;0.016;0.243;0.037;0.027;0.002;0.304;
3474;0.252;0.026;0.195;0.043;0.050;0.003;0.432;
3507;0.182;0.017;0.308;0.020;0.021;0.003;0.449;
3555;0.219;0.026;0.295;0.021;0.042;0.004;0.394;
3597;0.133;0.031;0.312;0.020;0.022;0.005;0.477;
3631;0.180;0.024;0.283;0.023;0.030;0.004;0.457;
3677;0.329;0.029;0.289;0.086;0.027;0.004;0.235;
3726;0.402;0.020;0.302;0.049;0.025;0.002;0.200;
3761;0.258;0.026;0.340;0.043;0.027;0.005;0.301;
3807;0.393;0.022;0.295;0.056;0.030;0.003;0.200;
3847;0.372;0.022;0.269;0.025;0.048;0.002;0.262;
3881;0.411;0.029;0.183;0.059;0.062;0.003;0.254;
3930;0.350;0.028;0.259;0.062;0.041;0.004;0.256;
3969;0.406;0.028;0.218;0.068;0.061;0.003;0.217;
4001;0.447;0.020;0.217;0.112;0.046;0.002;0.156;
4049;0.587;0.021;0.136;0.112;0.067;0.002;0.076;
4091;0.458;0.023;0.258;0.096;0.028;0.002;0.135;
4135;0.258;0.024;0.292;0.045;0.043;0.003;0.336;
4180;0.370;0.026;0.235;0.069;0.046;0.002;0.252;
4219;0.468;0.023;0.199;0.133;0.041;0.003;0.133;
4254;0.420;0.025;0.249;0.068;0.028;0.002;0.208;
4303;0.274;0.031;0.294;0.051;0.044;0.006;0.302;
4340;0.256;0.037;0.316;0.055;0.041;0.007;0.288;
4372;0.252;0.039;0.223;0.053;0.071;0.006;0.355;
4419;0.237;0.043;0.309;0.073;0.041;0.009;0.289;
4470;0.298;0.037;0.234;0.093;0.052;0.006;0.281;
4504;0.183;0.047;0.292;0.057;0.025;0.009;0.387;
4560;0.324;0.033;0.217;0.151;0.026;0.007;0.241;
4600;0.475;0.026;0.180;0.111;0.027;0.004;0.178;
4640;0.302;0.035;0.180;0.104;0.046;0.006;0.328;
4691;0.245;0.041;0.141;0.206;0.087;0.009;0.270;
4730;0.165;0.040;0.121;0.215;0.086;0.008;0.365;
4763;0.221;0.025;0.185;0.129;0.038;0.005;0.397;
4814;0.208;0.032;0.132;0.239;0.082;0.007;0.301;
4852;0.202;0.033;0.144;0.369;0.059;0.007;0.186;
4886;0.246;0.039;0.131;0.255;0.069;0.008;0.252;
4934;0.224;0.041;0.127;0.228;0.079;0.008;0.294;
4981;0.190;0.042;0.099;0.229;0.092;0.009;0.339;
5015;0.182;0.037;0.120;0.182;0.053;0.007;0.420;
5062;0.191;0.039;0.156;0.177;0.037;0.007;0.393;
5100;0.113;0.045;0.184;0.107;0.025;0.007;0.520;
5135;0.089;0.032;0.135;0.109;0.030;0.004;0.601;
5181;0.124;0.046;0.169;0.118;0.057;0.008;0.478;
5232;0.192;0.047;0.137;0.106;0.078;0.007;0.433;
5266;0.117;0.043;0.173;0.058;0.030;0.006;0.573;
5313;0.117;0.045;0.180;0.074;0.038;0.007;0.539;
5352;0.121;0.033;0.159;0.064;0.041;0.005;0.577;
5397;0.140;0.026;0.182;0.037;0.035;0.004;0.576;
5443;0.173;0.042;0.139;0.071;0.108;0.007;0.460;
5481;0.109;0.048;0.188;0.049;0.055;0.008;0.543;
5514;0.096;0.057;0.108;0.032;0.116;0.009;0.582;
5563;0.106;0.050;0.120;0.029;0.107;0.008;0.580;
5601;0.165;0.049;0.123;0.064;0.125;0.008;0.466;
5635;0.165;0.038;0.100;0.033;0.241;0.007;0.416;
5683;0.085;0.042;0.118;0.020;0.108;0.006;0.621;
5724;0.080;0.037;0.103;0.021;0.119;0.005;0.635;
5757;0.075;0.035;0.110;0.014;0.119;0.006;0.641;
5813;0.083;0.042;0.102;0.016;0.147;0.007;0.603;
5853;0.048;0.028;0.090;0.011;0.068;0.003;0.751;
5887;0.082;0.043;0.105;0.013;0.151;0.007;0.600;
5936;0.073;0.035;0.088;0.013;0.123;0.005;0.663;
5974;0.076;0.023;0.147;0.010;0.126;0.004;0.614;
6006;0.105;0.031;0.109;0.018;0.238;0.006;0.492;
6054;0.090;0.031;0.109;0.016;0.123;0.005;0.625;
6095;0.102;0.032;0.103;0.013;0.176;0.006;0.567;
6128;0.129;0.043;0.112;0.018;0.267;0.010;0.423;
6175;0.116;0.046;0.103;0.018;0.231;0.010;0.477;
6221;0.122;0.038;0.112;0.017;0.239;0.008;0.464;
6255;0.088;0.033;0.123;0.013;0.179;0.007;0.558;
6304;0.064;0.030;0.112;0.011;0.107;0.004;0.672;
6343;0.058;0.027;0.120;0.009;0.097;0.004;0.686;
6375;0.039;0.020;0.085;0.008;0.050;0.002;0.796;
6424;0.042;0.022;0.098;0.011;0.039;0.002;0.786;
6463;0.048;0.019;0.115;0.011;0.052;0.002;0.753;
6496;0.040;0.020;0.099;0.008;0.053;0.002;0.778;
6542;0.088;0.027;0.131;0.012;0.104;0.004;0.633;
6582;0.085;0.025;0.138;0.020;0.139;0.005;0.589;
6623;0.072;0.020;0.141;0.014;0.119;0.004;0.630;
6672;0.072;0.012;0.161;0.015;0.038;0.002;0.700;
6710;0.062;0.017;0.170;0.011;0.051;0.002;0.687;
6743;0.070;0.024;0.141;0.016;0.089;0.003;0.656;
6791;0.087;0.020;0.158;0.032;0.064;0.003;0.635;
6830;0.059;0.018;0.118;0.026;0.067;0.002;0.709;
6863;0.050;0.022;0.104;0.032;0.045;0.002;0.744;
6907;0.096;0.035;0.095;0.102;0.123;0.005;0.543;
6947;0.127;0.033;0.107;0.058;0.144;0.005;0.526;
6982;0.149;0.026;0.117;0.227;0.105;0.004;0.371;
7039;0.111;0.035;0.114;0.100;0.077;0.004;0.560;
7077;0.218;0.031;0.112;0.150;0.099;0.005;0.385;
7110;0.096;0.029;0.105;0.060;0.042;0.003;0.665;
7156;0.157;0.024;0.153;0.121;0.047;0.004;0.495;
7197;0.131;0.015;0.196;0.054;0.023;0.002;0.578;
7231;0.068;0.012;0.128;0.049;0.019;0.002;0.722;
7276;0.102;0.015;0.169;0.066;0.022;0.002;0.623;
7316;0.176;0.015;0.154;0.073;0.022;0.001;0.558;
7352;0.093;0.014;0.162;0.064;0.013;0.002;0.652;
7401;0.079;0.013;0.136;0.083;0.015;0.002;0.673;
7451;0.071;0.013;0.097;0.040;0.030;0.001;0.748;
7484;0.126;0.017;0.130;0.131;0.026;0.002;0.567;
7534;0.068;0.018;0.108;0.058;0.026;0.002;0.720;
7571;0.065;0.026;0.107;0.071;0.059;0.003;0.669;
7603;0.081;0.024;0.113;0.091;0.056;0.003;0.633;
7650;0.147;0.018;0.133;0.272;0.046;0.002;0.382;
7691;0.110;0.018;0.124;0.399;0.036;0.002;0.310;
7725;0.136;0.016;0.165;0.275;0.024;0.003;0.380;
7770;0.104;0.021;0.134;0.449;0.042;0.003;0.247;
7806;0.114;0.025;0.192;0.268;0.040;0.004;0.357;
7849;0.098;0.031;0.119;0.382;0.075;0.004;0.290;
7898;0.136;0.038;0.181;0.238;0.039;0.005;0.364;
7936;0.226;0.027;0.216;0.318;0.026;0.005;0.182;
7969;0.171;0.024;0.245;0.274;0.019;0.006;0.262;
8018;0.178;0.029;0.220;0.211;0.022;0.006;0.335;
8058;0.158;0.031;0.208;0.210;0.022;0.007;0.365;
8091;0.204;0.021;0.142;0.378;0.025;0.004;0.227;
8137;0.256;0.020;0.144;0.243;0.038;0.004;0.295;
8175;0.100;0.024;0.203;0.057;0.021;0.003;0.592;
8208;0.178;0.029;0.114;0.279;0.053;0.005;0.342;
8266;0.226;0.025;0.116;0.207;0.054;0.003;0.369;
8303;0.093;0.032;0.169;0.070;0.036;0.004;0.596;
8337;0.106;0.028;0.165;0.151;0.048;0.004;0.499;
8383;0.177;0.024;0.120;0.321;0.062;0.004;0.292;
8424;0.153;0.025;0.115;0.303;0.058;0.004;0.342;
8458;0.143;0.024;0.185;0.130;0.038;0.004;0.475;
8506;0.132;0.031;0.328;0.277;0.021;0.007;0.204;
8545;0.155;0.022;0.165;0.432;0.023;0.004;0.199;
8581;0.299;0.013;0.090;0.490;0.028;0.001;0.079;
8628;0.147;0.033;0.176;0.278;0.036;0.005;0.326;
8675;0.238;0.023;0.083;0.409;0.060;0.003;0.184;
8707;0.241;0.025;0.110;0.222;0.090;0.003;0.310;
8755;0.062;0.013;0.139;0.025;0.015;0.002;0.744;
8795;0.028;0.011;0.085;0.019;0.008;0.001;0.847;
8830;0.030;0.010;0.096;0.016;0.012;0.001;0.836;
8876;0.026;0.007;0.089;0.008;0.005;0.001;0.864;
8916;0.036;0.009;0.099;0.014;0.010;0.001;0.831;
8953;0.028;0.008;0.092;0.007;0.010;0.001;0.854;
9002;0.037;0.006;0.103;0.013;0.009;0.001;0.832;
9040;0.053;0.010;0.118;0.011;0.047;0.002;0.759;
9082;0.042;0.011;0.090;0.013;0.039;0.001;0.804;
9132;0.071;0.019;0.092;0.040;0.084;0.002;0.692;
9169;0.076;0.021;0.075;0.084;0.058;0.002;0.685;
9201;0.062;0.019;0.079;0.053;0.069;0.002;0.716;
9249;0.072;0.022;0.068;0.101;0.068;0.002;0.667;
9290;0.207;0.028;0.065;0.119;0.190;0.003;0.387;
9327;0.053;0.023;0.091;0.037;0.038;0.002;0.754;
9371;0.163;0.027;0.072;0.102;0.109;0.003;0.524;
9407;0.062;0.021;0.093;0.012;0.099;0.003;0.710;
9441;0.083;0.022;0.075;0.016;0.149;0.004;0.652;
9500;0.100;0.028;0.090;0.014;0.125;0.004;0.640;
9539;0.071;0.022;0.084;0.010;0.075;0.003;0.737;
9570;0.111;0.023;0.101;0.025;0.074;0.003;0.664;
9614;0.067;0.027;0.085;0.022;0.063;0.003;0.733;
9656;0.087;0.019;0.084;0.022;0.073;0.002;0.713;
9690;0.127;0.024;0.079;0.050;0.080;0.003;0.637;
9740;0.132;0.025;0.076;0.031;0.115;0.003;0.617;
9778;0.163;0.017;0.103;0.036;0.037;0.002;0.642;
9811;0.052;0.011;0.079;0.014;0.029;0.001;0.814;
9860;0.098;0.018;0.123;0.019;0.031;0.002;0.709;
9908;0.072;0.011;0.114;0.012;0.016;0.002;0.774;
9940;0.174;0.017;0.126;0.034;0.018;0.002;0.629;
9987;0.093;0.015;0.123;0.022;0.018;0.002;0.728;
10028;0.166;0.021;0.144;0.028;0.018;0.002;0.621;
10061;0.142;0.013;0.149;0.026;0.020;0.002;0.647;
10105;0.064;0.009;0.103;0.008;0.011;0.001;0.804;
10143;0.099;0.017;0.130;0.010;0.022;0.002;0.721;
10181;0.213;0.022;0.119;0.047;0.048;0.002;0.549;
10228;0.068;0.017;0.124;0.011;0.026;0.002;0.752;
10266;0.147;0.017;0.140;0.020;0.022;0.002;0.652;
10309;0.127;0.012;0.133;0.018;0.025;0.002;0.684;
10354;0.060;0.013;0.110;0.008;0.020;0.002;0.787;
10396;0.042;0.007;0.107;0.004;0.011;0.001;0.827;
10430;0.051;0.012;0.101;0.008;0.029;0.001;0.796;
10477;0.087;0.013;0.128;0.008;0.016;0.002;0.746;
10517;0.127;0.020;0.153;0.015;0.023;0.003;0.660;
10553;0.232;0.014;0.156;0.047;0.015;0.002;0.534;
10601;0.287;0.018;0.158;0.025;0.030;0.001;0.481;
10641;0.142;0.016;0.141;0.014;0.038;0.002;0.647;
10673;0.052;0.010;0.134;0.007;0.020;0.001;0.776;
10731;0.036;0.009;0.094;0.005;0.018;0.001;0.836;
10768;0.049;0.008;0.112;0.006;0.024;0.001;0.799;
10801;0.061;0.012;0.099;0.008;0.028;0.002;0.789;
10847;0.086;0.021;0.137;0.015;0.033;0.003;0.705;
10888;0.138;0.028;0.136;0.029;0.063;0.004;0.601;
10923;0.195;0.013;0.154;0.022;0.025;0.002;0.589;
10969;0.345;0.016;0.125;0.061;0.023;0.001;0.429;
11005;0.262;0.022;0.117;0.065;0.020;0.002;0.511;
11040;0.419;0.017;0.124;0.095;0.025;0.002;0.318;
11085;0.096;0.013;0.119;0.012;0.011;0.002;0.747;
11134;0.130;0.013;0.112;0.036;0.014;0.002;0.694;
11167;0.102;0.008;0.110;0.017;0.013;0.001;0.750;
11212;0.189;0.013;0.115;0.038;0.015;0.002;0.628;
11253;0.227;0.024;0.117;0.083;0.067;0.003;0.480;
11288;0.084;0.015;0.138;0.020;0.037;0.002;0.703;
11333;0.152;0.014;0.095;0.052;0.025;0.002;0.660;
11371;0.067;0.007;0.084;0.015;0.018;0.001;0.807;
11403;0.077;0.013;0.088;0.021;0.043;0.002;0.757;
11457;0.237;0.014;0.104;0.036;0.056;0.002;0.552;
11497;0.201;0.015;0.130;0.021;0.074;0.002;0.558;
11545;0.350;0.015;0.128;0.034;0.058;0.001;0.414;
11591;0.083;0.014;0.095;0.013;0.029;0.002;0.766;
11632;0.068;0.010;0.101;0.013;0.012;0.001;0.795;
11666;0.028;0.006;0.076;0.004;0.008;0.001;0.876;
11717;0.041;0.008;0.094;0.006;0.018;0.001;0.832;
11757;0.044;0.008;0.113;0.006;0.027;0.001;0.800;
11791;0.058;0.021;0.133;0.008;0.075;0.003;0.702;
11837;0.076;0.028;0.094;0.017;0.156;0.005;0.624;
11880;0.081;0.026;0.090;0.015;0.181;0.006;0.600;
11919;0.042;0.008;0.120;0.007;0.063;0.002;0.758;
11982;0.064;0.012;0.097;0.018;0.105;0.003;0.702;
12028;0.098;0.014;0.133;0.019;0.103;0.004;0.629;
12070;0.171;0.022;0.124;0.024;0.233;0.007;0.419;
12135;0.125;0.021;0.111;0.012;0.060;0.003;0.667;
12183;0.240;0.035;0.088;0.033;0.165;0.005;0.434;
12220;0.138;0.037;0.089;0.023;0.125;0.005;0.583;
12275;0.248;0.035;0.076;0.063;0.170;0.004;0.404;
12314;0.270;0.030;0.067;0.124;0.099;0.003;0.406;
12349;0.291;0.040;0.063;0.142;0.110;0.004;0.349;
12400;0.380;0.032;0.043;0.079;0.251;0.003;0.213;
12449;0.190;0.046;0.078;0.043;0.160;0.006;0.478;
12483;0.200;0.037;0.081;0.033;0.099;0.003;0.547;
12535;0.146;0.052;0.080;0.025;0.159;0.006;0.532;
12576;0.216;0.043;0.063;0.084;0.158;0.005;0.432;
12607;0.106;0.039;0.071;0.032;0.108;0.004;0.639;
12644;0.285;0.043;0.057;0.067;0.253;0.004;0.291;
12694;0.268;0.040;0.045;0.030;0.414;0.003;0.200;
12737;0.215;0.059;0.055;0.054;0.241;0.007;0.370;
12772;0.327;0.064;0.045;0.055;0.277;0.005;0.227;
12820;0.306;0.027;0.029;0.049;0.458;0.001;0.128;
12869;0.416;0.034;0.040;0.072;0.264;0.002;0.172;
12902;0.315;0.052;0.051;0.051;0.235;0.004;0.292;
12953;0.154;0.066;0.063;0.047;0.148;0.007;0.514;
12992;0.273;0.056;0.052;0.133;0.134;0.006;0.347;
13027;0.352;0.050;0.024;0.088;0.342;0.003;0.141;
13082;0.289;0.068;0.047;0.072;0.206;0.006;0.312;
13124;0.248;0.034;0.072;0.034;0.252;0.004;0.355;
13158;0.267;0.027;0.046;0.036;0.428;0.002;0.193;
13213;0.231;0.045;0.079;0.030;0.252;0.006;0.357;
13250;0.153;0.041;0.072;0.025;0.158;0.005;0.547;
13294;0.109;0.037;0.118;0.015;0.157;0.006;0.559;
13345;0.126;0.036;0.111;0.016;0.212;0.006;0.492;
13384;0.126;0.040;0.101;0.017;0.253;0.008;0.455;
13417;0.088;0.035;0.105;0.012;0.151;0.006;0.602;
13466;0.078;0.028;0.093;0.012;0.107;0.004;0.678;
13512;0.037;0.016;0.101;0.008;0.037;0.002;0.799;
13545;0.055;0.018;0.101;0.009;0.056;0.002;0.759;
13597;0.075;0.024;0.094;0.013;0.098;0.003;0.693;
13637;0.147;0.029;0.118;0.017;0.108;0.003;0.578;
13671;0.059;0.020;0.081;0.012;0.039;0.002;0.787;
13728;0.094;0.025;0.076;0.020;0.049;0.002;0.735;
13767;0.083;0.025;0.075;0.023;0.091;0.003;0.700;
13801;0.097;0.022;0.106;0.012;0.084;0.003;0.677;
13854;0.044;0.020;0.080;0.007;0.038;0.002;0.809;
13893;0.137;0.025;0.104;0.016;0.115;0.003;0.599;
13931;0.107;0.016;0.115;0.015;0.074;0.002;0.669;
13985;0.078;0.019;0.122;0.011;0.081;0.003;0.687;
14026;0.058;0.018;0.105;0.007;0.058;0.002;0.751;
14061;0.050;0.014;0.099;0.006;0.042;0.002;0.787;
14111;0.075;0.017;0.110;0.010;0.069;0.002;0.716;
14158;0.118;0.030;0.084;0.043;0.118;0.004;0.603;
14194;0.077;0.032;0.074;0.041;0.068;0.003;0.705;
14246;0.077;0.031;0.079;0.027;0.072;0.003;0.712;
14287;0.130;0.035;0.064;0.036;0.219;0.005;0.511;
14321;0.159;0.036;0.063;0.067;0.154;0.004;0.516;
14371;0.083;0.024;0.071;0.030;0.089;0.003;0.700;
14412;0.101;0.035;0.057;0.046;0.144;0.004;0.613;
14445;0.087;0.022;0.074;0.026;0.122;0.003;0.665;
14496;0.176;0.026;0.092;0.037;0.135;0.003;0.531;
14539;0.079;0.032;0.066;0.045;0.115;0.004;0.658;
14581;0.062;0.035;0.080;0.021;0.077;0.004;0.722;
14629;0.076;0.014;0.115;0.013;0.020;0.002;0.760;
14671;0.104;0.015;0.099;0.063;0.038;0.002;0.680;
14703;0.037;0.012;0.088;0.007;0.020;0.001;0.835;
14751;0.049;0.010;0.096;0.009;0.014;0.001;0.821;
14788;0.103;0.027;0.085;0.010;0.066;0.003;0.707;
14821;0.089;0.031;0.124;0.008;0.079;0.005;0.664;
14871;0.127;0.043;0.106;0.015;0.189;0.008;0.512;
14909;0.101;0.029;0.126;0.015;0.181;0.007;0.541;
14942;0.075;0.020;0.137;0.012;0.132;0.005;0.618;
14999;0.102;0.027;0.144;0.014;0.182;0.006;0.525;
15038;0.061;0.012;0.159;0.009;0.072;0.003;0.684;
15072;0.136;0.027;0.132;0.018;0.192;0.006;0.489;
15122;0.182;0.023;0.126;0.024;0.377;0.007;0.261;
15162;0.167;0.024;0.167;0.016;0.166;0.006;0.453;
15198;0.134;0.023;0.136;0.026;0.230;0.008;0.443;
15248;0.146;0.024;0.141;0.021;0.212;0.007;0.450;
15286;0.144;0.024;0.172;0.017;0.279;0.008;0.356;
15321;0.081;0.015;0.182;0.008;0.076;0.003;0.635;
15369;0.112;0.021;0.158;0.016;0.217;0.007;0.469;
15417;0.089;0.015;0.174;0.013;0.159;0.006;0.545;
15451;0.087;0.014;0.176;0.011;0.131;0.005;0.576;
15499;0.076;0.018;0.160;0.009;0.124;0.005;0.608;
15544;0.085;0.020;0.168;0.009;0.128;0.006;0.584;
15578;0.121;0.025;0.142;0.014;0.159;0.006;0.533;
15629;0.105;0.023;0.116;0.015;0.153;0.005;0.583;
15667;0.066;0.013;0.135;0.007;0.052;0.002;0.724;
15702;0.044;0.007;0.133;0.005;0.036;0.002;0.775;
15751;0.043;0.008;0.129;0.006;0.067;0.002;0.745;
15790;0.036;0.006;0.152;0.004;0.048;0.002;0.753;
15835;0.047;0.006;0.219;0.005;0.063;0.003;0.657;
15887;0.044;0.007;0.187;0.003;0.025;0.002;0.732;
15926;0.085;0.013;0.340;0.008;0.132;0.004;0.420;
15963;0.095;0.016;0.260;0.010;0.165;0.005;0.449;
16016;0.076;0.013;0.320;0.007;0.135;0.004;0.446;
16056;0.077;0.015;0.231;0.008;0.111;0.004;0.555;
16093;0.091;0.027;0.240;0.011;0.173;0.007;0.452;
16142;0.114;0.028;0.218;0.014;0.244;0.008;0.375;
16181;0.091;0.016;0.278;0.010;0.164;0.005;0.437;
16215;0.071;0.015;0.367;0.005;0.082;0.003;0.457;
16271;0.081;0.020;0.274;0.007;0.100;0.004;0.513;
16314;0.098;0.024;0.225;0.010;0.166;0.006;0.471;
16348;0.091;0.021;0.197;0.011;0.173;0.006;0.501;
16399;0.101;0.024;0.192;0.014;0.167;0.007;0.494;
16438;0.099;0.018;0.176;0.014;0.137;0.005;0.550;
16470;0.091;0.016;0.147;0.014;0.146;0.005;0.581;
16517;0.077;0.011;0.142;0.012;0.058;0.003;0.697;
16557;0.171;0.022;0.130;0.018;0.152;0.004;0.502;
16593;0.153;0.024;0.138;0.020;0.183;0.005;0.477;
16646;0.176;0.029;0.184;0.018;0.247;0.009;0.337;
16695;0.293;0.022;0.130;0.012;0.124;0.003;0.415;
16731;0.202;0.023;0.125;0.016;0.147;0.004;0.483;
16783;0.102;0.026;0.103;0.014;0.121;0.004;0.630;
16825;0.168;0.026;0.138;0.026;0.276;0.008;0.357;
16861;0.148;0.025;0.065;0.017;0.593;0.007;0.145;
16910;0.149;0.026;0.081;0.020;0.526;0.008;0.191;
16948;0.146;0.027;0.098;0.021;0.499;0.008;0.202;
16983;0.150;0.031;0.129;0.020;0.351;0.009;0.310;
17031;0.154;0.022;0.083;0.016;0.584;0.006;0.135;
17072;0.141;0.025;0.086;0.017;0.555;0.007;0.168;
17117;0.128;0.026;0.134;0.028;0.257;0.007;0.420;
17166;0.125;0.032;0.141;0.024;0.274;0.009;0.395;
17205;0.124;0.025;0.123;0.028;0.318;0.008;0.374;
17236;0.125;0.030;0.143;0.021;0.286;0.009;0.386;
17285;0.119;0.024;0.176;0.021;0.202;0.007;0.452;
17326;0.072;0.008;0.171;0.011;0.051;0.002;0.684;
17360;0.100;0.010;0.189;0.017;0.088;0.003;0.593;
17408;0.059;0.008;0.152;0.017;0.059;0.002;0.702;
17447;0.152;0.010;0.137;0.054;0.027;0.002;0.618;
17482;0.117;0.007;0.167;0.041;0.014;0.002;0.653;
17543;0.092;0.006;0.152;0.021;0.012;0.002;0.716;
17584;0.043;0.008;0.114;0.006;0.021;0.001;0.807;
17618;0.085;0.023;0.123;0.016;0.119;0.004;0.630;
17667;0.108;0.015;0.173;0.018;0.139;0.005;0.542;
17705;0.089;0.010;0.190;0.015;0.062;0.004;0.631;
17737;0.059;0.007;0.183;0.008;0.057;0.002;0.683;
17785;0.057;0.008;0.152;0.010;0.053;0.003;0.716;
17823;0.072;0.005;0.173;0.007;0.010;0.002;0.730;
17856;0.109;0.008;0.145;0.012;0.011;0.002;0.713;
17910;0.143;0.009;0.185;0.026;0.012;0.003;0.621;
17959;0.128;0.008;0.155;0.020;0.017;0.002;0.670;
17995;0.110;0.009;0.149;0.017;0.022;0.002;0.691;
18048;0.100;0.012;0.126;0.011;0.038;0.002;0.711;
18086;0.197;0.013;0.126;0.022;0.041;0.002;0.600;
18119;0.170;0.021;0.119;0.029;0.090;0.003;0.568;
18169;0.103;0.025;0.145;0.013;0.135;0.005;0.576;
18209;0.117;0.013;0.119;0.013;0.039;0.002;0.697;
18244;0.101;0.018;0.197;0.009;0.082;0.004;0.590;
18293;0.052;0.011;0.107;0.005;0.025;0.002;0.800;
18336;0.086;0.010;0.144;0.009;0.049;0.002;0.699;
18381;0.189;0.013;0.148;0.016;0.080;0.003;0.552;
18429;0.054;0.007;0.170;0.006;0.063;0.002;0.698;
18469;0.065;0.011;0.181;0.008;0.073;0.002;0.661;
18501;0.072;0.015;0.240;0.008;0.109;0.003;0.553;
18551;0.101;0.032;0.138;0.016;0.251;0.008;0.454;
18589;0.100;0.041;0.116;0.019;0.233;0.009;0.481;
18622;0.119;0.042;0.073;0.019;0.449;0.009;0.289;
18675;0.114;0.044;0.074;0.020;0.449;0.009;0.290;
18717;0.119;0.029;0.055;0.023;0.563;0.006;0.206;
18751;0.117;0.035;0.065;0.023;0.534;0.007;0.218;
18814;0.135;0.039;0.059;0.021;0.514;0.006;0.225;
18854;0.138;0.038;0.087;0.022;0.384;0.008;0.323;
18889;0.176;0.035;0.081;0.029;0.411;0.007;0.262;
18939;0.144;0.030;0.051;0.024;0.568;0.005;0.177;
18978;0.181;0.027;0.058;0.027;0.536;0.004;0.167;
19010;0.172;0.029;0.053;0.028;0.557;0.004;0.156;
19057;0.145;0.039;0.076;0.021;0.489;0.008;0.222;
19098;0.142;0.031;0.060;0.025;0.577;0.006;0.160;
19138;0.172;0.037;0.078;0.021;0.469;0.007;0.216;
19188;0.124;0.048;0.100;0.023;0.242;0.008;0.455;
19237;0.174;0.045;0.106;0.030;0.249;0.007;0.388;
19269;0.129;0.047;0.115;0.023;0.184;0.008;0.494;
19317;0.134;0.048;0.105;0.023;0.217;0.008;0.464;
19357;0.168;0.046;0.096;0.025;0.283;0.008;0.374;
19392;0.210;0.035;0.057;0.027;0.465;0.005;0.201;
19441;0.146;0.041;0.085;0.031;0.219;0.007;0.470;
19480;0.194;0.043;0.089;0.032;0.263;0.007;0.371;
19513;0.162;0.047;0.087;0.032;0.255;0.008;0.409;
19561;0.176;0.046;0.098;0.031;0.255;0.008;0.387;
19602;0.203;0.049;0.087;0.031;0.341;0.009;0.280;
19643;0.136;0.055;0.120;0.029;0.217;0.012;0.433;
19689;0.163;0.055;0.119;0.028;0.162;0.009;0.464;
19730;0.173;0.040;0.130;0.027;0.111;0.006;0.514;
19765;0.185;0.037;0.128;0.027;0.130;0.006;0.487;
19813;0.196;0.047;0.106;0.041;0.159;0.008;0.443;
19852;0.193;0.046;0.111;0.061;0.095;0.006;0.487;
19885;0.225;0.038;0.108;0.047;0.078;0.004;0.501;
19939;0.350;0.039;0.123;0.034;0.078;0.003;0.374;
19979;0.405;0.019;0.229;0.024;0.073;0.001;0.249;
20016;0.556;0.017;0.281;0.014;0.077;0.003;0.052;
20076;0.718;0.011;0.141;0.030;0.066;0.001;0.032;
20114;0.719;0.005;0.114;0.085;0.045;0.001;0.030;
20147;0.610;0.008;0.166;0.045;0.095;0.001;0.075;
20198;0.479;0.005;0.219;0.038;0.044;0.000;0.214;
20243;0.579;0.009;0.133;0.086;0.093;0.001;0.100;
20278;0.381;0.008;0.223;0.041;0.112;0.001;0.233;
20331;0.347;0.009;0.243;0.018;0.042;0.001;0.341;
20377;0.261;0.011;0.272;0.016;0.043;0.002;0.395;
20411;0.267;0.020;0.267;0.016;0.081;0.003;0.346;
20464;0.345;0.011;0.275;0.029;0.053;0.001;0.286;
20513;0.360;0.020;0.226;0.025;0.094;0.003;0.272;
20547;0.354;0.017;0.211;0.030;0.115;0.002;0.271;
20594;0.358;0.028;0.162;0.019;0.220;0.005;0.208;
20642;0.458;0.023;0.155;0.028;0.142;0.003;0.192;
20676;0.470;0.018;0.172;0.036;0.116;0.001;0.186;
20726;0.533;0.013;0.193;0.048;0.048;0.001;0.164;
20769;0.432;0.016;0.250;0.026;0.037;0.001;0.237;
20804;0.338;0.026;0.226;0.045;0.066;0.004;0.295;
20853;0.571;0.016;0.130;0.041;0.134;0.001;0.107;
20898;0.499;0.018;0.145;0.033;0.175;0.002;0.129;
20942;0.530;0.020;0.138;0.031;0.107;0.002;0.173;
20992;0.647;0.015;0.160;0.047;0.071;0.001;0.058;
21037;0.540;0.013;0.196;0.028;0.107;0.001;0.115;
21069;0.498;0.007;0.270;0.023;0.042;0.001;0.160;
21116;0.497;0.010;0.257;0.019;0.053;0.001;0.163;
21152;0.335;0.009;0.313;0.022;0.073;0.001;0.246;
21186;0.321;0.007;0.301;0.026;0.036;0.001;0.309;
21235;0.223;0.007;0.272;0.030;0.024;0.001;0.444;
21275;0.282;0.012;0.217;0.030;0.041;0.001;0.417;
21307;0.365;0.010;0.211;0.128;0.046;0.001;0.241;
21364;0.348;0.010;0.230;0.034;0.105;0.001;0.272;
21403;0.279;0.009;0.285;0.021;0.033;0.002;0.372;
21442;0.465;0.008;0.237;0.053;0.026;0.000;0.210;
21492;0.413;0.008;0.261;0.037;0.044;0.000;0.237;
21535;0.513;0.009;0.225;0.049;0.043;0.000;0.160;
21571;0.522;0.008;0.111;0.197;0.121;0.001;0.040;
21619;0.473;0.006;0.241;0.119;0.045;0.001;0.116;
21663;0.499;0.006;0.269;0.077;0.019;0.000;0.130;
21698;0.515;0.004;0.267;0.044;0.022;0.000;0.148;
21748;0.528;0.004;0.269;0.086;0.019;0.000;0.094;
21798;0.478;0.004;0.273;0.096;0.016;0.001;0.132;
21834;0.406;0.005;0.309;0.092;0.015;0.001;0.173;
21884;0.349;0.006;0.343;0.039;0.025;0.001;0.237;
21923;0.405;0.006;0.330;0.046;0.011;0.001;0.202;
21958;0.453;0.010;0.238;0.078;0.035;0.001;0.185;
22013;0.504;0.007;0.213;0.110;0.053;0.001;0.113;
22054;0.549;0.006;0.211;0.103;0.029;0.000;0.102;
22091;0.577;0.006;0.208;0.091;0.028;0.001;0.089;
22141;0.480;0.007;0.206;0.040;0.058;0.001;0.208;
22178;0.542;0.005;0.244;0.047;0.031;0.000;0.131;
22218;0.502;0.015;0.209;0.040;0.079;0.001;0.153;
22269;0.558;0.008;0.234;0.027;0.027;0.000;0.146;
22308;0.555;0.010;0.237;0.042;0.039;0.000;0.116;
22341;0.495;0.006;0.248;0.104;0.034;0.000;0.113;
22387;0.548;0.004;0.258;0.094;0.013;0.001;0.083;
22426;0.502;0.006;0.242;0.099;0.033;0.000;0.117;
22462;0.513;0.005;0.234;0.130;0.054;0.001;0.064;
22513;0.584;0.004;0.267;0.071;0.016;0.000;0.058;
22552;0.496;0.003;0.315;0.067;0.008;0.001;0.110;
22586;0.612;0.003;0.248;0.082;0.009;0.000;0.045;
22643;0.459;0.004;0.269;0.042;0.008;0.000;0.218;
22680;0.498;0.005;0.247;0.122;0.019;0.001;0.108;
22713;0.365;0.006;0.256;0.064;0.011;0.001;0.297;
22763;0.520;0.004;0.273;0.033;0.017;0.000;0.153;
22803;0.457;0.004;0.299;0.027;0.013;0.001;0.198;
22835;0.568;0.005;0.247;0.038;0.036;0.000;0.106;
22883;0.445;0.005;0.266;0.042;0.031;0.000;0.210;
22924;0.210;0.008;0.323;0.010;0.016;0.002;0.431;
22960;0.241;0.007;0.258;0.016;0.019;0.002;0.456;
23009;0.359;0.006;0.230;0.015;0.020;0.001;0.368;
23055;0.376;0.006;0.225;0.018;0.015;0.001;0.359;
23089;0.377;0.005;0.261;0.011;0.005;0.001;0.339;
23141;0.614;0.004;0.236;0.016;0.010;0.000;0.119;
23181;0.533;0.007;0.243;0.036;0.012;0.000;0.169;
23218;0.576;0.006;0.267;0.027;0.017;0.001;0.107;
23269;0.577;0.007;0.187;0.093;0.040;0.001;0.096;
23310;0.487;0.007;0.235;0.077;0.012;0.001;0.181;
23344;0.499;0.006;0.251;0.043;0.012;0.000;0.190;
23394;0.533;0.007;0.228;0.115;0.037;0.000;0.080;
23441;0.444;0.005;0.229;0.221;0.020;0.001;0.080;
23482;0.492;0.005;0.239;0.148;0.052;0.000;0.064;
23532;0.482;0.006;0.229;0.169;0.038;0.001;0.076;
23575;0.399;0.012;0.264;0.060;0.032;0.001;0.233;
23612;0.296;0.012;0.296;0.021;0.074;0.002;0.300;
23661;0.323;0.020;0.255;0.079;0.079;0.002;0.243;
23701;0.441;0.019;0.228;0.110;0.076;0.002;0.123;
23733;0.480;0.014;0.220;0.066;0.111;0.001;0.107;
23784;0.440;0.016;0.243;0.042;0.066;0.001;0.192;
23823;0.465;0.007;0.173;0.190;0.079;0.001;0.086;
23856;0.478;0.006;0.252;0.118;0.027;0.001;0.119;
23914;0.467;0.006;0.257;0.132;0.041;0.000;0.096;
23954;0.577;0.006;0.228;0.087;0.028;0.000;0.073;
23987;0.531;0.007;0.167;0.201;0.034;0.000;0.061;
24034;0.502;0.011;0.212;0.128;0.026;0.001;0.121;
24072;0.511;0.010;0.228;0.071;0.015;0.000;0.166;
24107;0.538;0.007;0.217;0.102;0.014;0.001;0.120;
24158;0.476;0.009;0.238;0.073;0.020;0.001;0.182;
24196;0.481;0.013;0.206;0.047;0.033;0.001;0.218;
24241;0.472;0.006;0.262;0.018;0.010;0.000;0.232;
24292;0.635;0.007;0.191;0.073;0.038;0.000;0.056;
24341;0.605;0.008;0.151;0.090;0.060;0.000;0.085;
24376;0.613;0.006;0.192;0.056;0.061;0.001;0.071;
24427;0.410;0.012;0.198;0.052;0.032;0.001;0.294;
24465;0.592;0.007;0.160;0.137;0.027;0.001;0.076;
24497;0.625;0.010;0.171;0.050;0.027;0.000;0.117;
24547;0.642;0.006;0.198;0.058;0.017;0.000;0.080;
24590;0.505;0.006;0.273;0.037;0.017;0.000;0.161;
24626;0.460;0.008;0.246;0.039;0.015;0.001;0.230;
24673;0.563;0.007;0.194;0.046;0.016;0.000;0.173;
24714;0.545;0.006;0.213;0.078;0.008;0.001;0.150;
24758;0.510;0.009;0.170;0.083;0.032;0.001;0.196;
24808;0.275;0.013;0.225;0.022;0.038;0.002;0.424;
24846;0.516;0.011;0.204;0.039;0.043;0.000;0.186;
24880;0.586;0.009;0.203;0.021;0.040;0.001;0.141;
24930;0.660;0.011;0.148;0.038;0.067;0.001;0.076;
24968;0.625;0.010;0.188;0.027;0.076;0.001;0.072;
25001;0.623;0.011;0.140;0.041;0.101;0.001;0.083;
25050;0.599;0.010;0.177;0.017;0.046;0.001;0.150;
25090;0.516;0.006;0.238;0.015;0.036;0.001;0.187;
25123;0.420;0.005;0.239;0.011;0.022;0.001;0.302;
25179;0.545;0.006;0.223;0.046;0.046;0.000;0.133;
25218;0.400;0.008;0.280;0.026;0.042;0.001;0.243;
25251;0.402;0.017;0.230;0.034;0.144;0.002;0.172;
25298;0.343;0.020;0.239;0.026;0.175;0.003;0.194;
25332;0.337;0.012;0.336;0.023;0.091;0.001;0.200;
25370;0.349;0.018;0.216;0.037;0.246;0.003;0.132;
25418;0.493;0.014;0.200;0.057;0.179;0.002;0.054;
25458;0.438;0.015;0.292;0.053;0.151;0.003;0.049;
25491;0.354;0.011;0.374;0.058;0.165;0.003;0.035;
25542;0.406;0.005;0.460;0.038;0.052;0.001;0.039;
25592;0.477;0.023;0.227;0.016;0.208;0.008;0.042;
25628;0.297;0.020;0.494;0.009;0.100;0.017;0.063;
25680;0.085;0.007;0.801;0.008;0.052;0.025;0.023;
25724;0.056;0.007;0.714;0.028;0.092;0.015;0.090;
25758;0.128;0.008;0.295;0.076;0.070;0.009;0.413;
25810;0.332;0.007;0.355;0.016;0.067;0.003;0.220;
25850;0.250;0.025;0.591;0.006;0.075;0.013;0.039;
25883;0.276;0.015;0.578;0.007;0.079;0.006;0.039;
25932;0.261;0.018;0.275;0.022;0.351;0.007;0.066;
25972;0.310;0.019;0.106;0.023;0.512;0.004;0.026;
26014;0.362;0.026;0.191;0.045;0.338;0.007;0.030;
26065;0.255;0.013;0.157;0.071;0.480;0.004;0.020;
26104;0.217;0.008;0.319;0.186;0.239;0.005;0.026;
26138;0.364;0.024;0.295;0.025;0.242;0.013;0.037;
26189;0.286;0.020;0.550;0.006;0.078;0.015;0.043;
26227;0.250;0.029;0.504;0.009;0.148;0.018;0.042;
26261;0.184;0.021;0.590;0.007;0.117;0.017;0.063;
26310;0.282;0.049;0.371;0.015;0.227;0.023;0.033;
26349;0.251;0.051;0.215;0.018;0.416;0.023;0.026;
26382;0.272;0.061;0.267;0.018;0.304;0.026;0.052;
26442;0.348;0.035;0.280;0.014;0.190;0.013;0.120;
26482;0.414;0.018;0.267;0.010;0.108;0.003;0.180;
26517;0.540;0.038;0.106;0.015;0.226;0.004;0.071;
26563;0.393;0.041;0.098;0.015;0.377;0.006;0.070;
26600;0.285;0.033;0.336;0.021;0.284;0.012;0.028;
26644;0.263;0.072;0.378;0.015;0.205;0.026;0.040;
26694;0.279;0.074;0.294;0.018;0.248;0.029;0.057;
26732;0.181;0.054;0.498;0.012;0.193;0.028;0.034;
26766;0.260;0.084;0.240;0.019;0.326;0.030;0.042;
26814;0.230;0.085;0.234;0.020;0.363;0.030;0.039;
26863;0.240;0.073;0.143;0.018;0.467;0.024;0.035;
26898;0.219;0.080;0.175;0.020;0.432;0.027;0.048;
26945;0.213;0.054;0.286;0.018;0.355;0.021;0.053;
26988;0.160;0.039;0.241;0.016;0.504;0.015;0.026;
27021;0.201;0.055;0.194;0.017;0.463;0.021;0.050;
27068;0.204;0.069;0.219;0.017;0.425;0.024;0.041;
27107;0.207;0.062;0.240;0.017;0.391;0.022;0.061;
27142;0.211;0.015;0.486;0.020;0.202;0.009;0.057;
27193;0.266;0.009;0.502;0.044;0.128;0.009;0.043;
27230;0.287;0.008;0.514;0.032;0.105;0.009;0.045;
27274;0.340;0.008;0.319;0.107;0.169;0.006;0.050;
27325;0.412;0.007;0.230;0.108;0.180;0.003;0.060;
27363;0.392;0.008;0.425;0.022;0.080;0.003;0.070;
27395;0.446;0.021;0.271;0.018;0.174;0.005;0.065;
27443;0.430;0.023;0.203;0.018;0.266;0.007;0.053;
27482;0.305;0.031;0.332;0.016;0.247;0.016;0.052;
27515;0.245;0.031;0.438;0.014;0.209;0.019;0.044;
27564;0.266;0.032;0.309;0.021;0.315;0.017;0.040;
27601;0.263;0.053;0.202;0.018;0.394;0.020;0.049;
27634;0.287;0.010;0.390;0.041;0.158;0.004;0.111;
27692;0.412;0.010;0.309;0.059;0.122;0.004;0.083;
27729;0.432;0.009;0.264;0.086;0.146;0.003;0.060;
27761;0.426;0.013;0.365;0.020;0.090;0.004;0.082;
27809;0.432;0.006;0.388;0.032;0.045;0.003;0.093;
27849;0.416;0.004;0.405;0.061;0.027;0.003;0.084;
27882;0.430;0.004;0.352;0.038;0.023;0.002;0.152;
27931;0.501;0.008;0.275;0.042;0.081;0.002;0.091;
27969;0.435;0.008;0.339;0.027;0.049;0.002;0.139;
28002;0.369;0.010;0.418;0.012;0.057;0.002;0.133;
28049;0.349;0.019;0.349;0.006;0.087;0.002;0.188;
28097;0.468;0.023;0.254;0.010;0.082;0.002;0.160;
28129;0.363;0.026;0.268;0.013;0.155;0.003;0.172;
28176;0.381;0.032;0.157;0.016;0.270;0.004;0.139;
28216;0.320;0.032;0.266;0.014;0.167;0.004;0.197;
28248;0.395;0.032;0.233;0.013;0.172;0.005;0.150;
28299;0.284;0.032;0.355;0.012;0.156;0.005;0.157;
28339;0.305;0.033;0.351;0.008;0.106;0.004;0.193;
28373;0.313;0.030;0.307;0.009;0.128;0.004;0.210;
28420;0.353;0.031;0.310;0.011;0.156;0.004;0.135;
28459;0.378;0.023;0.266;0.014;0.178;0.003;0.137;
28499;0.437;0.026;0.220;0.019;0.161;0.003;0.133;
28547;0.386;0.025;0.197;0.017;0.269;0.004;0.103;
28587;0.358;0.030;0.125;0.014;0.357;0.005;0.111;
28619;0.282;0.025;0.240;0.012;0.101;0.003;0.337;
28668;0.349;0.025;0.229;0.011;0.126;0.003;0.257;
28708;0.365;0.023;0.216;0.012;0.187;0.004;0.192;
28744;0.260;0.028;0.319;0.010;0.160;0.005;0.217;
28797;0.232;0.024;0.317;0.010;0.148;0.005;0.264;
28835;0.321;0.027;0.289;0.010;0.138;0.004;0.211;
28875;0.283;0.029;0.268;0.011;0.187;0.005;0.216;
28934;0.216;0.027;0.305;0.010;0.144;0.005;0.292;
28973;0.329;0.027;0.203;0.015;0.312;0.004;0.108;
29007;0.263;0.028;0.252;0.013;0.337;0.006;0.101;
29060;0.275;0.033;0.245;0.013;0.235;0.006;0.192;
29100;0.256;0.030;0.226;0.013;0.330;0.006;0.139;
29134;0.261;0.026;0.216;0.014;0.200;0.005;0.278;
29183;0.252;0.025;0.249;0.012;0.197;0.005;0.260;
29223;0.212;0.030;0.243;0.014;0.323;0.007;0.170;
29259;0.310;0.033;0.248;0.013;0.262;0.006;0.129;
29309;0.412;0.013;0.345;0.016;0.142;0.003;0.070;
29359;0.207;0.019;0.554;0.017;0.176;0.006;0.020;
29393;0.495;0.012;0.242;0.068;0.158;0.004;0.021;
29443;0.571;0.017;0.162;0.047;0.182;0.003;0.019;
29482;0.439;0.010;0.395;0.021;0.092;0.004;0.040;
29514;0.391;0.006;0.450;0.013;0.061;0.002;0.076;
29566;0.472;0.006;0.380;0.020;0.050;0.002;0.070;
29606;0.437;0.006;0.401;0.022;0.033;0.003;0.098;
29640;0.398;0.007;0.385;0.031;0.055;0.002;0.122;
29693;0.471;0.009;0.304;0.020;0.054;0.002;0.141;
29730;0.506;0.013;0.301;0.016;0.061;0.002;0.102;
29771;0.472;0.018;0.310;0.013;0.077;0.002;0.107;
29820;0.424;0.017;0.319;0.008;0.087;0.002;0.142;
29860;0.549;0.014;0.256;0.015;0.077;0.002;0.087;
29892;0.423;0.020;0.272;0.006;0.050;0.001;0.228;
29941;0.438;0.027;0.244;0.010;0.161;0.005;0.115;
29980;0.499;0.014;0.264;0.009;0.060;0.002;0.153;
30014;0.423;0.018;0.233;0.007;0.100;0.002;0.216;
30064;0.449;0.018;0.239;0.006;0.081;0.002;0.204;
30105;0.557;0.016;0.186;0.008;0.070;0.001;0.161;
30140;0.459;0.016;0.225;0.008;0.086;0.002;0.205;
30198;0.351;0.015;0.285;0.007;0.092;0.002;0.248;
30241;0.394;0.018;0.290;0.008;0.119;0.002;0.169;
30275;0.539;0.016;0.217;0.010;0.089;0.002;0.128;
30327;0.468;0.018;0.230;0.009;0.101;0.002;0.171;
30365;0.413;0.015;0.240;0.012;0.099;0.002;0.218;
30398;0.393;0.017;0.236;0.011;0.106;0.002;0.235;
30449;0.474;0.016;0.214;0.012;0.087;0.002;0.195;
30488;0.450;0.015;0.210;0.015;0.091;0.002;0.216;
30523;0.398;0.016;0.250;0.012;0.135;0.002;0.186;
30573;0.313;0.014;0.342;0.007;0.083;0.002;0.238;
30619;0.299;0.020;0.221;0.016;0.074;0.004;0.366;
30651;0.442;0.031;0.149;0.015;0.173;0.004;0.186;
30696;0.268;0.018;0.307;0.011;0.092;0.004;0.300;
30734;0.373;0.017;0.392;0.010;0.118;0.005;0.086;
30768;0.252;0.047;0.165;0.020;0.459;0.015;0.042;
30818;0.223;0.026;0.149;0.023;0.539;0.008;0.032;
30858;0.244;0.014;0.085;0.041;0.600;0.003;0.012;
30892;0.467;0.020;0.187;0.042;0.256;0.005;0.024;
30943;0.630;0.013;0.146;0.062;0.128;0.003;0.018;
30988;0.343;0.009;0.561;0.006;0.046;0.010;0.025;
31028;0.268;0.017;0.577;0.006;0.090;0.015;0.027;
31077;0.313;0.023;0.407;0.013;0.158;0.010;0.075;
31116;0.499;0.026;0.074;0.030;0.103;0.003;0.265;
31148;0.680;0.021;0.072;0.029;0.141;0.002;0.055;
31199;0.655;0.014;0.177;0.048;0.078;0.002;0.027;
31239;0.383;0.006;0.479;0.041;0.052;0.004;0.035;
31272;0.419;0.006;0.441;0.044;0.027;0.012;0.053;
31324;0.423;0.005;0.410;0.063;0.010;0.012;0.077;
31361;0.386;0.006;0.436;0.084;0.021;0.013;0.054;
31393;0.214;0.010;0.661;0.008;0.071;0.016;0.018;
31453;0.057;0.010;0.856;0.003;0.049;0.016;0.009;
31493;0.130;0.017;0.720;0.004;0.077;0.023;0.027;
31525;0.209;0.012;0.671;0.003;0.039;0.021;0.045;
31572;0.344;0.012;0.432;0.006;0.048;0.017;0.141;
31612;0.478;0.012;0.228;0.065;0.179;0.003;0.036;
31646;0.508;0.019;0.154;0.064;0.217;0.003;0.035;
31696;0.479;0.027;0.228;0.038;0.190;0.006;0.032;
31736;0.297;0.032;0.213;0.033;0.377;0.011;0.037;
31770;0.445;0.022;0.375;0.008;0.078;0.014;0.057;
31820;0.460;0.017;0.358;0.007;0.074;0.009;0.074;
31867;0.429;0.012;0.433;0.007;0.018;0.010;0.092;
31904;0.375;0.007;0.498;0.012;0.011;0.006;0.090;
31953;0.442;0.004;0.440;0.017;0.009;0.004;0.084;
31993;0.353;0.007;0.540;0.015;0.037;0.009;0.039;
32028;0.253;0.011;0.604;0.009;0.083;0.014;0.025;
32078;0.237;0.026;0.469;0.012;0.203;0.021;0.031;
32119;0.363;0.010;0.486;0.015;0.048;0.008;0.069;
32154;0.395;0.007;0.476;0.011;0.038;0.007;0.066;
32201;0.493;0.005;0.345;0.016;0.008;0.003;0.131;
32244;0.403;0.010;0.272;0.156;0.009;0.010;0.141;
32286;0.329;0.008;0.302;0.134;0.008;0.009;0.209;
32337;0.363;0.007;0.291;0.162;0.010;0.007;0.160;
32378;0.374;0.006;0.301;0.093;0.013;0.008;0.206;
32413;0.612;0.003;0.191;0.064;0.013;0.002;0.115;
32464;0.580;0.004;0.194;0.106;0.020;0.002;0.095;
32503;0.650;0.004;0.101;0.177;0.026;0.002;0.038;
32538;0.598;0.004;0.212;0.117;0.013;0.002;0.054;
32592;0.514;0.004;0.291;0.026;0.013;0.002;0.150;
32631;0.654;0.004;0.252;0.024;0.014;0.002;0.050;
32667;0.656;0.005;0.225;0.029;0.020;0.002;0.063;
32725;0.647;0.003;0.249;0.010;0.004;0.001;0.086;
32764;0.642;0.003;0.219;0.019;0.006;0.001;0.110;
32798;0.636;0.003;0.241;0.025;0.002;0.001;0.091;
32847;0.639;0.003;0.214;0.038;0.004;0.002;0.100;
32888;0.645;0.003;0.232;0.031;0.002;0.002;0.086;
32922;0.556;0.004;0.198;0.010;0.003;0.001;0.228;
32971;0.645;0.004;0.168;0.013;0.004;0.001;0.166;
33011;0.646;0.005;0.187;0.025;0.004;0.001;0.132;
33046;0.585;0.003;0.230;0.026;0.003;0.001;0.152;
33098;0.718;0.004;0.153;0.052;0.007;0.001;0.065;
33147;0.748;0.004;0.156;0.020;0.008;0.001;0.061;
33180;0.708;0.007;0.143;0.027;0.024;0.001;0.090;
33230;0.762;0.006;0.132;0.021;0.013;0.001;0.065;
33271;0.632;0.007;0.153;0.020;0.035;0.001;0.152;
33306;0.460;0.008;0.162;0.008;0.025;0.002;0.335;
33359;0.566;0.006;0.161;0.015;0.013;0.001;0.239;
33398;0.691;0.005;0.157;0.022;0.010;0.001;0.114;
33442;0.495;0.006;0.196;0.012;0.017;0.002;0.273;
33492;0.469;0.006;0.207;0.014;0.018;0.001;0.285;
33532;0.516;0.005;0.173;0.011;0.010;0.001;0.284;
33575;0.667;0.005;0.179;0.009;0.011;0.001;0.129;
33627;0.680;0.003;0.182;0.034;0.010;0.002;0.089;
33664;0.456;0.005;0.326;0.166;0.007;0.007;0.033;
33697;0.554;0.004;0.263;0.065;0.058;0.001;0.056;
33747;0.638;0.003;0.296;0.028;0.011;0.000;0.023;
33789;0.560;0.005;0.316;0.048;0.042;0.001;0.028;
33822;0.580;0.007;0.319;0.014;0.007;0.002;0.071;
33875;0.723;0.004;0.166;0.068;0.004;0.002;0.033;
