30;0.145;0.008;0.080;0.005;0.004;0.047;0.711;
50;0.171;0.012;0.115;0.006;0.009;0.053;0.633;
95;0.134;0.007;0.099;0.005;0.004;0.027;0.725;
99;0.202;0.007;0.130;0.006;0.003;0.030;0.622;
127;0.502;0.009;0.111;0.008;0.004;0.040;0.326;
174;0.088;0.008;0.118;0.006;0.006;0.053;0.721;
211;0.419;0.009;0.085;0.006;0.004;0.037;0.439;
242;0.195;0.008;0.099;0.005;0.003;0.040;0.650;
286;0.424;0.009;0.102;0.017;0.004;0.035;0.410;
322;0.431;0.009;0.134;0.008;0.005;0.029;0.384;
361;0.245;0.008;0.100;0.007;0.006;0.033;0.601;
408;0.310;0.011;0.126;0.020;0.008;0.064;0.461;
446;0.377;0.009;0.110;0.010;0.005;0.050;0.439;
479;0.399;0.009;0.117;0.016;0.007;0.035;0.417;
522;0.338;0.010;0.128;0.011;0.010;0.032;0.472;
564;0.437;0.011;0.129;0.013;0.019;0.038;0.353;
597;0.259;0.010;0.112;0.009;0.008;0.040;0.562;
641;0.200;0.013;0.128;0.011;0.014;0.078;0.556;
677;0.530;0.009;0.114;0.019;0.008;0.022;0.297;
709;0.195;0.015;0.154;0.007;0.009;0.064;0.556;
760;0.439;0.013;0.086;0.007;0.008;0.030;0.418;
797;0.243;0.008;0.114;0.006;0.003;0.036;0.590;
831;0.117;0.006;0.119;0.006;0.003;0.030;0.718;
880;0.363;0.006;0.138;0.009;0.004;0.019;0.461;
918;0.444;0.007;0.100;0.006;0.003;0.023;0.419;
949;0.396;0.010;0.090;0.007;0.007;0.031;0.460;
992;0.170;0.008;0.087;0.006;0.004;0.023;0.701;
1030;0.371;0.011;0.097;0.020;0.005;0.036;0.460;
1073;0.183;0.011;0.078;0.009;0.008;0.045;0.666;
1117;0.106;0.011;0.104;0.008;0.011;0.073;0.689;
1162;0.151;0.012;0.114;0.018;0.012;0.053;0.640;
1196;0.222;0.012;0.109;0.012;0.009;0.042;0.594;
1241;0.330;0.012;0.102;0.010;0.014;0.035;0.496;
1278;0.432;0.014;0.107;0.007;0.016;0.032;0.392;
1312;0.526;0.008;0.097;0.013;0.008;0.022;0.326;
1357;0.271;0.010;0.096;0.007;0.008;0.028;0.582;
1394;0.130;0.007;0.077;0.003;0.004;0.024;0.755;
1428;0.269;0.008;0.126;0.005;0.003;0.037;0.552;
1473;0.250;0.010;0.128;0.007;0.008;0.034;0.563;
1510;0.300;0.016;0.141;0.011;0.015;0.053;0.465;
1548;0.173;0.013;0.145;0.015;0.022;0.054;0.578;
1595;0.378;0.009;0.112;0.019;0.017;0.020;0.445;
1664;0.224;0.010;0.121;0.007;0.014;0.035;0.589;
1699;0.412;0.012;0.114;0.021;0.029;0.029;0.384;
1746;0.211;0.011;0.082;0.011;0.016;0.030;0.639;
1783;0.164;0.007;0.126;0.007;0.009;0.025;0.662;
1816;0.411;0.008;0.104;0.007;0.005;0.034;0.431;
1860;0.053;0.005;0.096;0.004;0.004;0.062;0.775;
1897;0.068;0.005;0.086;0.003;0.005;0.023;0.810;
1932;0.462;0.007;0.085;0.004;0.004;0.009;0.429;
1985;0.381;0.006;0.097;0.006;0.005;0.015;0.491;
2022;0.223;0.008;0.094;0.006;0.008;0.024;0.637;
2054;0.328;0.007;0.115;0.004;0.003;0.021;0.522;
2099;0.614;0.012;0.089;0.016;0.020;0.024;0.225;
2139;0.433;0.012;0.107;0.006;0.008;0.032;0.401;
2172;0.470;0.009;0.078;0.005;0.007;0.023;0.408;
2215;0.461;0.016;0.102;0.016;0.021;0.045;0.339;
2252;0.162;0.011;0.114;0.012;0.017;0.043;0.641;
2282;0.262;0.015;0.115;0.007;0.019;0.044;0.538;
2328;0.362;0.013;0.103;0.011;0.023;0.044;0.442;
2372;0.241;0.012;0.134;0.012;0.019;0.047;0.535;
2403;0.260;0.008;0.105;0.011;0.007;0.024;0.584;
2447;0.346;0.009;0.094;0.009;0.007;0.029;0.507;
2484;0.278;0.007;0.120;0.008;0.003;0.033;0.552;
2516;0.248;0.008;0.133;0.011;0.007;0.039;0.553;
2561;0.320;0.013;0.104;0.013;0.016;0.044;0.491;
2599;0.368;0.012;0.119;0.009;0.016;0.046;0.430;
2630;0.588;0.005;0.131;0.005;0.002;0.017;0.252;
2676;0.196;0.012;0.126;0.013;0.015;0.060;0.577;
2715;0.231;0.007;0.119;0.007;0.004;0.035;0.597;
2755;0.439;0.007;0.116;0.013;0.005;0.022;0.396;
2798;0.592;0.008;0.110;0.032;0.012;0.019;0.227;
2834;0.653;0.008;0.104;0.018;0.017;0.012;0.186;
2866;0.451;0.007;0.130;0.016;0.010;0.017;0.370;
2912;0.438;0.009;0.113;0.018;0.016;0.019;0.387;
2949;0.644;0.010;0.095;0.014;0.014;0.022;0.201;
2983;0.595;0.013;0.107;0.050;0.042;0.020;0.174;
3029;0.643;0.013;0.084;0.059;0.042;0.017;0.142;
3075;0.391;0.016;0.119;0.035;0.038;0.040;0.360;
3110;0.349;0.014;0.122;0.018;0.035;0.038;0.424;
3162;0.517;0.011;0.094;0.016;0.030;0.020;0.313;
3198;0.606;0.012;0.092;0.021;0.023;0.016;0.230;
3230;0.549;0.010;0.089;0.012;0.017;0.014;0.308;
3276;0.274;0.007;0.105;0.009;0.009;0.013;0.583;
3315;0.242;0.007;0.091;0.003;0.004;0.012;0.642;
3348;0.549;0.007;0.093;0.004;0.004;0.013;0.330;
3396;0.626;0.005;0.116;0.003;0.003;0.010;0.236;
3431;0.504;0.006;0.132;0.003;0.003;0.011;0.341;
3474;0.395;0.010;0.102;0.005;0.013;0.017;0.458;
3527;0.539;0.009;0.103;0.005;0.019;0.009;0.316;
3571;0.279;0.012;0.119;0.004;0.008;0.029;0.549;
3603;0.700;0.008;0.100;0.013;0.011;0.010;0.158;
3647;0.455;0.011;0.134;0.013;0.022;0.025;0.340;
3684;0.568;0.010;0.116;0.009;0.021;0.018;0.258;
3717;0.382;0.009;0.125;0.004;0.008;0.021;0.452;
3762;0.529;0.010;0.118;0.007;0.020;0.026;0.290;
3798;0.426;0.006;0.146;0.004;0.005;0.021;0.393;
3829;0.323;0.008;0.112;0.003;0.003;0.029;0.522;
3874;0.601;0.012;0.104;0.011;0.025;0.041;0.206;
3913;0.318;0.010;0.095;0.003;0.006;0.020;0.548;
3953;0.411;0.011;0.108;0.007;0.021;0.028;0.413;
3998;0.583;0.009;0.094;0.002;0.004;0.017;0.292;
4034;0.626;0.009;0.094;0.004;0.009;0.016;0.242;
4067;0.595;0.009;0.118;0.002;0.006;0.013;0.257;
4114;0.701;0.008;0.110;0.003;0.009;0.015;0.153;
4151;0.706;0.010;0.082;0.008;0.019;0.019;0.157;
4183;0.704;0.010;0.089;0.006;0.009;0.012;0.171;
4228;0.449;0.011;0.127;0.004;0.007;0.040;0.362;
4275;0.466;0.012;0.111;0.004;0.009;0.026;0.371;
4310;0.359;0.013;0.143;0.008;0.015;0.049;0.414;
4361;0.405;0.016;0.148;0.009;0.035;0.043;0.345;
4397;0.332;0.014;0.142;0.006;0.014;0.064;0.429;
4429;0.235;0.016;0.165;0.006;0.014;0.072;0.493;
4471;0.391;0.015;0.111;0.005;0.010;0.051;0.417;
4510;0.439;0.012;0.136;0.004;0.009;0.037;0.362;
4543;0.329;0.011;0.119;0.004;0.007;0.033;0.497;
4587;0.545;0.010;0.110;0.004;0.010;0.023;0.298;
4624;0.151;0.010;0.116;0.006;0.009;0.037;0.671;
4656;0.408;0.012;0.094;0.008;0.009;0.032;0.437;
4700;0.469;0.008;0.080;0.003;0.002;0.014;0.424;
4744;0.520;0.009;0.084;0.004;0.004;0.020;0.360;
4778;0.529;0.008;0.099;0.005;0.004;0.032;0.322;
4823;0.380;0.010;0.079;0.005;0.007;0.020;0.499;
4860;0.296;0.009;0.107;0.003;0.005;0.019;0.561;
4893;0.422;0.011;0.125;0.004;0.009;0.026;0.402;
4936;0.538;0.009;0.103;0.004;0.008;0.018;0.318;
4974;0.382;0.008;0.104;0.004;0.007;0.010;0.485;
5008;0.145;0.009;0.115;0.007;0.013;0.033;0.678;
5052;0.386;0.008;0.135;0.006;0.005;0.021;0.440;
5087;0.395;0.011;0.120;0.009;0.009;0.028;0.428;
5128;0.676;0.006;0.086;0.008;0.004;0.010;0.210;
5170;0.324;0.006;0.096;0.006;0.003;0.009;0.556;
5208;0.436;0.007;0.109;0.003;0.003;0.009;0.433;
5241;0.533;0.007;0.096;0.005;0.004;0.012;0.344;
5283;0.307;0.006;0.111;0.004;0.002;0.024;0.547;
5319;0.504;0.007;0.126;0.009;0.005;0.019;0.331;
5349;0.542;0.006;0.116;0.003;0.002;0.011;0.320;
5395;0.541;0.007;0.116;0.007;0.007;0.016;0.306;
5430;0.522;0.007;0.101;0.005;0.006;0.009;0.350;
5462;0.274;0.008;0.085;0.006;0.005;0.010;0.613;
5513;0.251;0.006;0.089;0.005;0.002;0.013;0.634;
5550;0.267;0.007;0.110;0.008;0.006;0.015;0.587;
5582;0.391;0.012;0.117;0.011;0.009;0.034;0.427;
5629;0.152;0.012;0.126;0.009;0.017;0.080;0.605;
5665;0.309;0.014;0.154;0.014;0.013;0.052;0.445;
5698;0.382;0.012;0.120;0.006;0.007;0.045;0.429;
5742;0.339;0.014;0.136;0.011;0.018;0.050;0.432;
5780;0.428;0.014;0.111;0.012;0.010;0.055;0.371;
5814;0.443;0.018;0.112;0.014;0.029;0.053;0.330;
5859;0.314;0.013;0.104;0.006;0.009;0.059;0.495;
5902;0.527;0.012;0.113;0.008;0.008;0.028;0.305;
5935;0.548;0.008;0.097;0.007;0.003;0.042;0.294;
5979;0.516;0.012;0.116;0.011;0.012;0.046;0.287;
6017;0.316;0.008;0.122;0.006;0.003;0.048;0.497;
6048;0.269;0.011;0.128;0.012;0.008;0.060;0.513;
6095;0.176;0.012;0.127;0.009;0.012;0.070;0.593;
6130;0.312;0.010;0.146;0.005;0.004;0.056;0.468;
6162;0.159;0.009;0.148;0.008;0.005;0.067;0.604;
6207;0.297;0.009;0.118;0.010;0.004;0.044;0.518;
6244;0.290;0.018;0.118;0.049;0.021;0.068;0.436;
6283;0.283;0.014;0.110;0.015;0.007;0.080;0.492;
6327;0.498;0.009;0.089;0.011;0.005;0.022;0.366;
6364;0.510;0.007;0.101;0.015;0.004;0.011;0.352;
6397;0.244;0.006;0.137;0.007;0.003;0.020;0.583;
6440;0.288;0.007;0.096;0.004;0.002;0.018;0.586;
6478;0.271;0.011;0.141;0.009;0.011;0.036;0.522;
6513;0.334;0.012;0.147;0.010;0.006;0.051;0.440;
6559;0.601;0.009;0.100;0.020;0.005;0.041;0.224;
6597;0.320;0.010;0.112;0.011;0.006;0.061;0.479;
6631;0.471;0.011;0.110;0.015;0.008;0.058;0.327;
6683;0.469;0.013;0.091;0.010;0.007;0.062;0.349;
6719;0.393;0.012;0.115;0.010;0.010;0.049;0.411;
6750;0.406;0.011;0.108;0.015;0.007;0.072;0.381;
6796;0.212;0.014;0.119;0.010;0.008;0.109;0.528;
6833;0.248;0.019;0.155;0.011;0.017;0.136;0.413;
6865;0.254;0.013;0.111;0.012;0.010;0.091;0.510;
6913;0.402;0.014;0.094;0.021;0.008;0.089;0.372;
6950;0.197;0.010;0.102;0.008;0.005;0.090;0.588;
6981;0.384;0.015;0.128;0.015;0.009;0.061;0.389;
7026;0.289;0.009;0.143;0.007;0.004;0.053;0.495;
7072;0.215;0.010;0.148;0.015;0.007;0.042;0.563;
7103;0.426;0.010;0.111;0.009;0.005;0.070;0.369;
7147;0.183;0.012;0.127;0.008;0.011;0.079;0.581;
7183;0.289;0.014;0.122;0.007;0.008;0.125;0.435;
7216;0.211;0.015;0.150;0.015;0.017;0.078;0.514;
7261;0.149;0.008;0.137;0.008;0.005;0.081;0.612;
7298;0.277;0.010;0.100;0.007;0.006;0.087;0.513;
7332;0.296;0.012;0.165;0.012;0.011;0.104;0.400;
7378;0.187;0.013;0.159;0.018;0.022;0.073;0.529;
7414;0.189;0.014;0.145;0.010;0.014;0.129;0.499;
7452;0.418;0.008;0.114;0.005;0.004;0.051;0.400;
7497;0.141;0.011;0.139;0.009;0.012;0.096;0.592;
7534;0.232;0.015;0.143;0.016;0.016;0.100;0.479;
7566;0.284;0.010;0.106;0.009;0.005;0.054;0.532;
7610;0.227;0.012;0.129;0.010;0.010;0.082;0.530;
7647;0.315;0.014;0.132;0.017;0.013;0.093;0.416;
7680;0.249;0.010;0.181;0.010;0.005;0.069;0.477;
7726;0.268;0.009;0.147;0.007;0.008;0.044;0.516;
7764;0.316;0.012;0.170;0.013;0.009;0.068;0.413;
7797;0.385;0.011;0.157;0.019;0.008;0.092;0.328;
7849;0.174;0.009;0.170;0.010;0.005;0.141;0.490;
7885;0.276;0.013;0.154;0.021;0.011;0.103;0.423;
7916;0.305;0.014;0.165;0.062;0.018;0.082;0.354;
7962;0.302;0.012;0.171;0.024;0.009;0.096;0.386;
8000;0.129;0.011;0.153;0.022;0.014;0.069;0.602;
8032;0.254;0.012;0.175;0.019;0.007;0.087;0.446;
8078;0.425;0.014;0.165;0.041;0.012;0.070;0.273;
8115;0.183;0.013;0.202;0.022;0.014;0.107;0.459;
8148;0.115;0.013;0.181;0.016;0.024;0.131;0.520;
8194;0.176;0.012;0.190;0.014;0.014;0.067;0.527;
8239;0.371;0.010;0.145;0.014;0.011;0.045;0.405;
8275;0.440;0.011;0.121;0.015;0.011;0.056;0.346;
8317;0.354;0.010;0.145;0.011;0.014;0.056;0.409;
8353;0.434;0.010;0.163;0.012;0.013;0.039;0.330;
8385;0.433;0.011;0.173;0.019;0.018;0.039;0.307;
8429;0.551;0.011;0.133;0.025;0.019;0.047;0.214;
8466;0.307;0.013;0.184;0.028;0.015;0.060;0.392;
8509;0.491;0.009;0.124;0.011;0.008;0.034;0.324;
8554;0.119;0.010;0.161;0.009;0.012;0.063;0.626;
8593;0.278;0.011;0.166;0.019;0.008;0.074;0.444;
8632;0.246;0.015;0.183;0.033;0.025;0.067;0.430;
8677;0.292;0.012;0.150;0.018;0.010;0.067;0.451;
8711;0.272;0.010;0.138;0.010;0.010;0.062;0.498;
8743;0.144;0.007;0.144;0.007;0.004;0.073;0.620;
8784;0.313;0.009;0.160;0.012;0.006;0.063;0.435;
8821;0.231;0.010;0.135;0.010;0.008;0.052;0.554;
8852;0.214;0.012;0.137;0.009;0.008;0.135;0.486;
8898;0.318;0.011;0.141;0.009;0.009;0.070;0.442;
8936;0.144;0.008;0.124;0.005;0.004;0.064;0.650;
8967;0.356;0.010;0.131;0.011;0.011;0.050;0.431;
9019;0.429;0.012;0.150;0.014;0.009;0.070;0.316;
9056;0.610;0.006;0.151;0.008;0.005;0.035;0.185;
9089;0.233;0.010;0.157;0.008;0.005;0.084;0.503;
9136;0.078;0.007;0.112;0.007;0.007;0.080;0.709;
9175;0.266;0.008;0.161;0.007;0.003;0.073;0.483;
9207;0.295;0.009;0.186;0.008;0.005;0.065;0.433;
9249;0.177;0.011;0.137;0.008;0.011;0.069;0.587;
9285;0.360;0.009;0.114;0.008;0.005;0.052;0.452;
9318;0.211;0.010;0.118;0.007;0.006;0.061;0.587;
9364;0.235;0.012;0.174;0.009;0.009;0.083;0.478;
9410;0.526;0.013;0.147;0.017;0.017;0.068;0.212;
9443;0.274;0.013;0.136;0.009;0.009;0.095;0.463;
9485;0.315;0.014;0.170;0.017;0.010;0.085;0.390;
9523;0.402;0.010;0.160;0.038;0.007;0.046;0.337;
9556;0.227;0.009;0.141;0.008;0.004;0.059;0.554;
9600;0.314;0.008;0.149;0.007;0.004;0.070;0.448;
9637;0.132;0.012;0.161;0.010;0.014;0.090;0.582;
9667;0.335;0.009;0.155;0.011;0.008;0.057;0.426;
9711;0.322;0.015;0.127;0.023;0.019;0.067;0.426;
9748;0.214;0.009;0.146;0.014;0.006;0.046;0.564;
9789;0.438;0.014;0.164;0.015;0.013;0.049;0.306;
9833;0.201;0.012;0.118;0.017;0.011;0.076;0.565;
9873;0.115;0.009;0.153;0.013;0.011;0.067;0.631;
9906;0.381;0.010;0.140;0.024;0.013;0.046;0.386;
9949;0.171;0.010;0.164;0.020;0.010;0.058;0.568;
9985;0.340;0.009;0.140;0.014;0.010;0.042;0.444;
10016;0.280;0.013;0.176;0.027;0.017;0.054;0.433;
10062;0.357;0.014;0.204;0.029;0.030;0.070;0.296;
10101;0.191;0.010;0.180;0.011;0.012;0.082;0.514;
10131;0.250;0.009;0.158;0.009;0.011;0.035;0.527;
10184;0.152;0.008;0.167;0.010;0.008;0.041;0.615;
10222;0.221;0.010;0.198;0.012;0.008;0.072;0.479;
10255;0.289;0.021;0.199;0.035;0.049;0.083;0.325;
10302;0.492;0.014;0.165;0.015;0.025;0.042;0.246;
10338;0.178;0.013;0.179;0.019;0.018;0.061;0.532;
10371;0.226;0.015;0.308;0.019;0.018;0.087;0.327;
10413;0.160;0.012;0.199;0.014;0.011;0.102;0.502;
10449;0.194;0.016;0.192;0.042;0.028;0.073;0.454;
10482;0.258;0.013;0.236;0.013;0.015;0.058;0.408;
10526;0.475;0.016;0.126;0.022;0.025;0.085;0.252;
10574;0.266;0.013;0.179;0.015;0.023;0.072;0.432;
10606;0.258;0.015;0.220;0.026;0.025;0.072;0.385;
10648;0.324;0.014;0.163;0.058;0.031;0.060;0.351;
10686;0.209;0.015;0.145;0.014;0.021;0.079;0.516;
10717;0.209;0.012;0.190;0.015;0.015;0.061;0.498;
10761;0.221;0.012;0.176;0.021;0.008;0.092;0.470;
10799;0.186;0.015;0.218;0.027;0.024;0.092;0.437;
10830;0.185;0.011;0.184;0.019;0.010;0.082;0.508;
10875;0.167;0.013;0.159;0.016;0.019;0.125;0.500;
10911;0.440;0.010;0.131;0.016;0.011;0.055;0.337;
10951;0.301;0.012;0.182;0.017;0.013;0.065;0.408;
11000;0.514;0.011;0.118;0.016;0.016;0.055;0.270;
11035;0.220;0.011;0.166;0.021;0.009;0.122;0.452;
11074;0.214;0.009;0.158;0.013;0.007;0.062;0.537;
11117;0.171;0.012;0.171;0.014;0.012;0.076;0.543;
11154;0.440;0.009;0.146;0.011;0.009;0.036;0.350;
11188;0.153;0.009;0.156;0.006;0.006;0.066;0.604;
11231;0.405;0.013;0.143;0.011;0.011;0.064;0.353;
11268;0.182;0.015;0.208;0.029;0.019;0.089;0.458;
11299;0.209;0.010;0.159;0.012;0.008;0.064;0.538;
11351;0.442;0.009;0.119;0.010;0.006;0.052;0.362;
11390;0.161;0.010;0.169;0.012;0.012;0.127;0.508;
11424;0.195;0.014;0.164;0.019;0.016;0.135;0.457;
11468;0.199;0.016;0.173;0.030;0.014;0.266;0.302;
11500;0.191;0.014;0.155;0.016;0.013;0.207;0.405;
11537;0.154;0.015;0.187;0.019;0.024;0.168;0.432;
11582;0.156;0.012;0.151;0.016;0.013;0.103;0.549;
11620;0.194;0.008;0.144;0.010;0.004;0.057;0.583;
11652;0.223;0.009;0.136;0.009;0.004;0.087;0.531;
11699;0.395;0.012;0.133;0.016;0.008;0.091;0.345;
11745;0.115;0.008;0.097;0.005;0.003;0.135;0.637;
11780;0.242;0.012;0.130;0.010;0.010;0.080;0.515;
11827;0.231;0.017;0.140;0.013;0.018;0.129;0.451;
11875;0.257;0.017;0.133;0.034;0.028;0.098;0.435;
11907;0.126;0.018;0.166;0.019;0.036;0.152;0.483;
11952;0.214;0.015;0.127;0.017;0.016;0.111;0.500;
11990;0.078;0.009;0.097;0.011;0.010;0.098;0.698;
12023;0.104;0.011;0.165;0.013;0.019;0.088;0.601;
12070;0.202;0.008;0.144;0.008;0.004;0.067;0.566;
12107;0.199;0.011;0.171;0.020;0.008;0.101;0.490;
12147;0.204;0.014;0.196;0.027;0.020;0.111;0.428;
12194;0.149;0.012;0.178;0.021;0.012;0.094;0.534;
12232;0.207;0.017;0.197;0.015;0.026;0.117;0.422;
12275;0.174;0.011;0.179;0.013;0.007;0.087;0.528;
12318;0.143;0.013;0.154;0.016;0.012;0.120;0.541;
12356;0.087;0.009;0.201;0.013;0.005;0.145;0.540;
12389;0.083;0.007;0.154;0.008;0.005;0.349;0.394;
12434;0.097;0.010;0.134;0.011;0.009;0.256;0.483;
12471;0.092;0.010;0.147;0.009;0.007;0.176;0.559;
12501;0.101;0.010;0.176;0.010;0.007;0.209;0.487;
12551;0.114;0.011;0.181;0.011;0.009;0.187;0.487;
12592;0.128;0.011;0.165;0.010;0.005;0.215;0.466;
12626;0.280;0.015;0.168;0.017;0.021;0.129;0.370;
12675;0.204;0.014;0.147;0.026;0.013;0.111;0.485;
12711;0.321;0.012;0.137;0.014;0.007;0.078;0.430;
12742;0.488;0.010;0.135;0.011;0.005;0.046;0.305;
12785;0.204;0.015;0.153;0.013;0.013;0.100;0.502;
12822;0.394;0.010;0.159;0.020;0.008;0.038;0.371;
12855;0.264;0.011;0.160;0.022;0.009;0.080;0.454;
12901;0.224;0.012;0.160;0.013;0.009;0.101;0.481;
12944;0.140;0.014;0.210;0.016;0.012;0.204;0.404;
12978;0.158;0.014;0.192;0.017;0.018;0.178;0.423;
13022;0.135;0.011;0.137;0.012;0.007;0.214;0.483;
13059;0.113;0.012;0.218;0.013;0.010;0.188;0.446;
13094;0.137;0.012;0.155;0.019;0.011;0.125;0.541;
13140;0.127;0.014;0.152;0.015;0.011;0.217;0.465;
13179;0.235;0.012;0.169;0.025;0.007;0.119;0.433;
13210;0.115;0.011;0.182;0.015;0.014;0.128;0.535;
13255;0.170;0.015;0.150;0.019;0.016;0.174;0.456;
13295;0.141;0.011;0.135;0.012;0.011;0.132;0.557;
13339;0.132;0.011;0.166;0.012;0.009;0.175;0.495;
13385;0.064;0.007;0.114;0.006;0.006;0.158;0.645;
13424;0.305;0.013;0.127;0.015;0.017;0.084;0.438;
13457;0.164;0.014;0.148;0.019;0.018;0.144;0.492;
13503;0.098;0.010;0.224;0.015;0.012;0.297;0.344;
13539;0.115;0.011;0.153;0.011;0.008;0.192;0.510;
13578;0.122;0.012;0.145;0.019;0.010;0.206;0.486;
13625;0.183;0.011;0.140;0.017;0.007;0.081;0.562;
13662;0.124;0.009;0.182;0.014;0.006;0.103;0.561;
13696;0.104;0.011;0.199;0.015;0.011;0.187;0.472;
13748;0.184;0.010;0.160;0.014;0.009;0.080;0.544;
13784;0.117;0.008;0.118;0.006;0.005;0.069;0.677;
13815;0.111;0.010;0.128;0.017;0.010;0.077;0.648;
13858;0.080;0.009;0.145;0.013;0.010;0.221;0.523;
13897;0.118;0.014;0.150;0.020;0.013;0.128;0.557;
13930;0.232;0.014;0.150;0.012;0.011;0.114;0.467;
13976;0.209;0.013;0.147;0.047;0.014;0.081;0.489;
14011;0.179;0.011;0.159;0.026;0.009;0.087;0.530;
14043;0.266;0.009;0.156;0.012;0.006;0.051;0.500;
14087;0.501;0.007;0.145;0.021;0.005;0.024;0.297;
14132;0.559;0.008;0.127;0.019;0.006;0.039;0.242;
14165;0.536;0.011;0.112;0.119;0.012;0.044;0.164;
14211;0.382;0.011;0.142;0.108;0.014;0.034;0.310;
14246;0.412;0.007;0.125;0.014;0.006;0.037;0.398;
14277;0.133;0.009;0.123;0.015;0.007;0.071;0.642;
14321;0.141;0.007;0.119;0.006;0.003;0.051;0.672;
14358;0.359;0.011;0.155;0.038;0.008;0.062;0.367;
14395;0.422;0.009;0.141;0.034;0.004;0.043;0.346;
14441;0.610;0.008;0.107;0.046;0.005;0.019;0.204;
14477;0.405;0.009;0.135;0.030;0.003;0.043;0.373;
14515;0.327;0.009;0.129;0.011;0.004;0.051;0.469;
14560;0.249;0.012;0.139;0.023;0.010;0.068;0.499;
14600;0.124;0.010;0.137;0.012;0.008;0.069;0.639;
14630;0.495;0.009;0.135;0.016;0.003;0.060;0.283;
14675;0.377;0.010;0.134;0.035;0.014;0.047;0.383;
14710;0.383;0.011;0.155;0.014;0.006;0.058;0.372;
14741;0.558;0.008;0.123;0.021;0.006;0.059;0.225;
14785;0.350;0.010;0.164;0.029;0.006;0.043;0.398;
14822;0.579;0.010;0.099;0.044;0.010;0.027;0.231;
14855;0.135;0.012;0.174;0.024;0.010;0.094;0.551;
14908;0.175;0.011;0.131;0.011;0.006;0.099;0.567;
14944;0.224;0.011;0.132;0.019;0.007;0.075;0.531;
14979;0.396;0.009;0.128;0.009;0.004;0.042;0.413;
15024;0.409;0.010;0.133;0.021;0.009;0.052;0.367;
15061;0.283;0.013;0.139;0.021;0.017;0.065;0.462;
15094;0.534;0.010;0.082;0.014;0.004;0.070;0.285;
15139;0.414;0.011;0.161;0.018;0.006;0.115;0.277;
15176;0.485;0.011;0.094;0.019;0.010;0.038;0.342;
15208;0.402;0.009;0.133;0.014;0.013;0.033;0.395;
15251;0.227;0.014;0.153;0.021;0.026;0.076;0.484;
15297;0.344;0.011;0.141;0.013;0.011;0.051;0.429;
15329;0.339;0.010;0.161;0.028;0.011;0.066;0.385;
15376;0.139;0.013;0.208;0.012;0.014;0.123;0.490;
15413;0.164;0.013;0.149;0.014;0.011;0.091;0.557;
15444;0.175;0.011;0.148;0.016;0.009;0.093;0.548;
15490;0.594;0.009;0.098;0.022;0.011;0.031;0.235;
15527;0.195;0.010;0.146;0.012;0.006;0.080;0.551;
15561;0.280;0.012;0.180;0.016;0.012;0.096;0.405;
15607;0.296;0.012;0.149;0.021;0.006;0.092;0.424;
15642;0.348;0.009;0.140;0.023;0.006;0.067;0.408;
15681;0.440;0.007;0.124;0.012;0.004;0.038;0.376;
15726;0.613;0.009;0.101;0.010;0.005;0.052;0.210;
15764;0.469;0.009;0.129;0.054;0.005;0.056;0.278;
15798;0.330;0.011;0.127;0.033;0.014;0.042;0.442;
15840;0.401;0.015;0.136;0.059;0.024;0.056;0.309;
15877;0.485;0.010;0.123;0.097;0.015;0.042;0.229;
15908;0.438;0.015;0.124;0.018;0.020;0.063;0.322;
15952;0.262;0.015;0.180;0.024;0.028;0.063;0.429;
15992;0.312;0.011;0.160;0.013;0.016;0.055;0.433;
16025;0.256;0.013;0.161;0.024;0.019;0.080;0.446;
16076;0.295;0.013;0.150;0.012;0.016;0.063;0.452;
16111;0.257;0.012;0.167;0.019;0.015;0.069;0.461;
16143;0.191;0.016;0.141;0.059;0.024;0.110;0.459;
16188;0.412;0.009;0.139;0.011;0.005;0.059;0.365;
16226;0.288;0.010;0.163;0.022;0.013;0.045;0.458;
16259;0.573;0.010;0.104;0.013;0.009;0.035;0.256;
16306;0.243;0.011;0.127;0.015;0.013;0.072;0.520;
16342;0.229;0.012;0.146;0.024;0.017;0.059;0.512;
16375;0.105;0.010;0.154;0.011;0.016;0.121;0.584;
16420;0.288;0.011;0.139;0.009;0.010;0.075;0.469;
16464;0.177;0.013;0.133;0.019;0.016;0.105;0.537;
16496;0.157;0.013;0.142;0.030;0.021;0.076;0.562;
16541;0.328;0.010;0.120;0.012;0.010;0.036;0.485;
16579;0.363;0.013;0.104;0.069;0.027;0.030;0.393;
16610;0.301;0.011;0.117;0.023;0.009;0.030;0.509;
16656;0.263;0.012;0.129;0.017;0.015;0.051;0.513;
16693;0.507;0.012;0.105;0.034;0.013;0.044;0.285;
16727;0.595;0.007;0.097;0.011;0.003;0.029;0.258;
16774;0.533;0.011;0.093;0.005;0.006;0.050;0.303;
16810;0.617;0.009;0.086;0.014;0.007;0.046;0.220;
16849;0.519;0.008;0.107;0.040;0.008;0.020;0.298;
16895;0.139;0.010;0.153;0.014;0.012;0.055;0.618;
16933;0.523;0.009;0.082;0.009;0.004;0.035;0.338;
16964;0.395;0.010;0.116;0.009;0.010;0.032;0.429;
17011;0.303;0.011;0.120;0.013;0.008;0.031;0.514;
17046;0.376;0.013;0.135;0.019;0.013;0.049;0.396;
17076;0.300;0.010;0.139;0.018;0.005;0.068;0.460;
17121;0.280;0.013;0.146;0.014;0.006;0.078;0.462;
17157;0.425;0.014;0.126;0.015;0.009;0.056;0.355;
17191;0.462;0.013;0.110;0.009;0.005;0.077;0.325;
17243;0.206;0.011;0.114;0.010;0.005;0.072;0.582;
17279;0.182;0.016;0.161;0.019;0.014;0.113;0.495;
17312;0.455;0.012;0.098;0.014;0.011;0.036;0.374;
17357;0.427;0.013;0.117;0.020;0.007;0.058;0.358;
17394;0.342;0.010;0.126;0.011;0.005;0.057;0.449;
17429;0.361;0.010;0.109;0.008;0.002;0.057;0.453;
17473;0.407;0.011;0.090;0.017;0.010;0.043;0.421;
17509;0.431;0.010;0.107;0.013;0.008;0.019;0.412;
17540;0.177;0.012;0.148;0.017;0.007;0.079;0.561;
17583;0.575;0.010;0.099;0.014;0.003;0.034;0.266;
17627;0.272;0.013;0.111;0.014;0.005;0.062;0.523;
17661;0.416;0.008;0.136;0.025;0.002;0.030;0.382;
17706;0.156;0.008;0.145;0.011;0.003;0.075;0.602;
17742;0.412;0.009;0.114;0.010;0.003;0.062;0.389;
17776;0.211;0.007;0.150;0.009;0.002;0.041;0.580;
17821;0.249;0.008;0.101;0.007;0.004;0.028;0.602;
17858;0.289;0.012;0.130;0.012;0.010;0.063;0.484;
17891;0.175;0.014;0.163;0.018;0.013;0.111;0.507;
17936;0.452;0.011;0.134;0.014;0.005;0.059;0.325;
17971;0.289;0.011;0.145;0.009;0.005;0.065;0.476;
18009;0.155;0.010;0.105;0.009;0.005;0.072;0.645;
18055;0.416;0.013;0.128;0.035;0.008;0.063;0.336;
18094;0.358;0.013;0.105;0.019;0.011;0.058;0.436;
18129;0.219;0.012;0.117;0.015;0.010;0.055;0.572;
18176;0.186;0.013;0.102;0.011;0.007;0.065;0.616;
18214;0.364;0.011;0.115;0.010;0.009;0.043;0.447;
18244;0.545;0.011;0.098;0.040;0.010;0.045;0.250;
18287;0.406;0.012;0.110;0.020;0.008;0.060;0.385;
18325;0.347;0.010;0.134;0.011;0.005;0.080;0.413;
18358;0.377;0.014;0.144;0.033;0.017;0.068;0.347;
18412;0.146;0.011;0.169;0.012;0.006;0.106;0.550;
18448;0.218;0.012;0.189;0.020;0.009;0.079;0.474;
18479;0.336;0.013;0.139;0.028;0.013;0.070;0.401;
18525;0.395;0.012;0.115;0.012;0.011;0.050;0.405;
18562;0.318;0.012;0.122;0.013;0.009;0.063;0.463;
18595;0.168;0.012;0.145;0.016;0.012;0.075;0.572;
18644;0.386;0.010;0.107;0.011;0.003;0.083;0.399;
18682;0.290;0.010;0.109;0.018;0.006;0.055;0.512;
18712;0.509;0.009;0.097;0.020;0.008;0.040;0.316;
18755;0.211;0.014;0.114;0.014;0.012;0.078;0.557;
18798;0.214;0.009;0.101;0.008;0.002;0.101;0.566;
18829;0.315;0.016;0.122;0.013;0.016;0.067;0.451;
18872;0.482;0.008;0.106;0.007;0.003;0.050;0.344;
18910;0.427;0.011;0.136;0.022;0.007;0.063;0.334;
18941;0.377;0.011;0.116;0.013;0.005;0.070;0.408;
18985;0.413;0.011;0.096;0.023;0.008;0.044;0.405;
19023;0.228;0.013;0.130;0.011;0.013;0.089;0.517;
19056;0.248;0.011;0.110;0.013;0.009;0.058;0.552;
19098;0.173;0.011;0.143;0.012;0.008;0.069;0.583;
19137;0.222;0.013;0.121;0.019;0.011;0.053;0.560;
19178;0.305;0.011;0.125;0.024;0.011;0.041;0.484;
19224;0.197;0.010;0.151;0.023;0.007;0.055;0.557;
19260;0.238;0.009;0.128;0.008;0.006;0.045;0.566;
19293;0.268;0.010;0.150;0.017;0.005;0.074;0.475;
19338;0.227;0.012;0.111;0.014;0.008;0.075;0.553;
19375;0.295;0.015;0.127;0.021;0.013;0.056;0.474;
19408;0.516;0.008;0.122;0.027;0.002;0.035;0.290;
19457;0.395;0.010;0.100;0.013;0.007;0.055;0.421;
19493;0.270;0.013;0.113;0.016;0.007;0.058;0.523;
19525;0.533;0.008;0.100;0.022;0.003;0.027;0.307;
19575;0.167;0.009;0.107;0.012;0.007;0.042;0.655;
19612;0.327;0.008;0.110;0.011;0.004;0.050;0.490;
19644;0.458;0.009;0.100;0.007;0.005;0.038;0.382;
19691;0.465;0.013;0.100;0.046;0.008;0.056;0.312;
19728;0.135;0.012;0.197;0.030;0.011;0.069;0.547;
19759;0.172;0.010;0.165;0.029;0.004;0.048;0.572;
19801;0.194;0.011;0.149;0.033;0.004;0.083;0.525;
19840;0.360;0.011;0.153;0.032;0.005;0.052;0.388;
19875;0.449;0.011;0.152;0.063;0.009;0.052;0.264;
19922;0.239;0.017;0.180;0.016;0.017;0.120;0.412;
19965;0.403;0.017;0.109;0.065;0.014;0.081;0.311;
19998;0.338;0.015;0.116;0.011;0.015;0.058;0.447;
20043;0.382;0.014;0.138;0.020;0.015;0.052;0.379;
20080;0.492;0.010;0.130;0.011;0.004;0.029;0.324;
20111;0.354;0.009;0.130;0.008;0.004;0.047;0.448;
20157;0.339;0.016;0.114;0.013;0.027;0.057;0.433;
20192;0.335;0.014;0.158;0.016;0.024;0.069;0.384;
20225;0.431;0.009;0.144;0.012;0.007;0.048;0.349;
20275;0.507;0.007;0.113;0.014;0.005;0.026;0.327;
20313;0.435;0.008;0.128;0.007;0.006;0.039;0.378;
20352;0.465;0.009;0.126;0.010;0.008;0.035;0.345;
20395;0.397;0.012;0.133;0.015;0.012;0.049;0.383;
20432;0.417;0.009;0.130;0.010;0.005;0.054;0.374;
20466;0.423;0.012;0.133;0.017;0.012;0.052;0.352;
20510;0.244;0.015;0.170;0.013;0.019;0.085;0.454;
20548;0.254;0.010;0.161;0.020;0.010;0.050;0.496;
20577;0.227;0.011;0.181;0.014;0.007;0.089;0.472;
20623;0.270;0.010;0.175;0.025;0.008;0.106;0.407;
20660;0.224;0.012;0.162;0.011;0.011;0.088;0.493;
20691;0.298;0.011;0.158;0.036;0.021;0.057;0.419;
20744;0.441;0.012;0.124;0.018;0.027;0.041;0.337;
20781;0.397;0.010;0.128;0.014;0.011;0.057;0.385;
20812;0.292;0.013;0.148;0.012;0.013;0.074;0.448;
20855;0.324;0.011;0.141;0.022;0.013;0.060;0.429;
20892;0.269;0.011;0.146;0.019;0.008;0.059;0.488;
20925;0.125;0.007;0.138;0.007;0.003;0.057;0.662;
20969;0.180;0.010;0.157;0.008;0.007;0.075;0.563;
21008;0.185;0.012;0.167;0.010;0.010;0.112;0.504;
21041;0.443;0.009;0.140;0.013;0.011;0.052;0.333;
21091;0.327;0.011;0.181;0.029;0.017;0.060;0.375;
21136;0.432;0.007;0.156;0.008;0.006;0.040;0.352;
21169;0.248;0.009;0.194;0.010;0.009;0.046;0.484;
21215;0.242;0.010;0.144;0.010;0.009;0.058;0.528;
21250;0.204;0.011;0.168;0.020;0.014;0.067;0.517;
21280;0.273;0.010;0.163;0.014;0.007;0.064;0.468;
21323;0.223;0.011;0.148;0.009;0.008;0.107;0.494;
21359;0.316;0.008;0.145;0.011;0.008;0.054;0.458;
21391;0.257;0.009;0.172;0.010;0.008;0.051;0.493;
21434;0.106;0.008;0.148;0.007;0.005;0.076;0.650;
21475;0.280;0.012;0.163;0.011;0.008;0.094;0.432;
21518;0.102;0.008;0.150;0.011;0.010;0.066;0.652;
21560;0.459;0.009;0.138;0.015;0.007;0.067;0.304;
21597;0.141;0.007;0.176;0.008;0.004;0.059;0.605;
21630;0.270;0.009;0.136;0.008;0.005;0.080;0.494;
21675;0.407;0.006;0.155;0.008;0.004;0.022;0.399;
21713;0.271;0.008;0.145;0.009;0.005;0.026;0.536;
21744;0.173;0.007;0.134;0.006;0.004;0.031;0.644;
21789;0.347;0.011;0.174;0.010;0.012;0.060;0.385;
21824;0.285;0.008;0.193;0.006;0.005;0.059;0.444;
21875;0.130;0.010;0.164;0.008;0.011;0.090;0.587;
21928;0.079;0.007;0.122;0.004;0.006;0.059;0.723;
21967;0.365;0.008;0.155;0.007;0.006;0.049;0.410;
22002;0.365;0.010;0.151;0.011;0.007;0.050;0.406;
22046;0.350;0.016;0.177;0.018;0.022;0.102;0.315;
22080;0.292;0.010;0.173;0.007;0.006;0.061;0.450;
22111;0.176;0.010;0.186;0.009;0.007;0.079;0.533;
22155;0.425;0.007;0.124;0.005;0.006;0.026;0.407;
22192;0.450;0.010;0.146;0.007;0.003;0.060;0.325;
22224;0.345;0.010;0.146;0.010;0.006;0.041;0.442;
22271;0.284;0.008;0.144;0.004;0.002;0.036;0.522;
22319;0.230;0.007;0.159;0.005;0.002;0.029;0.568;
22350;0.353;0.006;0.126;0.005;0.002;0.021;0.488;
22392;0.534;0.010;0.087;0.004;0.006;0.022;0.337;
22428;0.282;0.006;0.153;0.004;0.004;0.016;0.536;
22460;0.559;0.006;0.119;0.008;0.006;0.016;0.286;
22507;0.582;0.005;0.140;0.006;0.002;0.013;0.251;
22544;0.555;0.005;0.152;0.006;0.002;0.016;0.264;
22575;0.275;0.007;0.161;0.007;0.003;0.033;0.515;
22622;0.593;0.006;0.137;0.007;0.004;0.018;0.236;
22659;0.421;0.006;0.140;0.004;0.002;0.033;0.394;
22702;0.489;0.006;0.169;0.011;0.004;0.021;0.301;
22748;0.703;0.005;0.128;0.005;0.001;0.006;0.151;
22785;0.609;0.005;0.131;0.005;0.002;0.009;0.239;
22817;0.679;0.003;0.173;0.003;0.001;0.007;0.133;
22859;0.388;0.006;0.182;0.008;0.002;0.013;0.401;
22896;0.607;0.005;0.171;0.012;0.001;0.007;0.197;
22929;0.342;0.007;0.222;0.018;0.004;0.011;0.397;
22974;0.563;0.005;0.145;0.009;0.003;0.011;0.264;
23012;0.480;0.006;0.169;0.012;0.004;0.018;0.311;
23046;0.364;0.006;0.158;0.009;0.002;0.010;0.452;
23097;0.374;0.005;0.148;0.006;0.001;0.011;0.454;
23135;0.366;0.005;0.160;0.006;0.002;0.013;0.448;
23167;0.638;0.005;0.124;0.007;0.002;0.007;0.217;
23212;0.414;0.006;0.175;0.009;0.004;0.011;0.382;
23244;0.397;0.007;0.167;0.005;0.005;0.011;0.409;
23279;0.594;0.006;0.151;0.005;0.002;0.016;0.227;
23324;0.479;0.004;0.173;0.006;0.001;0.006;0.331;
23360;0.573;0.004;0.151;0.004;0.001;0.006;0.260;
23394;0.670;0.004;0.136;0.005;0.001;0.003;0.180;
23439;0.521;0.005;0.155;0.010;0.002;0.011;0.296;
23488;0.456;0.005;0.167;0.005;0.002;0.014;0.351;
23520;0.510;0.006;0.173;0.009;0.006;0.012;0.284;
23563;0.503;0.005;0.161;0.005;0.004;0.009;0.313;
23602;0.526;0.005;0.136;0.004;0.001;0.008;0.320;
23636;0.361;0.006;0.151;0.005;0.004;0.018;0.455;
23686;0.413;0.006;0.143;0.004;0.003;0.017;0.413;
23723;0.364;0.007;0.134;0.007;0.006;0.025;0.458;
23755;0.208;0.006;0.185;0.004;0.002;0.024;0.572;
23799;0.577;0.006;0.154;0.016;0.007;0.012;0.228;
23837;0.321;0.006;0.133;0.008;0.004;0.013;0.515;
23885;0.388;0.006;0.162;0.006;0.007;0.010;0.420;
23928;0.483;0.005;0.152;0.008;0.002;0.010;0.340;
23964;0.382;0.006;0.151;0.008;0.002;0.017;0.434;
23997;0.334;0.006;0.129;0.006;0.002;0.011;0.512;
24041;0.455;0.006;0.160;0.004;0.003;0.012;0.360;
24078;0.526;0.003;0.209;0.008;0.003;0.005;0.247;
24110;0.412;0.006;0.199;0.025;0.008;0.012;0.338;
24156;0.141;0.006;0.182;0.012;0.004;0.018;0.636;
24193;0.234;0.006;0.207;0.013;0.002;0.012;0.526;
24226;0.521;0.004;0.182;0.004;0.002;0.012;0.275;
24278;0.265;0.005;0.200;0.007;0.002;0.023;0.498;
24316;0.425;0.006;0.165;0.013;0.002;0.012;0.376;
24347;0.347;0.006;0.225;0.016;0.004;0.020;0.383;
24390;0.411;0.007;0.158;0.027;0.004;0.014;0.379;
24427;0.516;0.006;0.173;0.025;0.003;0.009;0.269;
24459;0.484;0.007;0.175;0.025;0.005;0.017;0.288;
24506;0.527;0.005;0.175;0.028;0.003;0.012;0.250;
24543;0.180;0.013;0.325;0.106;0.016;0.040;0.320;
24576;0.425;0.008;0.217;0.040;0.009;0.017;0.284;
24623;0.271;0.011;0.281;0.033;0.010;0.036;0.358;
24668;0.326;0.008;0.226;0.013;0.005;0.023;0.398;
24703;0.234;0.009;0.205;0.039;0.007;0.029;0.477;
24746;0.225;0.011;0.263;0.015;0.010;0.043;0.432;
24783;0.534;0.006;0.166;0.037;0.004;0.023;0.230;
24814;0.455;0.006;0.183;0.022;0.003;0.021;0.310;
24857;0.376;0.007;0.204;0.029;0.005;0.018;0.360;
24894;0.135;0.007;0.180;0.013;0.006;0.025;0.633;
24927;0.481;0.006;0.161;0.021;0.003;0.010;0.319;
24972;0.194;0.006;0.153;0.007;0.002;0.016;0.623;
25011;0.130;0.007;0.200;0.008;0.004;0.026;0.625;
25051;0.312;0.008;0.213;0.011;0.006;0.029;0.421;
25097;0.403;0.007;0.204;0.005;0.003;0.024;0.355;
25136;0.307;0.013;0.215;0.012;0.011;0.033;0.410;
25169;0.455;0.010;0.154;0.009;0.009;0.023;0.340;
25218;0.317;0.006;0.175;0.006;0.003;0.024;0.468;
25255;0.584;0.007;0.151;0.023;0.006;0.013;0.216;
25288;0.548;0.005;0.158;0.010;0.001;0.008;0.270;
25334;0.247;0.007;0.178;0.008;0.007;0.018;0.535;
25371;0.252;0.010;0.188;0.013;0.007;0.024;0.505;
25406;0.206;0.010;0.248;0.011;0.009;0.032;0.484;
25460;0.321;0.007;0.198;0.007;0.004;0.019;0.445;
25498;0.391;0.009;0.241;0.012;0.008;0.021;0.318;
25531;0.173;0.010;0.219;0.011;0.005;0.038;0.543;
25578;0.256;0.009;0.230;0.014;0.007;0.023;0.461;
25615;0.471;0.009;0.216;0.010;0.006;0.023;0.266;
25646;0.501;0.008;0.189;0.013;0.003;0.023;0.262;
25689;0.534;0.007;0.160;0.014;0.006;0.015;0.265;
25726;0.578;0.006;0.161;0.025;0.005;0.016;0.209;
25758;0.274;0.012;0.198;0.015;0.013;0.036;0.453;
25806;0.262;0.007;0.201;0.005;0.003;0.028;0.493;
25852;0.547;0.005;0.171;0.007;0.004;0.016;0.250;
25886;0.489;0.006;0.156;0.010;0.004;0.016;0.320;
25931;0.676;0.006;0.149;0.023;0.006;0.011;0.130;
25969;0.562;0.006;0.154;0.011;0.004;0.016;0.246;
26005;0.337;0.013;0.195;0.027;0.018;0.047;0.363;
26050;0.442;0.009;0.160;0.061;0.014;0.023;0.291;
26087;0.624;0.008;0.145;0.010;0.003;0.016;0.194;
26119;0.477;0.007;0.175;0.006;0.003;0.025;0.308;
26162;0.737;0.007;0.111;0.024;0.007;0.008;0.106;
26201;0.498;0.007;0.166;0.021;0.010;0.013;0.285;
26240;0.440;0.006;0.163;0.007;0.004;0.017;0.363;
26290;0.635;0.005;0.144;0.025;0.002;0.009;0.180;
26328;0.504;0.007;0.163;0.020;0.009;0.012;0.285;
26360;0.584;0.005;0.136;0.040;0.007;0.012;0.215;
26404;0.472;0.007;0.169;0.028;0.013;0.016;0.294;
26441;0.529;0.005;0.141;0.023;0.006;0.012;0.285;
26475;0.680;0.005;0.116;0.016;0.006;0.012;0.164;
26521;0.446;0.007;0.190;0.018;0.005;0.024;0.309;
26557;0.366;0.008;0.150;0.009;0.009;0.022;0.438;
26589;0.339;0.006;0.171;0.006;0.005;0.018;0.456;
26640;0.524;0.006;0.135;0.005;0.003;0.012;0.315;
26678;0.391;0.007;0.168;0.015;0.006;0.016;0.396;
26709;0.576;0.007;0.171;0.006;0.003;0.021;0.216;
26756;0.706;0.005;0.123;0.006;0.003;0.011;0.145;
26792;0.432;0.009;0.221;0.021;0.010;0.031;0.276;
26823;0.470;0.008;0.152;0.013;0.006;0.016;0.335;
26867;0.278;0.010;0.199;0.018;0.007;0.034;0.454;
26906;0.539;0.007;0.216;0.025;0.007;0.010;0.195;
26940;0.458;0.007;0.208;0.042;0.004;0.016;0.266;
26988;0.585;0.006;0.151;0.034;0.009;0.012;0.204;
27032;0.565;0.009;0.149;0.073;0.014;0.015;0.175;
27066;0.634;0.006;0.139;0.019;0.003;0.017;0.183;
27113;0.425;0.007;0.163;0.020;0.007;0.020;0.358;
27150;0.460;0.005;0.197;0.021;0.006;0.015;0.296;
27183;0.426;0.009;0.154;0.038;0.009;0.022;0.341;
27227;0.393;0.006;0.181;0.035;0.006;0.013;0.365;
27264;0.268;0.008;0.182;0.025;0.011;0.022;0.484;
27297;0.425;0.006;0.204;0.051;0.006;0.008;0.300;
27341;0.210;0.009;0.234;0.026;0.017;0.022;0.481;
27378;0.338;0.007;0.203;0.009;0.006;0.018;0.419;
27417;0.378;0.007;0.171;0.014;0.006;0.017;0.407;
27460;0.569;0.005;0.133;0.027;0.004;0.010;0.252;
27498;0.800;0.005;0.104;0.022;0.003;0.004;0.062;
27532;0.386;0.010;0.182;0.022;0.010;0.024;0.366;
27577;0.442;0.009;0.173;0.018;0.016;0.023;0.319;
27613;0.270;0.010;0.252;0.016;0.015;0.029;0.408;
27644;0.237;0.009;0.182;0.017;0.008;0.029;0.518;
27688;0.199;0.010;0.207;0.021;0.008;0.041;0.514;
27724;0.190;0.010;0.167;0.018;0.014;0.032;0.569;
27756;0.291;0.009;0.203;0.022;0.007;0.033;0.435;
27807;0.255;0.014;0.188;0.014;0.019;0.056;0.455;
27844;0.451;0.010;0.167;0.012;0.014;0.027;0.318;
27877;0.214;0.009;0.174;0.007;0.006;0.026;0.565;
27924;0.310;0.008;0.161;0.005;0.005;0.031;0.480;
27959;0.588;0.006;0.145;0.003;0.005;0.011;0.244;
27991;0.199;0.009;0.191;0.010;0.008;0.032;0.552;
28035;0.379;0.008;0.144;0.008;0.006;0.030;0.426;
28073;0.245;0.009;0.200;0.008;0.005;0.043;0.491;
28107;0.462;0.006;0.180;0.011;0.006;0.019;0.315;
28153;0.265;0.008;0.200;0.009;0.010;0.025;0.483;
28196;0.206;0.007;0.191;0.014;0.006;0.021;0.555;
28227;0.435;0.007;0.190;0.017;0.011;0.015;0.325;
28275;0.501;0.007;0.178;0.031;0.022;0.013;0.250;
28317;0.628;0.006;0.134;0.039;0.012;0.011;0.170;
28349;0.378;0.008;0.243;0.016;0.011;0.027;0.318;
28392;0.445;0.011;0.205;0.037;0.028;0.033;0.241;
28428;0.314;0.008;0.228;0.038;0.012;0.022;0.378;
28460;0.148;0.008;0.134;0.012;0.013;0.028;0.657;
28506;0.279;0.006;0.188;0.011;0.006;0.019;0.491;
28544;0.706;0.004;0.127;0.014;0.003;0.014;0.132;
28583;0.617;0.005;0.153;0.043;0.007;0.011;0.165;
28627;0.615;0.005;0.132;0.040;0.007;0.014;0.187;
28663;0.493;0.007;0.174;0.018;0.014;0.026;0.268;
28697;0.316;0.007;0.202;0.012;0.010;0.021;0.432;
28744;0.399;0.006;0.188;0.014;0.007;0.015;0.371;
28781;0.442;0.006;0.151;0.008;0.003;0.020;0.369;
28811;0.545;0.008;0.158;0.025;0.009;0.024;0.231;
28855;0.317;0.007;0.193;0.011;0.007;0.023;0.442;
28892;0.301;0.009;0.187;0.015;0.013;0.027;0.448;
28923;0.224;0.011;0.159;0.019;0.014;0.047;0.527;
28973;0.354;0.009;0.160;0.010;0.007;0.028;0.431;
29011;0.317;0.011;0.196;0.016;0.019;0.030;0.410;
29041;0.375;0.007;0.174;0.015;0.008;0.023;0.396;
29090;0.372;0.006;0.215;0.014;0.006;0.024;0.363;
29127;0.395;0.014;0.164;0.034;0.040;0.039;0.315;
29158;0.431;0.009;0.208;0.024;0.010;0.025;0.293;
29205;0.371;0.006;0.175;0.009;0.007;0.028;0.403;
29241;0.449;0.006;0.152;0.007;0.007;0.019;0.359;
29274;0.331;0.006;0.193;0.010;0.004;0.019;0.436;
29321;0.322;0.009;0.125;0.013;0.017;0.022;0.492;
29368;0.324;0.011;0.182;0.020;0.028;0.024;0.411;
29402;0.170;0.011;0.239;0.017;0.019;0.044;0.501;
29444;0.456;0.010;0.150;0.013;0.026;0.030;0.314;
29479;0.620;0.005;0.131;0.008;0.005;0.018;0.212;
29510;0.380;0.009;0.199;0.012;0.016;0.030;0.353;
29555;0.270;0.008;0.149;0.007;0.008;0.028;0.529;
29591;0.286;0.006;0.162;0.008;0.010;0.013;0.515;
29622;0.371;0.012;0.172;0.013;0.020;0.035;0.377;
29666;0.473;0.013;0.191;0.017;0.034;0.026;0.246;
29703;0.186;0.013;0.262;0.017;0.026;0.060;0.436;
29742;0.272;0.009;0.267;0.009;0.015;0.023;0.404;
29787;0.412;0.011;0.186;0.013;0.028;0.022;0.329;
29822;0.619;0.005;0.168;0.014;0.008;0.009;0.176;
29855;0.323;0.006;0.192;0.005;0.007;0.015;0.451;
29900;0.358;0.006;0.189;0.006;0.010;0.013;0.419;
29940;0.530;0.005;0.146;0.002;0.004;0.006;0.307;
29973;0.374;0.005;0.178;0.003;0.003;0.007;0.430;
30019;0.282;0.007;0.203;0.007;0.007;0.026;0.467;
30055;0.470;0.004;0.212;0.003;0.002;0.011;0.299;
30087;0.423;0.006;0.191;0.003;0.006;0.012;0.359;
30140;0.526;0.005;0.153;0.003;0.005;0.007;0.301;
30177;0.511;0.005;0.192;0.002;0.007;0.005;0.279;
30208;0.521;0.004;0.181;0.003;0.006;0.008;0.276;
30254;0.131;0.006;0.136;0.003;0.005;0.011;0.708;
30291;0.132;0.006;0.229;0.006;0.007;0.017;0.601;
30325;0.191;0.006;0.175;0.006;0.010;0.016;0.595;
30372;0.275;0.010;0.261;0.012;0.022;0.024;0.396;
30410;0.301;0.008;0.211;0.006;0.012;0.023;0.439;
30442;0.480;0.005;0.181;0.004;0.009;0.010;0.310;
30487;0.545;0.005;0.167;0.004;0.007;0.009;0.264;
30532;0.461;0.006;0.157;0.005;0.010;0.010;0.351;
30565;0.596;0.004;0.160;0.003;0.004;0.006;0.228;
30609;0.526;0.004;0.186;0.002;0.002;0.004;0.278;
30645;0.427;0.005;0.157;0.003;0.006;0.006;0.395;
30676;0.745;0.004;0.129;0.006;0.004;0.004;0.110;
30723;0.696;0.004;0.146;0.003;0.004;0.003;0.145;
30759;0.528;0.007;0.162;0.005;0.017;0.007;0.275;
30793;0.662;0.007;0.159;0.010;0.020;0.012;0.131;
30839;0.459;0.006;0.185;0.011;0.007;0.007;0.324;
30876;0.412;0.006;0.217;0.025;0.002;0.012;0.327;
30918;0.361;0.006;0.186;0.006;0.003;0.013;0.424;
30965;0.664;0.006;0.155;0.011;0.006;0.014;0.145;
31003;0.179;0.007;0.207;0.007;0.006;0.026;0.568;
31038;0.563;0.006;0.165;0.011;0.006;0.014;0.235;
31088;0.719;0.005;0.141;0.013;0.002;0.019;0.101;
31132;0.524;0.004;0.196;0.007;0.002;0.013;0.254;
31168;0.743;0.004;0.132;0.013;0.003;0.011;0.095;
31216;0.334;0.005;0.169;0.003;0.002;0.012;0.475;
31252;0.500;0.005;0.165;0.007;0.001;0.011;0.312;
31285;0.258;0.007;0.155;0.006;0.003;0.013;0.558;
31341;0.433;0.005;0.191;0.006;0.006;0.012;0.348;
31376;0.734;0.003;0.131;0.012;0.004;0.005;0.111;
31408;0.562;0.003;0.181;0.005;0.001;0.006;0.242;
31454;0.564;0.004;0.148;0.010;0.001;0.008;0.264;
31490;0.720;0.004;0.119;0.009;0.002;0.009;0.136;
