34;0.237;0.049;0.010;0.020;0.644;0.002;0.038;
82;0.079;0.034;0.012;0.012;0.799;0.003;0.061;
121;0.098;0.044;0.016;0.013;0.750;0.003;0.075;
171;0.068;0.019;0.005;0.008;0.875;0.001;0.023;
208;0.084;0.024;0.008;0.007;0.840;0.004;0.033;
245;0.105;0.038;0.018;0.006;0.785;0.006;0.042;
306;0.024;0.005;0.002;0.004;0.960;0.001;0.006;
342;0.006;0.001;0.000;0.001;0.989;0.000;0.002;
379;0.013;0.002;0.001;0.002;0.979;0.001;0.003;
416;0.010;0.001;0.001;0.002;0.984;0.000;0.002;
452;0.028;0.006;0.003;0.003;0.948;0.001;0.010;
496;0.012;0.003;0.001;0.004;0.974;0.000;0.005;
533;0.034;0.008;0.002;0.006;0.941;0.001;0.009;
586;0.142;0.068;0.025;0.024;0.624;0.006;0.112;
623;0.047;0.011;0.004;0.007;0.912;0.001;0.017;
671;0.060;0.018;0.003;0.018;0.885;0.001;0.015;
755;0.039;0.008;0.003;0.005;0.936;0.001;0.009;
798;0.014;0.003;0.001;0.003;0.976;0.000;0.002;
841;0.021;0.005;0.001;0.004;0.967;0.000;0.001;
889;0.054;0.013;0.003;0.007;0.909;0.000;0.012;
939;0.180;0.036;0.016;0.023;0.678;0.001;0.065;
997;0.080;0.020;0.005;0.015;0.868;0.001;0.011;
1055;0.053;0.018;0.008;0.007;0.876;0.002;0.036;
1092;0.054;0.015;0.004;0.011;0.900;0.001;0.014;
1142;0.051;0.013;0.004;0.008;0.914;0.000;0.009;
1178;0.018;0.004;0.001;0.002;0.974;0.000;0.001;
1215;0.038;0.008;0.002;0.005;0.943;0.000;0.003;
1252;0.032;0.004;0.002;0.008;0.952;0.000;0.002;
1290;0.022;0.005;0.002;0.003;0.966;0.000;0.002;
1330;0.015;0.003;0.001;0.003;0.977;0.000;0.001;
1372;0.045;0.013;0.006;0.006;0.912;0.001;0.018;
1415;0.044;0.011;0.004;0.005;0.925;0.001;0.011;
1499;0.020;0.005;0.002;0.004;0.964;0.000;0.005;
1536;0.104;0.042;0.018;0.013;0.749;0.003;0.070;
1575;0.035;0.009;0.003;0.009;0.936;0.000;0.008;
1613;0.152;0.085;0.030;0.092;0.493;0.008;0.141;
1658;0.043;0.015;0.005;0.016;0.901;0.001;0.020;
1698;0.017;0.007;0.004;0.005;0.948;0.001;0.018;
1740;0.055;0.030;0.016;0.007;0.829;0.004;0.060;
1784;0.093;0.065;0.027;0.028;0.642;0.006;0.138;
1824;0.100;0.094;0.032;0.051;0.546;0.011;0.166;
1869;0.078;0.022;0.006;0.011;0.861;0.001;0.020;
1926;0.019;0.005;0.001;0.006;0.965;0.000;0.003;
1969;0.011;0.002;0.001;0.003;0.982;0.000;0.001;
2009;0.028;0.007;0.002;0.006;0.951;0.000;0.006;
2049;0.077;0.020;0.007;0.006;0.859;0.004;0.026;
2087;0.075;0.034;0.016;0.008;0.805;0.009;0.054;
2126;0.033;0.006;0.002;0.002;0.951;0.001;0.005;
2171;0.037;0.008;0.004;0.003;0.937;0.001;0.010;
2209;0.018;0.004;0.001;0.002;0.972;0.000;0.003;
2247;0.097;0.049;0.023;0.009;0.743;0.006;0.074;
2292;0.045;0.015;0.008;0.004;0.904;0.002;0.022;
2334;0.006;0.002;0.000;0.003;0.988;0.000;0.001;
2399;0.024;0.007;0.002;0.007;0.951;0.000;0.009;
2450;0.033;0.011;0.004;0.010;0.922;0.000;0.019;
2488;0.081;0.026;0.009;0.032;0.808;0.001;0.044;
2920;0.084;0.036;0.014;0.017;0.788;0.003;0.057;
2965;0.049;0.016;0.006;0.006;0.892;0.003;0.028;
3009;0.038;0.014;0.008;0.006;0.901;0.003;0.029;
3063;0.056;0.029;0.012;0.010;0.833;0.003;0.056;
3102;0.061;0.016;0.006;0.005;0.893;0.001;0.018;
3149;0.129;0.068;0.032;0.013;0.649;0.007;0.103;
3192;0.121;0.043;0.019;0.006;0.771;0.007;0.032;
3231;0.204;0.068;0.019;0.016;0.615;0.004;0.074;
3270;0.502;0.039;0.058;0.035;0.192;0.002;0.173;
3312;0.223;0.076;0.030;0.080;0.411;0.006;0.173;
3351;0.184;0.090;0.045;0.036;0.338;0.011;0.295;
3391;0.485;0.090;0.027;0.090;0.172;0.005;0.132;
3430;0.372;0.045;0.007;0.065;0.493;0.001;0.017;
3490;0.099;0.022;0.003;0.011;0.857;0.001;0.008;
3530;0.013;0.003;0.000;0.004;0.979;0.000;0.001;
3576;0.008;0.002;0.000;0.003;0.986;0.000;0.001;
3620;0.032;0.007;0.002;0.004;0.954;0.000;0.002;
3660;0.029;0.006;0.002;0.004;0.956;0.000;0.003;
3710;0.061;0.005;0.005;0.009;0.912;0.000;0.008;
3753;0.072;0.011;0.005;0.012;0.884;0.000;0.016;
3798;0.052;0.012;0.006;0.003;0.914;0.001;0.011;
3850;0.123;0.035;0.017;0.007;0.775;0.002;0.040;
3889;0.090;0.030;0.013;0.006;0.822;0.002;0.036;
3929;0.111;0.042;0.013;0.019;0.750;0.003;0.062;
3970;0.131;0.117;0.063;0.023;0.296;0.014;0.356;
4027;0.099;0.031;0.016;0.013;0.776;0.003;0.063;
4071;0.055;0.032;0.014;0.007;0.820;0.004;0.068;
4113;0.038;0.011;0.004;0.004;0.926;0.001;0.015;
4154;0.060;0.020;0.009;0.007;0.872;0.002;0.030;
4201;0.036;0.007;0.003;0.006;0.938;0.000;0.010;
4249;0.051;0.014;0.015;0.012;0.849;0.002;0.056;
4294;0.029;0.012;0.005;0.013;0.914;0.001;0.026;
4340;0.063;0.042;0.017;0.031;0.747;0.004;0.097;
4381;0.093;0.057;0.030;0.017;0.689;0.006;0.108;
4424;0.017;0.004;0.002;0.006;0.962;0.000;0.008;
4475;0.042;0.010;0.003;0.005;0.930;0.001;0.009;
4519;0.104;0.032;0.010;0.028;0.781;0.001;0.044;
4560;0.011;0.002;0.001;0.004;0.977;0.000;0.005;
4600;0.022;0.005;0.002;0.005;0.961;0.000;0.005;
4645;0.032;0.009;0.002;0.008;0.939;0.000;0.009;
4685;0.261;0.109;0.043;0.029;0.347;0.009;0.203;
4730;0.233;0.095;0.056;0.043;0.321;0.009;0.243;
4787;0.091;0.034;0.013;0.016;0.786;0.002;0.059;
4846;0.038;0.012;0.006;0.004;0.921;0.001;0.017;
4899;0.113;0.014;0.007;0.024;0.813;0.001;0.028;
4958;0.039;0.011;0.003;0.009;0.928;0.000;0.010;
5030;0.051;0.014;0.005;0.007;0.904;0.001;0.018;
5074;0.061;0.018;0.008;0.003;0.886;0.002;0.021;
5114;0.102;0.043;0.018;0.006;0.777;0.006;0.047;
5156;0.042;0.012;0.008;0.002;0.914;0.003;0.019;
5204;0.107;0.068;0.036;0.010;0.661;0.010;0.108;
5249;0.013;0.003;0.002;0.002;0.976;0.000;0.004;
5289;0.038;0.017;0.008;0.007;0.891;0.001;0.038;
5332;0.048;0.021;0.011;0.003;0.880;0.002;0.035;
5378;0.039;0.011;0.006;0.002;0.923;0.002;0.017;
5431;0.094;0.056;0.029;0.012;0.697;0.008;0.104;
5471;0.022;0.004;0.004;0.003;0.961;0.000;0.005;
5511;0.057;0.018;0.012;0.003;0.883;0.002;0.024;
5576;0.022;0.006;0.005;0.002;0.955;0.001;0.009;
5616;0.028;0.008;0.005;0.002;0.947;0.001;0.009;
5656;0.030;0.008;0.005;0.002;0.944;0.001;0.010;
5700;0.064;0.023;0.016;0.004;0.856;0.002;0.035;
5744;0.049;0.014;0.013;0.004;0.887;0.002;0.030;
5790;0.069;0.029;0.019;0.004;0.839;0.005;0.036;
5840;0.045;0.015;0.010;0.002;0.909;0.002;0.017;
5895;0.048;0.015;0.010;0.002;0.909;0.003;0.012;
5934;0.051;0.016;0.013;0.002;0.901;0.003;0.014;
5974;0.044;0.010;0.008;0.003;0.926;0.001;0.009;
6013;0.037;0.008;0.006;0.002;0.938;0.001;0.007;
6053;0.028;0.007;0.004;0.002;0.953;0.001;0.005;
6094;0.082;0.029;0.022;0.004;0.835;0.006;0.022;
6134;0.063;0.020;0.015;0.003;0.879;0.003;0.017;
6172;0.087;0.030;0.024;0.005;0.812;0.004;0.038;
6215;0.039;0.009;0.010;0.003;0.929;0.001;0.008;
6262;0.043;0.017;0.011;0.003;0.902;0.003;0.021;
6322;0.066;0.019;0.015;0.004;0.868;0.002;0.026;
6363;0.056;0.017;0.009;0.003;0.892;0.002;0.021;
6403;0.078;0.023;0.017;0.007;0.824;0.002;0.049;
6442;0.164;0.043;0.015;0.016;0.689;0.002;0.071;
6485;0.341;0.050;0.044;0.103;0.280;0.004;0.177;
6524;0.292;0.109;0.044;0.027;0.340;0.008;0.180;
6564;0.080;0.035;0.015;0.014;0.779;0.003;0.074;
6604;0.067;0.020;0.011;0.013;0.837;0.001;0.052;
6644;0.031;0.010;0.004;0.005;0.933;0.001;0.017;
6684;0.014;0.003;0.001;0.003;0.975;0.000;0.003;
6744;0.050;0.011;0.003;0.008;0.918;0.000;0.010;
6787;0.052;0.015;0.005;0.008;0.896;0.001;0.022;
6827;0.232;0.043;0.018;0.024;0.623;0.002;0.058;
6890;0.102;0.023;0.005;0.015;0.845;0.001;0.010;
6933;0.008;0.001;0.000;0.002;0.986;0.000;0.002;
6973;0.060;0.025;0.012;0.009;0.841;0.004;0.048;
7017;0.081;0.035;0.014;0.017;0.786;0.004;0.062;
7061;0.050;0.013;0.003;0.005;0.918;0.001;0.011;
7113;0.063;0.020;0.009;0.007;0.869;0.002;0.030;
7158;0.023;0.004;0.002;0.005;0.953;0.001;0.012;
7212;0.024;0.006;0.003;0.005;0.947;0.001;0.014;
7270;0.029;0.005;0.002;0.006;0.943;0.001;0.013;
7317;0.033;0.020;0.010;0.012;0.866;0.004;0.055;
7418;0.057;0.015;0.005;0.009;0.884;0.002;0.029;
7457;0.096;0.067;0.028;0.015;0.672;0.011;0.111;
7498;0.128;0.074;0.029;0.014;0.650;0.010;0.095;
7538;0.167;0.065;0.032;0.013;0.598;0.006;0.120;
7577;0.107;0.032;0.011;0.008;0.796;0.002;0.044;
7618;0.054;0.016;0.004;0.011;0.889;0.001;0.025;
7675;0.078;0.024;0.006;0.008;0.856;0.002;0.027;
7724;0.085;0.022;0.003;0.010;0.858;0.001;0.020;
7764;0.106;0.049;0.023;0.009;0.744;0.005;0.064;
7803;0.084;0.020;0.009;0.008;0.843;0.001;0.035;
7843;0.053;0.022;0.011;0.007;0.872;0.002;0.033;
7890;0.079;0.036;0.022;0.007;0.803;0.005;0.049;
7936;0.058;0.032;0.022;0.007;0.813;0.005;0.063;
7977;0.039;0.015;0.010;0.003;0.912;0.003;0.019;
8017;0.014;0.003;0.003;0.003;0.973;0.000;0.003;
8058;0.048;0.013;0.009;0.002;0.913;0.002;0.013;
8111;0.055;0.012;0.009;0.003;0.909;0.001;0.012;
8162;0.022;0.005;0.003;0.003;0.964;0.000;0.003;
8217;0.052;0.010;0.007;0.003;0.917;0.001;0.011;
8260;0.103;0.037;0.023;0.004;0.789;0.005;0.039;
8312;0.190;0.112;0.073;0.013;0.495;0.025;0.092;
8362;0.068;0.020;0.013;0.003;0.877;0.003;0.017;
8404;0.068;0.023;0.016;0.004;0.858;0.003;0.028;
8452;0.054;0.021;0.015;0.003;0.882;0.004;0.022;
8498;0.042;0.014;0.010;0.003;0.914;0.002;0.016;
8539;0.074;0.031;0.023;0.004;0.832;0.007;0.028;
8580;0.035;0.009;0.008;0.004;0.939;0.001;0.005;
8627;0.056;0.021;0.018;0.004;0.878;0.005;0.018;
8668;0.054;0.029;0.016;0.003;0.878;0.007;0.013;
8716;0.028;0.012;0.010;0.007;0.935;0.003;0.005;
8762;0.087;0.031;0.025;0.004;0.825;0.006;0.022;
8811;0.057;0.020;0.015;0.003;0.883;0.004;0.018;
8863;0.041;0.010;0.008;0.002;0.928;0.003;0.010;
8918;0.131;0.064;0.039;0.008;0.687;0.012;0.060;
8972;0.067;0.023;0.014;0.003;0.864;0.004;0.023;
9031;0.029;0.008;0.007;0.002;0.940;0.004;0.010;
9073;0.025;0.007;0.005;0.002;0.949;0.002;0.009;
9122;0.009;0.001;0.001;0.001;0.984;0.001;0.003;
9172;0.016;0.004;0.004;0.002;0.969;0.001;0.003;
9211;0.051;0.015;0.011;0.002;0.904;0.003;0.013;
9252;0.035;0.009;0.008;0.002;0.939;0.002;0.005;
9293;0.073;0.028;0.021;0.003;0.848;0.006;0.021;
9334;0.091;0.055;0.034;0.006;0.773;0.012;0.029;
9383;0.050;0.015;0.012;0.002;0.905;0.002;0.014;
9423;0.029;0.007;0.006;0.003;0.947;0.001;0.007;
9467;0.047;0.014;0.011;0.003;0.906;0.002;0.017;
9509;0.078;0.027;0.020;0.003;0.841;0.004;0.027;
9564;0.034;0.009;0.007;0.002;0.938;0.002;0.010;
9631;0.051;0.021;0.016;0.004;0.878;0.004;0.027;
9674;0.069;0.026;0.019;0.004;0.853;0.005;0.025;
9716;0.011;0.003;0.002;0.001;0.979;0.000;0.003;
9756;0.021;0.006;0.006;0.002;0.959;0.001;0.006;
9798;0.063;0.022;0.015;0.003;0.866;0.003;0.028;
9839;0.027;0.007;0.005;0.002;0.949;0.001;0.008;
9880;0.137;0.076;0.065;0.013;0.561;0.015;0.133;
9919;0.073;0.026;0.025;0.007;0.796;0.003;0.070;
9963;0.098;0.035;0.024;0.007;0.747;0.004;0.084;
10018;0.062;0.028;0.019;0.005;0.844;0.005;0.037;
10059;0.038;0.010;0.008;0.003;0.925;0.001;0.016;
10099;0.046;0.009;0.009;0.002;0.918;0.001;0.014;
10139;0.032;0.005;0.005;0.002;0.950;0.000;0.006;
10184;0.032;0.008;0.008;0.003;0.940;0.001;0.008;
10227;0.040;0.006;0.008;0.003;0.929;0.000;0.014;
10267;0.042;0.009;0.007;0.003;0.925;0.001;0.013;
10314;0.031;0.009;0.004;0.002;0.943;0.001;0.011;
10354;0.092;0.030;0.025;0.006;0.779;0.003;0.064;
10410;0.080;0.026;0.017;0.003;0.861;0.004;0.009;
10457;0.084;0.062;0.021;0.004;0.809;0.007;0.012;
10499;0.041;0.013;0.009;0.002;0.925;0.003;0.008;
10541;0.020;0.004;0.003;0.001;0.968;0.001;0.003;
10585;0.025;0.007;0.006;0.003;0.952;0.001;0.008;
10628;0.011;0.003;0.003;0.003;0.976;0.000;0.003;
10670;0.009;0.002;0.002;0.002;0.983;0.000;0.001;
10725;0.017;0.005;0.005;0.004;0.964;0.001;0.004;
10777;0.025;0.007;0.007;0.003;0.949;0.001;0.009;
10828;0.021;0.006;0.005;0.002;0.955;0.001;0.009;
10874;0.010;0.002;0.002;0.003;0.978;0.000;0.003;
10930;0.065;0.022;0.016;0.004;0.858;0.002;0.033;
11001;0.061;0.017;0.013;0.004;0.877;0.001;0.027;
11056;0.047;0.010;0.009;0.004;0.913;0.001;0.017;
11098;0.138;0.063;0.073;0.018;0.446;0.012;0.251;
11139;0.114;0.031;0.026;0.010;0.745;0.002;0.071;
11180;0.056;0.022;0.011;0.005;0.865;0.002;0.040;
11226;0.015;0.004;0.002;0.003;0.972;0.000;0.004;
11266;0.066;0.037;0.015;0.033;0.763;0.003;0.083;
11314;0.120;0.043;0.010;0.061;0.711;0.002;0.054;
11355;0.224;0.050;0.027;0.092;0.439;0.004;0.164;
11405;0.240;0.041;0.017;0.086;0.520;0.003;0.093;
11449;0.245;0.077;0.025;0.066;0.441;0.005;0.141;
11491;0.395;0.055;0.012;0.111;0.384;0.002;0.040;
11532;0.137;0.040;0.005;0.062;0.737;0.002;0.016;
11576;0.358;0.144;0.032;0.048;0.230;0.010;0.178;
11619;0.430;0.110;0.052;0.009;0.187;0.009;0.203;
11662;0.200;0.046;0.012;0.012;0.682;0.002;0.045;
11705;0.078;0.023;0.009;0.005;0.857;0.002;0.026;
11748;0.069;0.016;0.007;0.004;0.888;0.001;0.014;
11790;0.102;0.014;0.004;0.015;0.858;0.000;0.007;
11841;0.132;0.008;0.007;0.017;0.821;0.000;0.014;
11885;0.074;0.008;0.007;0.014;0.871;0.001;0.024;
11927;0.168;0.041;0.025;0.056;0.567;0.004;0.139;
11993;0.053;0.012;0.004;0.013;0.905;0.000;0.014;
12038;0.015;0.002;0.001;0.013;0.967;0.000;0.002;
12084;0.011;0.002;0.000;0.027;0.959;0.000;0.001;
12125;0.376;0.041;0.040;0.133;0.303;0.004;0.103;
12167;0.110;0.023;0.006;0.023;0.824;0.001;0.014;
12209;0.131;0.034;0.021;0.035;0.670;0.003;0.106;
12254;0.145;0.059;0.056;0.022;0.352;0.010;0.356;
12357;0.312;0.049;0.041;0.044;0.272;0.005;0.277;
12401;0.306;0.066;0.022;0.046;0.509;0.003;0.047;
12449;0.311;0.059;0.025;0.043;0.399;0.004;0.159;
12493;0.183;0.089;0.037;0.047;0.457;0.008;0.178;
12535;0.054;0.021;0.007;0.021;0.868;0.002;0.028;
12579;0.070;0.020;0.006;0.017;0.859;0.001;0.028;
12621;0.105;0.051;0.020;0.015;0.704;0.005;0.100;
12663;0.091;0.045;0.015;0.075;0.645;0.004;0.124;
12710;0.115;0.071;0.033;0.023;0.601;0.007;0.151;
12760;0.162;0.119;0.053;0.027;0.397;0.013;0.230;
12818;0.180;0.032;0.018;0.010;0.721;0.001;0.038;
12867;0.227;0.041;0.026;0.022;0.567;0.003;0.113;
12926;0.168;0.051;0.085;0.077;0.143;0.008;0.467;
12981;0.172;0.054;0.060;0.051;0.351;0.010;0.301;
13059;0.118;0.016;0.012;0.038;0.765;0.001;0.050;
13508;0.127;0.027;0.028;0.045;0.677;0.003;0.093;
13550;0.164;0.048;0.016;0.008;0.726;0.003;0.035;
13592;0.162;0.061;0.015;0.017;0.680;0.007;0.058;
13634;0.134;0.036;0.006;0.009;0.796;0.002;0.017;
13677;0.090;0.024;0.006;0.004;0.855;0.003;0.018;
13727;0.030;0.007;0.001;0.006;0.953;0.001;0.002;
13772;0.166;0.045;0.008;0.008;0.742;0.002;0.029;
13816;0.100;0.021;0.004;0.018;0.844;0.000;0.014;
13860;0.137;0.046;0.011;0.023;0.741;0.004;0.038;
13906;0.103;0.035;0.011;0.007;0.796;0.004;0.044;
13953;0.096;0.028;0.009;0.005;0.835;0.003;0.024;
13997;0.225;0.047;0.012;0.024;0.665;0.002;0.023;
14038;0.399;0.063;0.015;0.017;0.472;0.003;0.031;
14091;0.693;0.038;0.036;0.047;0.137;0.003;0.048;
14142;0.264;0.059;0.009;0.030;0.615;0.003;0.020;
14192;0.645;0.042;0.062;0.202;0.023;0.002;0.024;
14236;0.680;0.066;0.053;0.124;0.017;0.004;0.057;
14282;0.562;0.064;0.045;0.081;0.107;0.003;0.137;
14328;0.524;0.323;0.040;0.033;0.023;0.005;0.052;
14371;0.415;0.479;0.024;0.003;0.027;0.019;0.033;
14413;0.245;0.197;0.007;0.028;0.493;0.020;0.010;
14459;0.176;0.217;0.014;0.009;0.554;0.019;0.011;
14508;0.086;0.727;0.005;0.002;0.161;0.014;0.005;
14556;0.108;0.124;0.007;0.009;0.733;0.015;0.004;
14603;0.067;0.162;0.003;0.006;0.749;0.011;0.003;
14654;0.095;0.099;0.004;0.008;0.779;0.013;0.003;
14704;0.150;0.065;0.005;0.014;0.749;0.011;0.006;
14757;0.338;0.559;0.009;0.002;0.042;0.021;0.030;
14800;0.037;0.008;0.001;0.002;0.949;0.001;0.001;
14845;0.018;0.003;0.001;0.002;0.975;0.001;0.000;
14890;0.298;0.183;0.015;0.013;0.457;0.017;0.016;
14937;0.686;0.088;0.028;0.018;0.145;0.014;0.019;
14990;0.515;0.226;0.013;0.025;0.195;0.015;0.011;
15039;0.563;0.125;0.012;0.050;0.206;0.032;0.012;
15091;0.750;0.059;0.049;0.016;0.006;0.095;0.026;
15154;0.812;0.078;0.061;0.009;0.013;0.013;0.016;
15202;0.609;0.259;0.037;0.013;0.022;0.034;0.027;
15245;0.704;0.114;0.068;0.010;0.017;0.044;0.043;
15294;0.717;0.125;0.062;0.024;0.024;0.018;0.029;
15351;0.397;0.405;0.020;0.014;0.029;0.119;0.016;
15399;0.565;0.302;0.029;0.006;0.051;0.025;0.021;
15449;0.749;0.124;0.041;0.019;0.029;0.010;0.027;
15501;0.684;0.218;0.026;0.014;0.024;0.009;0.025;
15557;0.810;0.102;0.027;0.005;0.017;0.010;0.028;
15613;0.727;0.162;0.024;0.015;0.036;0.009;0.027;
15678;0.828;0.062;0.045;0.015;0.003;0.012;0.035;
15729;0.767;0.119;0.030;0.011;0.019;0.008;0.046;
15783;0.506;0.185;0.010;0.032;0.229;0.010;0.027;
15835;0.639;0.205;0.015;0.038;0.069;0.008;0.027;
15883;0.818;0.070;0.028;0.035;0.020;0.002;0.026;
15937;0.753;0.064;0.015;0.060;0.084;0.007;0.017;
15982;0.836;0.029;0.020;0.032;0.059;0.006;0.018;
16026;0.770;0.077;0.013;0.054;0.072;0.004;0.011;
16076;0.740;0.015;0.026;0.157;0.016;0.002;0.043;
16123;0.775;0.035;0.023;0.073;0.013;0.004;0.078;
16178;0.793;0.029;0.020;0.090;0.046;0.002;0.019;
16220;0.878;0.018;0.021;0.058;0.014;0.001;0.010;
16262;0.890;0.028;0.026;0.037;0.012;0.001;0.007;
16306;0.861;0.026;0.039;0.036;0.006;0.002;0.030;
16352;0.755;0.018;0.032;0.145;0.011;0.001;0.038;
16402;0.786;0.007;0.057;0.116;0.008;0.001;0.025;
16450;0.633;0.007;0.049;0.277;0.010;0.000;0.023;
16495;0.579;0.026;0.046;0.321;0.004;0.000;0.023;
16543;0.286;0.027;0.006;0.601;0.074;0.002;0.005;
16594;0.757;0.021;0.019;0.169;0.026;0.001;0.007;
16650;0.386;0.144;0.013;0.387;0.056;0.004;0.010;
16710;0.724;0.009;0.021;0.149;0.078;0.002;0.017;
16773;0.411;0.024;0.007;0.038;0.507;0.003;0.010;
16833;0.566;0.054;0.008;0.055;0.303;0.004;0.010;
16900;0.531;0.056;0.008;0.276;0.115;0.003;0.012;
16958;0.324;0.017;0.012;0.578;0.064;0.001;0.005;
17012;0.678;0.081;0.015;0.100;0.106;0.003;0.016;
17078;0.572;0.102;0.022;0.142;0.137;0.005;0.021;
17135;0.454;0.091;0.021;0.311;0.101;0.004;0.019;
17194;0.690;0.110;0.018;0.115;0.034;0.002;0.031;
17255;0.620;0.087;0.027;0.032;0.029;0.003;0.201;
17307;0.665;0.071;0.009;0.060;0.165;0.005;0.025;
17361;0.705;0.069;0.012;0.067;0.108;0.003;0.035;
17432;0.665;0.096;0.014;0.076;0.122;0.004;0.024;
17486;0.730;0.066;0.027;0.047;0.046;0.002;0.082;
17536;0.545;0.025;0.012;0.306;0.092;0.001;0.018;
17585;0.703;0.035;0.025;0.070;0.127;0.002;0.038;
17639;0.835;0.027;0.024;0.064;0.034;0.001;0.015;
17684;0.805;0.029;0.022;0.041;0.041;0.001;0.060;
17730;0.741;0.042;0.020;0.080;0.046;0.002;0.069;
17784;0.793;0.065;0.028;0.063;0.016;0.002;0.033;
17830;0.524;0.029;0.012;0.273;0.147;0.001;0.014;
17874;0.514;0.037;0.085;0.288;0.005;0.001;0.070;
17922;0.381;0.017;0.025;0.563;0.010;0.000;0.004;
17967;0.658;0.039;0.041;0.212;0.030;0.001;0.017;
18010;0.776;0.029;0.049;0.114;0.015;0.001;0.016;
18054;0.707;0.206;0.022;0.018;0.006;0.005;0.035;
18100;0.592;0.320;0.010;0.008;0.041;0.011;0.018;
18144;0.641;0.270;0.016;0.014;0.017;0.006;0.036;
18198;0.544;0.132;0.011;0.084;0.209;0.006;0.015;
18255;0.461;0.137;0.013;0.042;0.312;0.008;0.026;
18309;0.820;0.072;0.011;0.058;0.028;0.003;0.009;
18354;0.745;0.029;0.011;0.052;0.144;0.002;0.017;
18397;0.557;0.131;0.012;0.022;0.239;0.007;0.032;
18448;0.585;0.230;0.016;0.022;0.090;0.004;0.051;
18493;0.534;0.365;0.007;0.024;0.036;0.004;0.030;
18535;0.415;0.430;0.008;0.034;0.063;0.003;0.047;
18583;0.702;0.134;0.009;0.040;0.037;0.003;0.075;
18631;0.490;0.109;0.008;0.087;0.277;0.006;0.022;
18689;0.624;0.299;0.011;0.027;0.018;0.002;0.019;
18760;0.233;0.098;0.005;0.028;0.615;0.010;0.010;
18811;0.359;0.066;0.004;0.180;0.377;0.003;0.010;
18858;0.681;0.169;0.009;0.038;0.072;0.004;0.026;
18907;0.670;0.212;0.019;0.012;0.009;0.005;0.074;
18955;0.513;0.373;0.010;0.018;0.040;0.005;0.040;
19006;0.278;0.115;0.011;0.080;0.491;0.009;0.016;
19054;0.579;0.150;0.012;0.045;0.167;0.006;0.041;
19103;0.554;0.147;0.013;0.066;0.179;0.006;0.035;
19150;0.475;0.395;0.011;0.045;0.045;0.002;0.027;
19196;0.647;0.194;0.012;0.048;0.074;0.003;0.021;
19253;0.446;0.033;0.008;0.070;0.428;0.001;0.014;
19301;0.648;0.136;0.014;0.080;0.102;0.004;0.017;
19349;0.725;0.054;0.013;0.016;0.175;0.003;0.014;
19395;0.809;0.052;0.015;0.022;0.079;0.002;0.020;
19440;0.807;0.052;0.060;0.038;0.003;0.001;0.039;
19492;0.867;0.022;0.019;0.035;0.024;0.001;0.033;
19535;0.850;0.016;0.022;0.079;0.019;0.001;0.013;
19580;0.748;0.042;0.013;0.065;0.107;0.003;0.022;
19624;0.707;0.087;0.017;0.038;0.117;0.003;0.029;
19670;0.660;0.028;0.014;0.093;0.146;0.001;0.058;
19723;0.786;0.065;0.022;0.061;0.040;0.002;0.024;
19768;0.449;0.107;0.046;0.064;0.042;0.004;0.288;
19812;0.657;0.033;0.037;0.051;0.034;0.001;0.186;
19856;0.756;0.021;0.039;0.023;0.021;0.001;0.138;
19899;0.847;0.026;0.014;0.063;0.028;0.001;0.020;
19941;0.802;0.028;0.013;0.073;0.066;0.001;0.016;
19986;0.659;0.027;0.045;0.023;0.012;0.002;0.232;
20029;0.143;0.029;0.071;0.016;0.007;0.002;0.731;
20073;0.804;0.023;0.026;0.032;0.024;0.002;0.089;
20119;0.671;0.125;0.018;0.138;0.025;0.002;0.021;
20172;0.732;0.053;0.021;0.089;0.080;0.002;0.022;
20218;0.428;0.014;0.009;0.084;0.433;0.002;0.031;
20267;0.437;0.017;0.010;0.056;0.446;0.002;0.031;
20325;0.464;0.058;0.012;0.013;0.419;0.007;0.026;
20370;0.629;0.099;0.018;0.009;0.144;0.005;0.097;
20414;0.668;0.044;0.013;0.057;0.162;0.002;0.054;
20461;0.601;0.054;0.009;0.031;0.274;0.002;0.028;
20514;0.725;0.034;0.019;0.078;0.083;0.001;0.060;
20558;0.459;0.073;0.010;0.092;0.337;0.003;0.027;
20603;0.776;0.036;0.018;0.069;0.074;0.002;0.025;
20656;0.714;0.046;0.018;0.138;0.046;0.001;0.036;
20709;0.814;0.038;0.038;0.022;0.026;0.001;0.062;
20768;0.728;0.021;0.025;0.086;0.101;0.001;0.039;
20819;0.585;0.012;0.017;0.112;0.226;0.001;0.048;
20873;0.282;0.007;0.006;0.088;0.608;0.000;0.010;
20929;0.417;0.022;0.006;0.074;0.461;0.001;0.019;
20982;0.234;0.006;0.004;0.071;0.677;0.000;0.007;
21039;0.648;0.022;0.041;0.124;0.071;0.002;0.092;
21087;0.649;0.065;0.021;0.037;0.172;0.002;0.053;
21132;0.449;0.032;0.017;0.081;0.302;0.001;0.117;
21184;0.314;0.022;0.013;0.048;0.559;0.001;0.044;
21229;0.289;0.059;0.057;0.041;0.187;0.007;0.359;
21279;0.659;0.071;0.030;0.009;0.145;0.003;0.083;
21332;0.170;0.025;0.007;0.011;0.764;0.001;0.022;
21377;0.382;0.024;0.014;0.042;0.475;0.001;0.062;
21421;0.124;0.016;0.005;0.020;0.811;0.000;0.023;
21844;0.300;0.057;0.052;0.029;0.279;0.007;0.276;
21891;0.178;0.013;0.012;0.031;0.714;0.001;0.051;
21936;0.298;0.028;0.026;0.062;0.439;0.005;0.143;
21981;0.222;0.076;0.047;0.090;0.203;0.008;0.354;
22032;0.100;0.073;0.053;0.030;0.156;0.009;0.579;
22077;0.072;0.076;0.064;0.061;0.042;0.008;0.678;
22151;0.117;0.075;0.072;0.053;0.199;0.011;0.473;
22195;0.312;0.140;0.049;0.010;0.337;0.019;0.133;
22239;0.093;0.052;0.024;0.010;0.744;0.011;0.066;
22288;0.111;0.135;0.048;0.022;0.336;0.016;0.333;
22340;0.063;0.038;0.017;0.009;0.791;0.006;0.076;
22388;0.081;0.020;0.005;0.017;0.857;0.001;0.020;
22432;0.076;0.020;0.005;0.031;0.841;0.001;0.026;
22478;0.224;0.063;0.030;0.086;0.493;0.004;0.101;
22530;0.135;0.072;0.036;0.059;0.473;0.007;0.218;
22577;0.085;0.021;0.012;0.014;0.820;0.001;0.048;
22621;0.199;0.031;0.029;0.082;0.548;0.003;0.107;
22665;0.171;0.052;0.031;0.030;0.583;0.004;0.129;
22719;0.104;0.101;0.042;0.020;0.529;0.015;0.189;
22776;0.123;0.063;0.020;0.015;0.679;0.006;0.095;
22824;0.011;0.002;0.001;0.004;0.979;0.000;0.003;
22869;0.041;0.009;0.002;0.004;0.937;0.001;0.006;
22912;0.026;0.004;0.001;0.002;0.961;0.001;0.004;
22956;0.039;0.010;0.002;0.006;0.935;0.001;0.008;
23007;0.042;0.011;0.006;0.004;0.912;0.002;0.023;
23051;0.048;0.012;0.004;0.005;0.916;0.001;0.014;
23095;0.118;0.145;0.039;0.040;0.367;0.017;0.274;
23139;0.041;0.013;0.004;0.010;0.902;0.001;0.028;
23184;0.015;0.004;0.002;0.003;0.970;0.001;0.005;
23229;0.059;0.015;0.006;0.006;0.884;0.001;0.029;
23273;0.068;0.028;0.018;0.006;0.829;0.003;0.049;
23328;0.026;0.006;0.004;0.002;0.954;0.001;0.008;
23375;0.030;0.007;0.004;0.003;0.952;0.000;0.005;
23421;0.021;0.006;0.004;0.003;0.956;0.001;0.009;
23474;0.031;0.008;0.005;0.002;0.946;0.001;0.007;
23518;0.039;0.011;0.008;0.002;0.929;0.002;0.010;
23562;0.040;0.012;0.009;0.002;0.921;0.002;0.013;
23612;0.031;0.010;0.009;0.003;0.937;0.002;0.007;
23655;0.061;0.024;0.019;0.004;0.869;0.006;0.018;
23704;0.055;0.014;0.011;0.002;0.910;0.002;0.006;
23748;0.069;0.019;0.014;0.002;0.878;0.002;0.015;
23798;0.082;0.020;0.018;0.003;0.859;0.003;0.015;
23851;0.047;0.009;0.008;0.002;0.925;0.000;0.009;
23897;0.061;0.011;0.015;0.003;0.890;0.001;0.020;
23950;0.045;0.010;0.013;0.003;0.918;0.001;0.010;
23994;0.095;0.028;0.038;0.007;0.787;0.007;0.038;
24038;0.067;0.016;0.014;0.004;0.866;0.001;0.032;
24082;0.119;0.029;0.028;0.005;0.769;0.003;0.047;
24125;0.130;0.051;0.038;0.007;0.699;0.008;0.068;
24170;0.065;0.017;0.013;0.005;0.881;0.002;0.019;
24213;0.094;0.012;0.009;0.010;0.853;0.000;0.021;
24258;0.067;0.005;0.005;0.019;0.889;0.000;0.015;
24306;0.219;0.017;0.020;0.071;0.590;0.001;0.081;
24367;0.187;0.055;0.050;0.051;0.470;0.007;0.180;
24436;0.167;0.021;0.025;0.084;0.622;0.002;0.079;
24486;0.322;0.044;0.039;0.024;0.447;0.003;0.120;
24536;0.187;0.037;0.018;0.012;0.689;0.002;0.056;
24583;0.279;0.133;0.064;0.022;0.210;0.012;0.280;
24640;0.156;0.104;0.028;0.076;0.449;0.010;0.177;
24690;0.109;0.091;0.054;0.052;0.199;0.010;0.485;
24754;0.531;0.045;0.028;0.188;0.137;0.002;0.069;
24813;0.154;0.017;0.008;0.054;0.746;0.001;0.020;
24876;0.369;0.040;0.014;0.299;0.248;0.001;0.028;
24938;0.174;0.037;0.008;0.187;0.568;0.001;0.025;
25009;0.154;0.038;0.012;0.142;0.611;0.002;0.041;
25073;0.196;0.116;0.049;0.057;0.320;0.011;0.251;
25123;0.237;0.105;0.035;0.038;0.417;0.010;0.159;
25176;0.261;0.054;0.026;0.069;0.483;0.003;0.104;
25224;0.397;0.107;0.039;0.016;0.325;0.007;0.109;
25273;0.216;0.045;0.012;0.019;0.664;0.002;0.042;
25324;0.048;0.012;0.003;0.008;0.915;0.001;0.013;
25382;0.083;0.046;0.017;0.023;0.740;0.004;0.087;
25436;0.125;0.036;0.006;0.029;0.783;0.002;0.020;
25485;0.101;0.051;0.013;0.079;0.703;0.004;0.050;
25544;0.190;0.099;0.049;0.031;0.421;0.011;0.200;
25593;0.176;0.075;0.041;0.044;0.416;0.008;0.240;
25646;0.180;0.026;0.014;0.029;0.703;0.001;0.048;
25702;0.161;0.061;0.025;0.010;0.661;0.006;0.076;
25751;0.114;0.037;0.012;0.006;0.798;0.006;0.027;
25800;0.069;0.015;0.003;0.014;0.892;0.000;0.007;
25849;0.118;0.057;0.024;0.022;0.671;0.005;0.103;
25910;0.133;0.052;0.034;0.017;0.679;0.005;0.080;
25958;0.202;0.104;0.044;0.042;0.442;0.010;0.156;
26006;0.143;0.061;0.017;0.053;0.660;0.005;0.061;
26072;0.256;0.045;0.019;0.039;0.576;0.002;0.063;
26121;0.099;0.047;0.015;0.025;0.738;0.005;0.072;
26170;0.046;0.013;0.004;0.014;0.911;0.000;0.012;
26219;0.116;0.031;0.018;0.018;0.763;0.003;0.051;
26269;0.139;0.094;0.046;0.053;0.433;0.010;0.225;
26321;0.155;0.036;0.009;0.013;0.761;0.001;0.026;
26370;0.169;0.113;0.068;0.031;0.161;0.012;0.445;
26423;0.205;0.100;0.040;0.023;0.484;0.011;0.136;
26476;0.222;0.037;0.036;0.021;0.589;0.003;0.093;
26525;0.218;0.029;0.024;0.026;0.618;0.002;0.084;
26582;0.160;0.082;0.051;0.023;0.462;0.010;0.211;
26636;0.054;0.014;0.004;0.009;0.906;0.001;0.013;
26691;0.127;0.018;0.010;0.012;0.812;0.001;0.020;
26749;0.037;0.009;0.005;0.003;0.941;0.001;0.005;
26803;0.074;0.019;0.006;0.004;0.885;0.001;0.011;
26852;0.073;0.025;0.013;0.006;0.848;0.002;0.033;
26907;0.121;0.036;0.016;0.004;0.799;0.004;0.021;
26958;0.063;0.018;0.011;0.002;0.890;0.004;0.012;
27005;0.095;0.036;0.017;0.008;0.785;0.003;0.055;
27053;0.187;0.077;0.046;0.027;0.429;0.008;0.225;
27109;0.216;0.067;0.046;0.032;0.429;0.007;0.204;
27159;0.130;0.086;0.066;0.093;0.387;0.011;0.227;
27208;0.086;0.013;0.009;0.113;0.752;0.001;0.026;
27253;0.183;0.050;0.049;0.127;0.449;0.007;0.135;
27301;0.186;0.017;0.022;0.113;0.616;0.002;0.045;
27348;0.381;0.015;0.051;0.255;0.248;0.001;0.049;
27394;0.184;0.068;0.070;0.087;0.192;0.008;0.390;
27454;0.264;0.107;0.049;0.152;0.230;0.009;0.188;
27505;0.153;0.063;0.071;0.076;0.285;0.009;0.343;
27552;0.177;0.081;0.065;0.092;0.199;0.011;0.376;
27609;0.292;0.042;0.059;0.079;0.273;0.004;0.252;
27657;0.350;0.041;0.062;0.079;0.286;0.004;0.177;
27708;0.201;0.088;0.101;0.115;0.169;0.013;0.313;
27756;0.198;0.069;0.090;0.174;0.193;0.010;0.266;
27806;0.194;0.026;0.017;0.116;0.582;0.002;0.062;
27854;0.234;0.099;0.073;0.086;0.138;0.010;0.360;
27903;0.218;0.067;0.062;0.071;0.300;0.010;0.272;
27955;0.348;0.061;0.030;0.054;0.368;0.003;0.136;
28005;0.187;0.044;0.019;0.012;0.680;0.003;0.055;
28052;0.371;0.151;0.047;0.010;0.250;0.016;0.155;
28103;0.211;0.132;0.071;0.021;0.251;0.018;0.297;
28147;0.247;0.071;0.042;0.060;0.400;0.009;0.171;
28192;0.148;0.055;0.018;0.047;0.675;0.004;0.053;
28236;0.248;0.110;0.047;0.031;0.367;0.010;0.187;
28281;0.152;0.015;0.010;0.037;0.756;0.001;0.029;
28327;0.255;0.072;0.039;0.043;0.405;0.007;0.179;
28372;0.185;0.074;0.025;0.030;0.586;0.006;0.093;
28415;0.027;0.004;0.002;0.013;0.949;0.000;0.005;
28466;0.084;0.009;0.007;0.039;0.838;0.000;0.021;
28512;0.079;0.023;0.011;0.018;0.830;0.001;0.037;
28570;0.178;0.019;0.014;0.021;0.736;0.001;0.033;
28614;0.026;0.004;0.001;0.039;0.928;0.000;0.002;
28661;0.066;0.008;0.003;0.027;0.887;0.000;0.009;
28711;0.088;0.017;0.010;0.015;0.840;0.001;0.028;
28774;0.019;0.004;0.001;0.012;0.961;0.000;0.003;
28833;0.090;0.020;0.011;0.031;0.813;0.001;0.035;
28888;0.232;0.071;0.042;0.019;0.472;0.006;0.159;
28939;0.150;0.018;0.014;0.031;0.733;0.001;0.053;
28994;0.090;0.034;0.020;0.020;0.754;0.003;0.080;
29050;0.078;0.028;0.020;0.014;0.795;0.002;0.064;
29102;0.062;0.012;0.008;0.017;0.875;0.000;0.025;
29147;0.068;0.011;0.005;0.029;0.865;0.001;0.021;
29191;0.062;0.021;0.006;0.024;0.861;0.001;0.026;
29235;0.063;0.012;0.003;0.012;0.899;0.000;0.009;
29280;0.076;0.033;0.016;0.006;0.818;0.006;0.045;
29329;0.032;0.007;0.004;0.002;0.952;0.001;0.002;
29372;0.004;0.001;0.000;0.004;0.990;0.000;0.000;
29421;0.069;0.016;0.006;0.004;0.892;0.001;0.012;
29468;0.046;0.010;0.002;0.018;0.921;0.000;0.003;
29522;0.148;0.037;0.012;0.013;0.755;0.002;0.033;
