131;0.000;0.000;0.000;0.000;0.000;0.000;0.000;
201;0.000;0.000;0.000;0.000;0.000;0.000;0.000;
546;0.075;0.009;0.407;0.004;0.008;0.405;0.092;
901;0.239;0.079;0.109;0.032;0.028;0.219;0.295;
989;0.041;0.004;0.072;0.001;0.002;0.867;0.013;
1056;0.139;0.022;0.396;0.019;0.010;0.016;0.397;
1177;0.637;0.032;0.072;0.066;0.023;0.005;0.165;
1281;0.789;0.012;0.092;0.012;0.003;0.003;0.090;
1427;0.719;0.011;0.116;0.004;0.001;0.006;0.143;
1542;0.831;0.010;0.085;0.012;0.001;0.004;0.056;
1633;0.341;0.019;0.198;0.011;0.005;0.013;0.413;
1744;0.838;0.018;0.040;0.004;0.002;0.008;0.089;
1872;0.420;0.025;0.065;0.004;0.005;0.019;0.461;
2001;0.291;0.021;0.315;0.018;0.009;0.050;0.295;
2137;0.294;0.024;0.220;0.016;0.009;0.037;0.400;
2224;0.630;0.015;0.191;0.006;0.003;0.010;0.146;
2355;0.201;0.030;0.257;0.020;0.011;0.037;0.444;
2461;0.107;0.017;0.103;0.006;0.003;0.015;0.750;
2575;0.281;0.023;0.136;0.009;0.005;0.015;0.531;
2699;0.085;0.014;0.108;0.004;0.003;0.025;0.760;
2800;0.449;0.015;0.190;0.008;0.004;0.014;0.320;
2912;0.468;0.015;0.216;0.007;0.003;0.019;0.271;
3055;0.641;0.010;0.273;0.002;0.001;0.005;0.069;
3152;0.155;0.022;0.168;0.010;0.006;0.031;0.608;
3274;0.266;0.047;0.142;0.010;0.005;0.010;0.520;
3392;0.490;0.021;0.114;0.004;0.003;0.016;0.351;
3524;0.304;0.049;0.214;0.015;0.009;0.024;0.385;
3616;0.259;0.048;0.217;0.014;0.011;0.034;0.417;
3744;0.091;0.029;0.191;0.010;0.007;0.028;0.644;
3855;0.233;0.043;0.167;0.010;0.008;0.035;0.504;
3971;0.279;0.052;0.332;0.031;0.018;0.061;0.225;
4099;0.080;0.025;0.186;0.010;0.007;0.040;0.652;
4208;0.049;0.013;0.128;0.004;0.003;0.054;0.748;
4320;0.101;0.028;0.273;0.013;0.009;0.041;0.534;
4454;0.157;0.034;0.342;0.019;0.012;0.044;0.392;
4544;0.048;0.013;0.104;0.005;0.003;0.022;0.805;
4682;0.514;0.028;0.214;0.033;0.007;0.012;0.193;
4795;0.302;0.058;0.157;0.019;0.011;0.014;0.438;
4895;0.343;0.062;0.126;0.011;0.007;0.014;0.438;
5036;0.144;0.037;0.249;0.020;0.009;0.025;0.516;
5152;0.123;0.032;0.238;0.017;0.008;0.021;0.559;
5247;0.283;0.051;0.439;0.030;0.016;0.032;0.149;
5378;0.596;0.026;0.196;0.013;0.007;0.029;0.133;
5491;0.364;0.050;0.269;0.026;0.013;0.027;0.251;
5609;0.308;0.090;0.293;0.041;0.016;0.020;0.232;
5712;0.555;0.073;0.149;0.058;0.012;0.010;0.142;
5852;0.824;0.016;0.126;0.015;0.004;0.013;0.003;
5953;0.497;0.019;0.416;0.012;0.002;0.052;0.002;
6063;0.770;0.004;0.182;0.001;0.001;0.026;0.017;
6194;0.790;0.005;0.182;0.001;0.001;0.002;0.018;
6304;0.643;0.036;0.171;0.005;0.002;0.006;0.138;
6425;0.210;0.046;0.262;0.026;0.015;0.037;0.403;
6540;0.665;0.004;0.305;0.001;0.000;0.009;0.015;
6656;0.491;0.002;0.480;0.000;0.000;0.015;0.011;
6789;0.112;0.009;0.077;0.003;0.002;0.733;0.064;
6891;0.005;0.000;0.022;0.000;0.000;0.940;0.031;
7009;0.060;0.006;0.018;0.001;0.001;0.887;0.028;
7120;0.207;0.039;0.175;0.031;0.126;0.295;0.127;
7233;0.172;0.049;0.139;0.065;0.212;0.268;0.095;
7353;0.086;0.072;0.249;0.084;0.132;0.319;0.059;
7471;0.126;0.095;0.087;0.051;0.211;0.176;0.255;
7594;0.112;0.167;0.079;0.045;0.283;0.116;0.198;
7669;0.000;0.000;0.000;0.000;0.000;0.000;0.000;
7833;0.053;0.027;0.343;0.008;0.049;0.487;0.033;
7956;0.031;0.013;0.768;0.005;0.037;0.114;0.031;
8047;0.079;0.310;0.234;0.047;0.192;0.061;0.076;
8177;0.087;0.061;0.412;0.045;0.241;0.053;0.101;
8289;0.050;0.018;0.788;0.013;0.062;0.019;0.049;
8418;0.115;0.060;0.395;0.043;0.188;0.054;0.145;
8514;0.109;0.173;0.195;0.043;0.253;0.083;0.144;
8648;0.125;0.085;0.115;0.045;0.394;0.064;0.172;
8764;0.102;0.110;0.224;0.031;0.426;0.055;0.051;
8864;0.055;0.063;0.450;0.049;0.168;0.159;0.056;
9001;0.039;0.097;0.550;0.051;0.067;0.146;0.050;
9126;0.007;0.002;0.908;0.000;0.002;0.063;0.018;
9217;0.058;0.003;0.155;0.002;0.001;0.702;0.079;
9347;0.078;0.013;0.189;0.006;0.005;0.111;0.599;
9455;0.129;0.021;0.214;0.010;0.007;0.165;0.454;
9587;0.047;0.010;0.111;0.004;0.002;0.080;0.746;
9681;0.099;0.024;0.119;0.008;0.005;0.121;0.625;
9827;0.074;0.018;0.119;0.007;0.004;0.071;0.707;
9921;0.058;0.021;0.073;0.003;0.002;0.021;0.823;
10048;0.273;0.030;0.370;0.024;0.013;0.045;0.244;
10161;0.265;0.022;0.456;0.017;0.009;0.046;0.185;
10284;0.071;0.011;0.135;0.007;0.003;0.023;0.751;
10384;0.275;0.025;0.174;0.013;0.006;0.020;0.488;
10515;0.178;0.020;0.134;0.008;0.004;0.023;0.633;
10625;0.367;0.033;0.311;0.022;0.011;0.038;0.219;
10745;0.131;0.021;0.095;0.006;0.005;0.069;0.674;
10859;0.782;0.023;0.043;0.003;0.007;0.113;0.030;
10977;0.796;0.028;0.046;0.005;0.017;0.079;0.030;
11099;0.872;0.017;0.038;0.012;0.021;0.025;0.015;
11215;0.731;0.023;0.136;0.017;0.020;0.053;0.020;
11315;0.663;0.030;0.089;0.011;0.020;0.137;0.050;
11452;0.772;0.025;0.049;0.006;0.014;0.115;0.019;
11555;0.695;0.023;0.136;0.007;0.013;0.114;0.012;
11663;0.862;0.011;0.073;0.006;0.009;0.035;0.004;
11809;0.848;0.014;0.043;0.008;0.011;0.070;0.007;
11923;0.472;0.035;0.112;0.013;0.016;0.231;0.121;
12015;0.605;0.028;0.100;0.007;0.012;0.195;0.053;
12128;0.543;0.040;0.097;0.011;0.019;0.219;0.071;
12269;0.570;0.040;0.044;0.010;0.034;0.195;0.108;
12369;0.811;0.022;0.051;0.012;0.023;0.066;0.015;
12480;0.808;0.016;0.089;0.007;0.011;0.060;0.009;
12633;0.820;0.018;0.067;0.005;0.009;0.055;0.026;
12722;0.756;0.008;0.179;0.004;0.005;0.037;0.011;
12838;0.764;0.016;0.057;0.003;0.011;0.137;0.012;
12947;0.738;0.008;0.073;0.001;0.002;0.121;0.056;
13073;0.427;0.010;0.114;0.003;0.003;0.263;0.181;
13195;0.787;0.018;0.084;0.001;0.001;0.043;0.067;
13296;0.710;0.014;0.094;0.002;0.001;0.040;0.139;
13437;0.552;0.024;0.078;0.002;0.002;0.084;0.258;
13540;0.727;0.029;0.055;0.002;0.001;0.033;0.153;
13655;0.166;0.068;0.064;0.003;0.005;0.033;0.662;
13790;0.385;0.047;0.031;0.002;0.003;0.040;0.492;
13889;0.238;0.027;0.083;0.004;0.002;0.031;0.614;
13999;0.223;0.023;0.081;0.004;0.002;0.021;0.646;
14118;0.372;0.033;0.070;0.004;0.002;0.024;0.495;
14240;0.718;0.032;0.055;0.004;0.003;0.020;0.168;
14364;0.859;0.034;0.037;0.002;0.001;0.014;0.054;
14482;0.653;0.036;0.039;0.003;0.004;0.030;0.235;
14593;0.669;0.043;0.033;0.002;0.003;0.031;0.220;
14705;0.707;0.041;0.031;0.004;0.003;0.056;0.158;
14838;0.311;0.025;0.035;0.003;0.003;0.042;0.581;
14940;0.690;0.030;0.033;0.004;0.003;0.026;0.214;
15076;0.781;0.018;0.051;0.003;0.003;0.033;0.112;
15180;0.557;0.056;0.024;0.006;0.008;0.155;0.195;
15280;0.472;0.160;0.006;0.028;0.186;0.126;0.022;
15418;0.450;0.075;0.011;0.067;0.292;0.091;0.013;
15519;0.442;0.080;0.021;0.042;0.234;0.152;0.029;
15632;0.428;0.096;0.012;0.051;0.289;0.104;0.018;
15744;0.263;0.044;0.011;0.082;0.523;0.061;0.015;
15874;0.408;0.067;0.027;0.120;0.252;0.110;0.016;
15985;0.424;0.053;0.028;0.173;0.168;0.141;0.012;
16120;0.407;0.056;0.026;0.085;0.190;0.219;0.017;
16233;0.532;0.016;0.036;0.021;0.035;0.338;0.022;
16337;0.708;0.013;0.073;0.004;0.012;0.078;0.113;
16447;0.538;0.028;0.079;0.005;0.010;0.068;0.274;
16588;0.607;0.022;0.145;0.008;0.007;0.042;0.170;
16691;0.583;0.020;0.159;0.009;0.006;0.032;0.192;
16799;0.155;0.031;0.170;0.014;0.011;0.081;0.538;
16912;0.088;0.018;0.181;0.010;0.007;0.073;0.622;
17058;0.193;0.036;0.317;0.026;0.017;0.096;0.315;
17172;0.301;0.045;0.206;0.028;0.020;0.048;0.352;
17272;0.123;0.032;0.227;0.020;0.014;0.073;0.509;
