58;0.102;0.224;0.034;0.060;0.085;0.240;0.255;
131;0.092;0.176;0.033;0.049;0.075;0.257;0.317;
173;0.106;0.187;0.038;0.058;0.087;0.269;0.257;
232;0.108;0.321;0.028;0.063;0.079;0.185;0.216;
284;0.088;0.194;0.031;0.039;0.053;0.243;0.352;
335;0.099;0.221;0.033;0.054;0.072;0.259;0.261;
398;0.089;0.200;0.030;0.044;0.062;0.272;0.303;
461;0.074;0.301;0.023;0.027;0.048;0.227;0.300;
559;0.081;0.247;0.027;0.039;0.063;0.290;0.254;
619;0.101;0.247;0.030;0.073;0.074;0.249;0.226;
707;0.115;0.176;0.022;0.219;0.213;0.105;0.151;
768;0.102;0.310;0.024;0.099;0.150;0.216;0.099;
815;0.096;0.225;0.020;0.089;0.302;0.198;0.069;
868;0.040;0.186;0.012;0.032;0.067;0.624;0.039;
948;0.025;0.125;0.010;0.013;0.034;0.764;0.030;
1014;0.041;0.185;0.013;0.020;0.047;0.630;0.065;
1065;0.026;0.160;0.008;0.012;0.024;0.734;0.036;
1144;0.027;0.163;0.008;0.009;0.019;0.717;0.056;
1212;0.025;0.151;0.007;0.011;0.017;0.739;0.050;
1273;0.012;0.084;0.004;0.007;0.010;0.868;0.014;
1325;0.023;0.125;0.010;0.020;0.048;0.759;0.016;
1392;0.049;0.129;0.028;0.070;0.361;0.339;0.024;
1478;0.057;0.137;0.022;0.069;0.311;0.374;0.030;
1535;0.046;0.170;0.020;0.050;0.226;0.463;0.024;
1623;0.033;0.116;0.018;0.029;0.098;0.678;0.028;
1661;0.025;0.125;0.011;0.016;0.036;0.759;0.028;
1726;0.023;0.134;0.011;0.015;0.037;0.768;0.013;
1805;0.020;0.109;0.010;0.012;0.026;0.807;0.016;
1872;0.022;0.107;0.012;0.014;0.039;0.787;0.019;
1922;0.023;0.113;0.018;0.011;0.041;0.778;0.015;
1983;0.014;0.069;0.007;0.010;0.027;0.861;0.014;
2063;0.021;0.089;0.014;0.018;0.061;0.782;0.015;
2142;0.021;0.097;0.009;0.015;0.048;0.793;0.017;
2209;0.045;0.169;0.010;0.043;0.092;0.606;0.035;
2280;0.054;0.177;0.012;0.058;0.145;0.513;0.040;
2320;0.056;0.232;0.014;0.031;0.061;0.532;0.073;
2383;0.088;0.270;0.018;0.041;0.069;0.342;0.172;
2462;0.051;0.223;0.011;0.027;0.040;0.576;0.072;
2530;0.044;0.177;0.012;0.035;0.059;0.624;0.050;
2593;0.054;0.221;0.014;0.019;0.077;0.556;0.060;
2666;0.036;0.165;0.010;0.010;0.042;0.703;0.033;
2740;0.018;0.096;0.007;0.005;0.010;0.838;0.026;
2789;0.016;0.088;0.009;0.006;0.015;0.848;0.017;
2847;0.012;0.064;0.006;0.005;0.009;0.863;0.041;
2951;0.025;0.107;0.009;0.011;0.021;0.714;0.114;
3020;0.010;0.045;0.005;0.009;0.011;0.835;0.085;
3068;0.016;0.069;0.008;0.014;0.017;0.811;0.066;
3129;0.095;0.179;0.019;0.047;0.055;0.558;0.047;
3200;0.180;0.105;0.031;0.071;0.083;0.484;0.045;
3248;0.453;0.142;0.030;0.022;0.034;0.247;0.072;
3320;0.589;0.067;0.033;0.020;0.034;0.119;0.139;
3393;0.647;0.123;0.025;0.018;0.030;0.097;0.060;
3455;0.616;0.130;0.025;0.019;0.024;0.127;0.058;
3523;0.645;0.118;0.022;0.019;0.028;0.103;0.064;
3600;0.646;0.155;0.020;0.014;0.029;0.088;0.048;
3650;0.732;0.102;0.025;0.013;0.016;0.054;0.058;
3718;0.655;0.126;0.025;0.010;0.018;0.087;0.080;
3807;0.705;0.107;0.023;0.012;0.019;0.067;0.067;
3870;0.694;0.111;0.023;0.015;0.018;0.084;0.055;
3921;0.686;0.132;0.020;0.012;0.023;0.069;0.056;
3989;0.668;0.120;0.025;0.011;0.017;0.081;0.078;
4048;0.713;0.093;0.023;0.011;0.015;0.067;0.078;
4108;0.628;0.159;0.022;0.012;0.015;0.106;0.058;
4172;0.677;0.128;0.021;0.016;0.015;0.088;0.056;
4283;0.682;0.124;0.020;0.015;0.020;0.079;0.060;
4321;0.730;0.092;0.021;0.013;0.015;0.061;0.068;
4382;0.638;0.124;0.023;0.015;0.019;0.103;0.077;
4454;0.653;0.142;0.022;0.015;0.016;0.089;0.063;
4509;0.667;0.091;0.025;0.022;0.035;0.092;0.068;
4591;0.722;0.070;0.022;0.016;0.025;0.046;0.099;
4654;0.692;0.102;0.025;0.011;0.023;0.072;0.076;
4733;0.620;0.148;0.025;0.011;0.033;0.098;0.065;
4794;0.685;0.091;0.022;0.013;0.022;0.066;0.101;
4856;0.623;0.127;0.024;0.011;0.025;0.095;0.096;
4924;0.596;0.094;0.027;0.010;0.019;0.111;0.143;
5003;0.548;0.104;0.022;0.016;0.024;0.176;0.110;
5051;0.587;0.130;0.020;0.011;0.025;0.127;0.100;
5108;0.605;0.080;0.025;0.010;0.020;0.093;0.166;
5192;0.593;0.065;0.026;0.010;0.024;0.113;0.169;
5260;0.603;0.068;0.027;0.013;0.017;0.123;0.150;
5310;0.529;0.080;0.027;0.012;0.015;0.180;0.156;
5373;0.537;0.070;0.027;0.011;0.029;0.160;0.165;
5456;0.490;0.100;0.025;0.014;0.024;0.213;0.134;
5504;0.529;0.133;0.021;0.023;0.025;0.173;0.096;
5595;0.135;0.330;0.020;0.016;0.023;0.345;0.130;
5658;0.114;0.606;0.010;0.015;0.025;0.157;0.074;
5709;0.075;0.412;0.010;0.027;0.042;0.380;0.054;
5772;0.044;0.204;0.012;0.019;0.029;0.623;0.069;
5842;0.045;0.279;0.011;0.019;0.029;0.545;0.072;
5904;0.066;0.261;0.020;0.035;0.045;0.477;0.096;
5969;0.061;0.298;0.019;0.031;0.037;0.453;0.102;
6063;0.039;0.375;0.008;0.017;0.020;0.475;0.066;
6126;0.053;0.529;0.010;0.028;0.021;0.290;0.068;
6173;0.064;0.517;0.014;0.044;0.031;0.257;0.071;
6253;0.069;0.463;0.015;0.049;0.037;0.300;0.067;
6319;0.076;0.244;0.022;0.066;0.072;0.450;0.070;
6385;0.038;0.131;0.013;0.043;0.077;0.659;0.037;
6453;0.019;0.097;0.006;0.014;0.013;0.819;0.031;
6512;0.014;0.093;0.004;0.013;0.023;0.836;0.016;
6573;0.032;0.146;0.023;0.041;0.134;0.599;0.025;
6638;0.035;0.114;0.027;0.055;0.167;0.574;0.028;
6701;0.053;0.166;0.054;0.097;0.244;0.344;0.041;
6768;0.048;0.133;0.046;0.084;0.205;0.443;0.041;
6832;0.031;0.168;0.020;0.048;0.105;0.605;0.023;
6919;0.032;0.190;0.020;0.050;0.103;0.580;0.025;
6985;0.042;0.239;0.036;0.062;0.155;0.438;0.028;
7044;0.040;0.156;0.055;0.065;0.198;0.459;0.027;
7101;0.032;0.160;0.035;0.060;0.145;0.547;0.021;
7165;0.024;0.145;0.026;0.030;0.089;0.671;0.015;
7229;0.022;0.158;0.017;0.024;0.068;0.697;0.013;
7296;0.025;0.214;0.014;0.024;0.060;0.649;0.014;
7373;0.028;0.247;0.016;0.031;0.072;0.591;0.016;
7436;0.039;0.189;0.032;0.078;0.173;0.457;0.030;
7501;0.034;0.245;0.023;0.053;0.124;0.500;0.021;
7579;0.042;0.264;0.030;0.055;0.148;0.435;0.026;
7636;0.035;0.121;0.042;0.049;0.188;0.540;0.025;
7693;0.030;0.121;0.070;0.056;0.163;0.538;0.021;
7759;0.034;0.104;0.091;0.076;0.181;0.488;0.026;
7836;0.044;0.097;0.026;0.127;0.266;0.410;0.029;
7902;0.066;0.094;0.020;0.045;0.069;0.671;0.035;
7966;0.148;0.120;0.020;0.016;0.046;0.521;0.128;
8033;0.246;0.107;0.026;0.015;0.050;0.379;0.176;
8097;0.439;0.101;0.028;0.012;0.045;0.176;0.199;
8166;0.580;0.108;0.024;0.016;0.039;0.124;0.109;
8235;0.588;0.111;0.022;0.015;0.041;0.136;0.086;
8301;0.654;0.098;0.022;0.011;0.027;0.092;0.096;
8366;0.640;0.104;0.021;0.013;0.027;0.090;0.106;
8432;0.671;0.106;0.021;0.010;0.025;0.079;0.088;
8497;0.637;0.114;0.022;0.011;0.033;0.108;0.075;
8561;0.601;0.161;0.014;0.020;0.097;0.059;0.047;
8639;0.438;0.167;0.021;0.015;0.050;0.184;0.125;
8710;0.359;0.251;0.014;0.024;0.037;0.266;0.049;
8765;0.444;0.202;0.019;0.016;0.023;0.227;0.069;
8833;0.501;0.159;0.022;0.010;0.017;0.172;0.119;
8904;0.558;0.172;0.019;0.013;0.029;0.120;0.088;
8964;0.601;0.125;0.022;0.013;0.038;0.109;0.093;
9046;0.633;0.094;0.022;0.011;0.018;0.106;0.117;
9108;0.591;0.152;0.020;0.014;0.021;0.132;0.070;
9186;0.645;0.142;0.018;0.021;0.022;0.090;0.061;
9240;0.631;0.121;0.023;0.012;0.024;0.091;0.098;
9296;0.596;0.129;0.025;0.009;0.020;0.087;0.133;
9360;0.587;0.167;0.021;0.016;0.028;0.097;0.084;
9427;0.631;0.131;0.020;0.023;0.034;0.100;0.061;
9506;0.552;0.202;0.015;0.019;0.042;0.113;0.057;
9578;0.455;0.168;0.021;0.013;0.046;0.156;0.140;
9632;0.487;0.143;0.023;0.015;0.043;0.185;0.104;
9710;0.610;0.148;0.018;0.024;0.024;0.098;0.078;
9768;0.658;0.116;0.020;0.014;0.017;0.075;0.100;
9841;0.659;0.156;0.016;0.017;0.024;0.065;0.062;
9917;0.670;0.129;0.019;0.023;0.022;0.065;0.072;
9966;0.600;0.177;0.018;0.029;0.035;0.075;0.066;
10028;0.549;0.222;0.021;0.015;0.029;0.100;0.063;
10117;0.598;0.161;0.022;0.022;0.017;0.076;0.105;
10164;0.567;0.229;0.013;0.036;0.025;0.075;0.054;
10235;0.673;0.112;0.018;0.021;0.025;0.056;0.095;
10305;0.633;0.088;0.021;0.022;0.025;0.076;0.136;
10361;0.561;0.251;0.016;0.025;0.019;0.084;0.043;
10430;0.640;0.199;0.013;0.026;0.018;0.052;0.052;
10513;0.737;0.119;0.015;0.027;0.016;0.039;0.047;
10581;0.677;0.151;0.018;0.024;0.018;0.044;0.068;
10645;0.598;0.252;0.012;0.041;0.023;0.045;0.030;
10693;0.633;0.175;0.018;0.028;0.027;0.069;0.051;
10754;0.643;0.195;0.012;0.056;0.025;0.037;0.031;
10827;0.684;0.140;0.018;0.022;0.020;0.064;0.051;
10920;0.666;0.147;0.018;0.021;0.017;0.058;0.072;
10957;0.658;0.166;0.018;0.029;0.016;0.068;0.046;
11021;0.626;0.168;0.017;0.015;0.025;0.094;0.055;
11087;0.587;0.203;0.014;0.015;0.026;0.100;0.055;
11150;0.615;0.182;0.015;0.023;0.031;0.090;0.044;
11232;0.564;0.262;0.012;0.017;0.017;0.079;0.048;
11292;0.534;0.238;0.018;0.015;0.014;0.107;0.075;
11356;0.578;0.163;0.021;0.018;0.013;0.116;0.091;
11429;0.503;0.142;0.021;0.025;0.036;0.168;0.107;
11494;0.565;0.174;0.019;0.028;0.028;0.124;0.062;
11558;0.437;0.095;0.023;0.019;0.025;0.245;0.156;
11618;0.441;0.117;0.024;0.023;0.034;0.255;0.106;
11682;0.410;0.210;0.015;0.047;0.042;0.225;0.051;
11747;0.327;0.261;0.012;0.023;0.126;0.221;0.029;
11821;0.278;0.268;0.013;0.039;0.064;0.299;0.040;
11885;0.239;0.324;0.013;0.038;0.076;0.262;0.047;
11949;0.107;0.299;0.014;0.033;0.094;0.407;0.045;
12027;0.028;0.143;0.011;0.010;0.033;0.758;0.016;
12091;0.045;0.225;0.013;0.015;0.055;0.610;0.036;
12154;0.075;0.290;0.019;0.031;0.094;0.420;0.070;
12216;0.070;0.155;0.022;0.039;0.118;0.518;0.078;
12287;0.087;0.193;0.021;0.060;0.288;0.304;0.047;
12350;0.110;0.211;0.028;0.053;0.264;0.256;0.077;
12422;0.069;0.199;0.020;0.029;0.068;0.547;0.068;
12484;0.097;0.242;0.030;0.044;0.136;0.348;0.103;
12542;0.147;0.242;0.031;0.051;0.188;0.225;0.117;
12616;0.105;0.203;0.041;0.036;0.239;0.287;0.088;
12707;0.083;0.164;0.041;0.031;0.199;0.399;0.082;
12771;0.059;0.160;0.026;0.024;0.084;0.568;0.079;
12827;0.052;0.142;0.025;0.017;0.077;0.611;0.076;
12906;0.031;0.078;0.017;0.011;0.041;0.756;0.066;
12965;0.043;0.088;0.019;0.016;0.030;0.553;0.252;
13008;0.066;0.165;0.024;0.031;0.073;0.507;0.134;
13068;0.043;0.124;0.017;0.021;0.049;0.668;0.078;
13135;0.085;0.252;0.020;0.031;0.060;0.453;0.100;
13214;0.031;0.149;0.012;0.012;0.043;0.727;0.026;
13305;0.042;0.107;0.028;0.024;0.106;0.662;0.032;
13366;0.032;0.078;0.038;0.023;0.111;0.698;0.021;
13415;0.024;0.070;0.058;0.021;0.096;0.718;0.014;
13486;0.019;0.066;0.045;0.017;0.075;0.767;0.011;
13556;0.043;0.109;0.027;0.025;0.107;0.671;0.019;
13633;0.070;0.182;0.022;0.030;0.113;0.556;0.027;
13698;0.052;0.109;0.024;0.032;0.120;0.639;0.024;
13776;0.047;0.118;0.015;0.025;0.076;0.694;0.026;
13815;0.091;0.247;0.013;0.021;0.053;0.524;0.050;
13869;0.082;0.170;0.013;0.023;0.046;0.610;0.056;
13950;0.086;0.216;0.015;0.028;0.060;0.543;0.052;
14011;0.061;0.191;0.009;0.016;0.029;0.647;0.047;
14098;0.064;0.146;0.009;0.016;0.036;0.695;0.034;
14155;0.048;0.131;0.009;0.013;0.037;0.730;0.032;
14224;0.034;0.084;0.008;0.011;0.029;0.817;0.016;
14273;0.030;0.071;0.009;0.025;0.031;0.818;0.016;
14339;0.014;0.045;0.006;0.008;0.014;0.906;0.008;
14403;0.019;0.080;0.007;0.009;0.019;0.855;0.012;
14464;0.014;0.059;0.008;0.006;0.017;0.886;0.010;
14543;0.034;0.115;0.027;0.019;0.077;0.713;0.016;
14608;0.054;0.134;0.028;0.031;0.131;0.597;0.025;
14674;0.033;0.108;0.015;0.013;0.052;0.761;0.017;
14736;0.066;0.153;0.022;0.042;0.138;0.553;0.026;
14802;0.035;0.090;0.011;0.028;0.061;0.759;0.016;
14875;0.036;0.079;0.016;0.028;0.081;0.743;0.017;
14942;0.027;0.082;0.014;0.017;0.059;0.790;0.012;
15008;0.028;0.061;0.032;0.033;0.137;0.692;0.016;
15073;0.019;0.048;0.018;0.013;0.054;0.835;0.013;
15149;0.074;0.128;0.023;0.051;0.211;0.483;0.031;
15212;0.128;0.228;0.021;0.038;0.114;0.416;0.054;
15270;0.185;0.144;0.024;0.097;0.179;0.313;0.059;
15326;0.133;0.163;0.017;0.035;0.056;0.551;0.046;
15417;0.120;0.201;0.015;0.032;0.060;0.525;0.048;
15491;0.104;0.182;0.013;0.029;0.055;0.585;0.031;
15551;0.124;0.160;0.017;0.022;0.040;0.561;0.077;
15602;0.071;0.178;0.013;0.025;0.059;0.619;0.036;
15678;0.111;0.224;0.020;0.043;0.120;0.442;0.041;
15759;0.093;0.212;0.014;0.024;0.072;0.555;0.029;
15809;0.123;0.194;0.021;0.044;0.120;0.445;0.053;
15870;0.115;0.201;0.017;0.055;0.119;0.457;0.038;
15933;0.089;0.120;0.029;0.064;0.252;0.417;0.029;
16003;0.066;0.151;0.027;0.027;0.125;0.576;0.029;
16063;0.028;0.088;0.022;0.010;0.041;0.802;0.010;
16128;0.030;0.074;0.021;0.015;0.055;0.788;0.016;
16203;0.025;0.072;0.009;0.008;0.026;0.850;0.010;
16268;0.027;0.062;0.023;0.016;0.065;0.794;0.014;
16335;0.017;0.059;0.006;0.005;0.014;0.891;0.008;
16404;0.067;0.191;0.011;0.017;0.050;0.641;0.021;
16467;0.084;0.163;0.013;0.014;0.027;0.646;0.053;
16532;0.054;0.088;0.012;0.006;0.014;0.752;0.074;
16604;0.138;0.136;0.025;0.037;0.031;0.545;0.088;
16656;0.142;0.225;0.018;0.024;0.035;0.482;0.073;
16736;0.140;0.198;0.018;0.012;0.021;0.545;0.066;
16804;0.158;0.141;0.027;0.017;0.024;0.474;0.159;
16881;0.168;0.187;0.021;0.015;0.028;0.479;0.102;
16960;0.178;0.188;0.021;0.015;0.027;0.450;0.119;
17007;0.174;0.196;0.023;0.021;0.054;0.415;0.116;
17073;0.073;0.089;0.013;0.007;0.021;0.711;0.086;
17118;0.075;0.082;0.016;0.010;0.036;0.687;0.094;
17234;0.104;0.120;0.019;0.017;0.049;0.612;0.079;
17296;0.079;0.107;0.015;0.007;0.015;0.673;0.103;
17338;0.163;0.125;0.016;0.012;0.021;0.572;0.090;
17396;0.213;0.126;0.024;0.010;0.009;0.456;0.161;
17473;0.184;0.154;0.018;0.008;0.017;0.469;0.149;
17531;0.111;0.101;0.012;0.004;0.008;0.667;0.096;
17581;0.133;0.152;0.013;0.008;0.017;0.585;0.093;
17680;0.123;0.118;0.016;0.009;0.022;0.566;0.146;
17741;0.069;0.078;0.014;0.005;0.016;0.725;0.093;
17797;0.066;0.095;0.015;0.006;0.013;0.652;0.154;
17853;0.128;0.150;0.020;0.010;0.018;0.535;0.140;
17922;0.090;0.162;0.019;0.015;0.045;0.540;0.130;
17993;0.049;0.122;0.016;0.011;0.028;0.675;0.099;
18058;0.062;0.137;0.020;0.012;0.023;0.620;0.126;
18142;0.055;0.154;0.012;0.006;0.020;0.688;0.064;
18203;0.043;0.129;0.015;0.007;0.014;0.709;0.083;
18263;0.075;0.177;0.011;0.007;0.018;0.648;0.065;
18325;0.070;0.130;0.010;0.006;0.018;0.714;0.051;
18399;0.074;0.145;0.011;0.006;0.015;0.690;0.058;
18460;0.122;0.126;0.014;0.433;0.076;0.185;0.043;
18530;0.131;0.184;0.019;0.035;0.038;0.526;0.067;
18589;0.135;0.215;0.014;0.022;0.048;0.524;0.042;
18656;0.162;0.121;0.011;0.030;0.045;0.591;0.039;
18727;0.163;0.138;0.016;0.036;0.064;0.529;0.054;
18789;0.120;0.120;0.016;0.021;0.053;0.616;0.053;
18855;0.118;0.098;0.023;0.051;0.109;0.539;0.063;
18912;0.099;0.159;0.018;0.031;0.051;0.565;0.078;
18989;0.107;0.164;0.016;0.017;0.038;0.592;0.067;
19054;0.127;0.223;0.017;0.024;0.033;0.488;0.088;
19117;0.129;0.200;0.022;0.029;0.044;0.479;0.097;
19183;0.149;0.274;0.019;0.025;0.036;0.428;0.070;
19246;0.122;0.191;0.026;0.018;0.021;0.499;0.123;
19323;0.105;0.188;0.024;0.022;0.037;0.467;0.159;
19385;0.096;0.159;0.020;0.020;0.046;0.554;0.104;
19469;0.162;0.249;0.027;0.058;0.117;0.288;0.099;
19547;0.153;0.173;0.032;0.046;0.078;0.298;0.221;
19600;0.512;0.182;0.011;0.168;0.027;0.059;0.043;
19657;0.380;0.117;0.027;0.027;0.072;0.113;0.264;
19717;0.293;0.063;0.034;0.017;0.043;0.180;0.369;
19789;0.716;0.069;0.022;0.007;0.015;0.076;0.095;
19852;0.741;0.091;0.025;0.006;0.016;0.053;0.069;
19919;0.678;0.083;0.026;0.007;0.021;0.071;0.113;
19981;0.694;0.106;0.026;0.006;0.019;0.071;0.079;
20048;0.727;0.106;0.023;0.010;0.036;0.047;0.052;
20119;0.717;0.114;0.026;0.008;0.031;0.051;0.053;
20201;0.738;0.093;0.032;0.006;0.023;0.045;0.062;
20253;0.735;0.101;0.031;0.005;0.013;0.059;0.057;
20318;0.758;0.097;0.023;0.008;0.019;0.041;0.053;
20394;0.705;0.117;0.030;0.007;0.038;0.061;0.042;
20458;0.742;0.087;0.026;0.007;0.025;0.044;0.070;
20530;0.731;0.086;0.026;0.005;0.015;0.055;0.082;
20588;0.737;0.116;0.019;0.005;0.015;0.045;0.063;
20652;0.734;0.075;0.023;0.007;0.026;0.037;0.098;
20703;0.746;0.083;0.021;0.006;0.021;0.046;0.078;
20803;0.752;0.089;0.020;0.011;0.018;0.061;0.048;
20873;0.699;0.068;0.025;0.006;0.017;0.047;0.138;
20912;0.674;0.093;0.026;0.005;0.012;0.079;0.111;
20977;0.730;0.095;0.023;0.006;0.013;0.063;0.071;
21053;0.727;0.089;0.022;0.008;0.021;0.079;0.054;
21116;0.713;0.072;0.024;0.007;0.016;0.061;0.106;
21170;0.717;0.072;0.026;0.006;0.018;0.061;0.100;
21246;0.674;0.071;0.024;0.008;0.015;0.083;0.125;
21311;0.679;0.085;0.022;0.008;0.019;0.081;0.105;
21379;0.710;0.083;0.024;0.007;0.011;0.069;0.097;
21443;0.696;0.084;0.027;0.005;0.013;0.065;0.110;
21516;0.736;0.078;0.030;0.007;0.011;0.061;0.077;
21577;0.742;0.061;0.028;0.007;0.011;0.073;0.077;
21659;0.716;0.069;0.026;0.007;0.015;0.060;0.108;
21718;0.700;0.077;0.030;0.007;0.028;0.073;0.085;
21778;0.718;0.104;0.025;0.008;0.028;0.064;0.053;
21842;0.698;0.086;0.030;0.005;0.024;0.065;0.092;
21904;0.770;0.039;0.028;0.005;0.014;0.060;0.083;
21975;0.810;0.042;0.026;0.006;0.010;0.044;0.062;
22044;0.761;0.048;0.026;0.006;0.014;0.059;0.086;
22122;0.767;0.055;0.025;0.008;0.014;0.066;0.065;
22194;0.770;0.057;0.027;0.007;0.013;0.068;0.058;
22250;0.784;0.050;0.028;0.006;0.007;0.060;0.065;
22302;0.748;0.051;0.025;0.006;0.013;0.068;0.089;
22368;0.731;0.060;0.026;0.006;0.013;0.085;0.080;
22431;0.712;0.061;0.028;0.006;0.014;0.096;0.082;
22494;0.610;0.072;0.031;0.005;0.013;0.122;0.147;
22588;0.651;0.088;0.027;0.005;0.009;0.131;0.088;
22649;0.678;0.102;0.029;0.005;0.010;0.105;0.071;
22705;0.662;0.100;0.027;0.005;0.013;0.120;0.073;
22791;0.652;0.077;0.031;0.004;0.017;0.081;0.137;
22858;0.680;0.101;0.025;0.005;0.019;0.086;0.084;
22909;0.701;0.096;0.026;0.005;0.016;0.084;0.073;
22994;0.700;0.080;0.028;0.006;0.013;0.080;0.092;
23045;0.735;0.073;0.024;0.005;0.012;0.068;0.082;
23103;0.676;0.078;0.027;0.005;0.015;0.091;0.107;
23180;0.625;0.066;0.028;0.006;0.017;0.109;0.149;
23246;0.674;0.065;0.027;0.006;0.018;0.100;0.109;
23299;0.684;0.063;0.029;0.006;0.018;0.105;0.095;
23356;0.713;0.068;0.026;0.005;0.016;0.069;0.103;
23454;0.712;0.069;0.026;0.006;0.016;0.072;0.098;
23522;0.594;0.079;0.029;0.005;0.021;0.090;0.182;
23592;0.702;0.068;0.024;0.007;0.022;0.062;0.114;
23638;0.718;0.087;0.023;0.006;0.018;0.068;0.079;
23705;0.682;0.116;0.023;0.007;0.033;0.071;0.069;
23762;0.685;0.102;0.024;0.005;0.020;0.068;0.095;
23821;0.672;0.093;0.024;0.005;0.019;0.082;0.105;
23904;0.740;0.089;0.020;0.006;0.022;0.053;0.069;
23973;0.729;0.090;0.020;0.005;0.017;0.059;0.080;
24033;0.700;0.094;0.023;0.006;0.023;0.073;0.082;
24102;0.728;0.100;0.022;0.009;0.020;0.057;0.065;
24183;0.696;0.112;0.021;0.007;0.041;0.062;0.061;
24250;0.698;0.092;0.023;0.008;0.050;0.055;0.073;
24302;0.693;0.101;0.026;0.007;0.037;0.065;0.071;
24367;0.690;0.088;0.025;0.008;0.037;0.071;0.081;
24446;0.670;0.088;0.025;0.010;0.029;0.064;0.114;
24507;0.689;0.100;0.024;0.010;0.045;0.063;0.069;
24557;0.720;0.075;0.022;0.009;0.019;0.062;0.093;
24626;0.719;0.077;0.025;0.008;0.019;0.052;0.101;
24701;0.670;0.103;0.024;0.010;0.034;0.079;0.079;
24772;0.688;0.097;0.023;0.008;0.023;0.076;0.084;
24850;0.672;0.121;0.021;0.011;0.045;0.068;0.061;
24900;0.712;0.099;0.022;0.011;0.020;0.067;0.069;
24956;0.705;0.117;0.021;0.013;0.025;0.061;0.058;
25020;0.713;0.100;0.023;0.010;0.023;0.060;0.071;
25084;0.689;0.114;0.022;0.011;0.020;0.083;0.061;
25186;0.744;0.093;0.018;0.016;0.029;0.055;0.046;
25257;0.623;0.083;0.021;0.035;0.148;0.054;0.036;
25301;0.688;0.065;0.015;0.025;0.115;0.052;0.039;
25363;0.408;0.160;0.024;0.021;0.060;0.251;0.077;
25422;0.198;0.383;0.011;0.021;0.037;0.253;0.096;
25494;0.184;0.435;0.015;0.043;0.027;0.222;0.075;
25567;0.085;0.345;0.010;0.037;0.037;0.424;0.063;
25613;0.095;0.344;0.017;0.032;0.029;0.345;0.139;
25696;0.079;0.420;0.008;0.022;0.033;0.391;0.046;
25757;0.054;0.355;0.009;0.018;0.039;0.476;0.048;
25822;0.069;0.311;0.013;0.026;0.054;0.479;0.049;
25891;0.050;0.283;0.006;0.010;0.017;0.593;0.041;
25949;0.097;0.395;0.011;0.045;0.070;0.345;0.038;
26014;0.068;0.369;0.008;0.022;0.037;0.456;0.039;
26093;0.122;0.399;0.014;0.028;0.036;0.333;0.069;
26169;0.100;0.354;0.012;0.020;0.026;0.400;0.087;
26242;0.117;0.446;0.012;0.028;0.036;0.301;0.060;
26291;0.115;0.348;0.014;0.023;0.047;0.385;0.067;
26375;0.125;0.322;0.014;0.036;0.049;0.407;0.048;
26419;0.118;0.343;0.012;0.022;0.036;0.417;0.052;
26493;0.155;0.358;0.014;0.050;0.051;0.309;0.063;
26581;0.158;0.325;0.022;0.050;0.048;0.302;0.094;
26635;0.169;0.258;0.020;0.075;0.055;0.369;0.055;
26696;0.144;0.274;0.016;0.037;0.039;0.439;0.050;
26751;0.160;0.351;0.016;0.048;0.062;0.307;0.056;
26823;0.153;0.316;0.016;0.050;0.063;0.348;0.053;
26876;0.121;0.344;0.014;0.043;0.068;0.368;0.041;
26940;0.086;0.316;0.008;0.028;0.049;0.487;0.026;
27031;0.137;0.330;0.011;0.053;0.098;0.333;0.037;
27107;0.137;0.432;0.008;0.050;0.091;0.256;0.026;
27158;0.099;0.205;0.015;0.059;0.241;0.362;0.019;
27215;0.064;0.124;0.013;0.034;0.051;0.691;0.024;
27277;0.062;0.160;0.009;0.028;0.041;0.681;0.018;
27341;0.073;0.195;0.006;0.022;0.043;0.648;0.014;
27404;0.146;0.251;0.011;0.031;0.092;0.443;0.025;
27515;0.154;0.230;0.014;0.054;0.193;0.321;0.033;
27556;0.118;0.234;0.016;0.047;0.170;0.374;0.041;
27612;0.155;0.221;0.017;0.042;0.122;0.400;0.043;
27679;0.152;0.300;0.021;0.026;0.066;0.318;0.119;
27742;0.090;0.201;0.018;0.020;0.033;0.542;0.096;
27806;0.163;0.180;0.024;0.030;0.043;0.406;0.154;
27905;0.129;0.187;0.017;0.020;0.035;0.525;0.088;
27960;0.103;0.163;0.015;0.025;0.041;0.587;0.065;
28022;0.102;0.222;0.010;0.012;0.022;0.598;0.034;
28089;0.152;0.269;0.012;0.033;0.065;0.430;0.040;
28161;0.246;0.229;0.022;0.049;0.055;0.324;0.075;
28208;0.111;0.263;0.008;0.027;0.032;0.525;0.032;
28273;0.166;0.204;0.016;0.038;0.038;0.480;0.059;
28364;0.248;0.238;0.017;0.048;0.024;0.350;0.075;
28423;0.205;0.273;0.014;0.063;0.011;0.383;0.051;
28486;0.256;0.179;0.022;0.053;0.014;0.365;0.112;
28556;0.214;0.191;0.015;0.032;0.029;0.431;0.087;
28616;0.359;0.175;0.022;0.039;0.030;0.258;0.116;
28667;0.260;0.163;0.025;0.020;0.018;0.393;0.122;
28734;0.262;0.134;0.022;0.017;0.015;0.285;0.266;
28827;0.237;0.123;0.020;0.011;0.015;0.321;0.273;
28883;0.164;0.100;0.020;0.009;0.024;0.333;0.349;
28942;0.395;0.116;0.020;0.008;0.010;0.140;0.311;
29005;0.468;0.119;0.023;0.010;0.012;0.215;0.152;
29070;0.533;0.098;0.022;0.009;0.030;0.173;0.134;
29134;0.545;0.113;0.024;0.011;0.033;0.145;0.129;
29198;0.580;0.104;0.022;0.019;0.046;0.148;0.081;
29279;0.487;0.079;0.029;0.011;0.039;0.125;0.230;
29343;0.451;0.057;0.032;0.013;0.044;0.092;0.310;
29407;0.670;0.089;0.021;0.011;0.017;0.080;0.113;
29479;0.720;0.052;0.019;0.027;0.076;0.023;0.083;
29534;0.815;0.041;0.020;0.038;0.023;0.026;0.036;
29596;0.810;0.038;0.020;0.022;0.052;0.014;0.045;
29680;0.797;0.040;0.026;0.010;0.012;0.020;0.095;
29751;0.805;0.061;0.023;0.015;0.013;0.033;0.049;
29807;0.797;0.065;0.023;0.022;0.015;0.041;0.036;
29875;0.793;0.051;0.026;0.011;0.018;0.038;0.063;
29933;0.810;0.049;0.022;0.014;0.018;0.032;0.056;
30006;0.809;0.061;0.023;0.011;0.017;0.036;0.043;
30071;0.783;0.059;0.024;0.011;0.019;0.038;0.065;
30156;0.766;0.045;0.025;0.011;0.016;0.054;0.081;
30215;0.797;0.056;0.022;0.009;0.018;0.044;0.055;
30278;0.795;0.060;0.022;0.012;0.023;0.043;0.045;
30334;0.761;0.064;0.024;0.009;0.020;0.063;0.059;
30399;0.789;0.054;0.026;0.006;0.010;0.059;0.056;
30477;0.692;0.060;0.030;0.003;0.010;0.106;0.100;
30562;0.745;0.046;0.026;0.004;0.009;0.082;0.089;
30606;0.742;0.052;0.029;0.004;0.011;0.079;0.083;
30687;0.759;0.053;0.027;0.003;0.006;0.062;0.090;
30743;0.743;0.059;0.026;0.003;0.006;0.074;0.089;
30809;0.735;0.050;0.026;0.003;0.007;0.072;0.107;
30861;0.723;0.046;0.026;0.003;0.006;0.082;0.113;
30937;0.615;0.046;0.030;0.002;0.007;0.104;0.197;
31026;0.727;0.044;0.036;0.002;0.007;0.043;0.140;
31087;0.735;0.043;0.034;0.002;0.005;0.063;0.117;
31139;0.759;0.047;0.033;0.003;0.005;0.063;0.091;
31203;0.631;0.038;0.037;0.002;0.007;0.071;0.214;
31279;0.643;0.033;0.039;0.002;0.006;0.074;0.204;
31342;0.727;0.035;0.034;0.003;0.006;0.069;0.126;
31404;0.611;0.037;0.044;0.002;0.006;0.101;0.200;
31511;0.638;0.038;0.040;0.002;0.006;0.080;0.196;
31562;0.687;0.031;0.039;0.002;0.004;0.054;0.182;
31601;0.714;0.033;0.039;0.002;0.004;0.068;0.140;
31661;0.646;0.037;0.042;0.002;0.006;0.073;0.195;
31751;0.631;0.031;0.039;0.002;0.005;0.061;0.231;
31802;0.702;0.035;0.035;0.002;0.005;0.069;0.151;
31852;0.710;0.036;0.034;0.003;0.005;0.072;0.140;
31933;0.619;0.033;0.036;0.003;0.007;0.078;0.224;
32008;0.738;0.048;0.029;0.003;0.007;0.078;0.097;
32096;0.744;0.047;0.028;0.003;0.008;0.083;0.087;
32146;0.782;0.048;0.029;0.003;0.006;0.064;0.069;
32202;0.754;0.061;0.023;0.007;0.011;0.066;0.077;
32257;0.715;0.047;0.027;0.005;0.010;0.085;0.110;
32320;0.678;0.049;0.030;0.005;0.014;0.103;0.120;
32405;0.655;0.048;0.028;0.006;0.011;0.116;0.136;
32465;0.607;0.052;0.032;0.006;0.017;0.131;0.155;
32528;0.690;0.051;0.030;0.005;0.008;0.096;0.119;
32595;0.721;0.060;0.025;0.006;0.011;0.097;0.080;
32656;0.649;0.050;0.032;0.005;0.015;0.086;0.164;
32720;0.608;0.045;0.035;0.006;0.018;0.089;0.199;
32805;0.733;0.050;0.026;0.006;0.010;0.062;0.112;
32901;0.720;0.061;0.026;0.005;0.010;0.077;0.099;
32938;0.750;0.055;0.028;0.006;0.011;0.065;0.085;
33010;0.677;0.041;0.034;0.005;0.016;0.059;0.167;
33060;0.709;0.043;0.030;0.005;0.011;0.059;0.144;
33132;0.757;0.048;0.027;0.005;0.011;0.058;0.094;
33188;0.728;0.063;0.026;0.006;0.013;0.078;0.085;
33262;0.703;0.046;0.028;0.006;0.015;0.064;0.137;
33328;0.617;0.053;0.027;0.005;0.014;0.085;0.198;
33394;0.646;0.060;0.028;0.005;0.013;0.095;0.152;
33485;0.686;0.052;0.029;0.005;0.012;0.088;0.128;
33543;0.627;0.052;0.031;0.006;0.015;0.119;0.149;
33593;0.670;0.050;0.028;0.007;0.013;0.095;0.137;
33686;0.742;0.058;0.024;0.006;0.007;0.080;0.083;
33729;0.752;0.054;0.024;0.006;0.009;0.075;0.081;
33792;0.733;0.044;0.026;0.006;0.010;0.063;0.117;
33869;0.690;0.050;0.026;0.005;0.009;0.088;0.132;
33928;0.712;0.050;0.026;0.005;0.011;0.067;0.129;
33987;0.716;0.060;0.026;0.006;0.008;0.093;0.091;
34050;0.749;0.059;0.022;0.008;0.010;0.066;0.086;
34174;0.712;0.064;0.024;0.006;0.014;0.089;0.090;
34230;0.768;0.050;0.024;0.006;0.009;0.064;0.078;
34263;0.765;0.067;0.025;0.007;0.009;0.060;0.068;
34329;0.724;0.066;0.023;0.006;0.010;0.076;0.095;
34385;0.747;0.079;0.021;0.007;0.013;0.069;0.064;
34458;0.768;0.056;0.024;0.007;0.011;0.051;0.082;
34525;0.794;0.045;0.023;0.007;0.009;0.040;0.081;
34607;0.740;0.061;0.024;0.008;0.017;0.049;0.100;
34670;0.753;0.062;0.024;0.008;0.012;0.053;0.087;
34724;0.707;0.059;0.028;0.007;0.019;0.067;0.112;
34810;0.746;0.055;0.026;0.007;0.013;0.063;0.089;
34867;0.750;0.059;0.026;0.006;0.011;0.057;0.091;
34910;0.773;0.059;0.025;0.008;0.013;0.054;0.068;
34972;0.775;0.066;0.026;0.008;0.012;0.054;0.058;
35070;0.762;0.066;0.024;0.007;0.013;0.064;0.065;
35128;0.768;0.050;0.029;0.006;0.012;0.053;0.082;
35192;0.778;0.056;0.027;0.009;0.019;0.049;0.062;
35260;0.737;0.066;0.026;0.007;0.012;0.078;0.074;
35310;0.705;0.078;0.028;0.007;0.020;0.083;0.078;
35373;0.720;0.083;0.026;0.006;0.016;0.075;0.073;
35468;0.727;0.068;0.027;0.008;0.020;0.075;0.077;
35530;0.780;0.066;0.023;0.008;0.013;0.051;0.059;
35587;0.787;0.064;0.026;0.009;0.019;0.043;0.052;
35649;0.773;0.053;0.023;0.009;0.018;0.051;0.073;
35713;0.776;0.057;0.026;0.009;0.014;0.062;0.055;
35772;0.778;0.064;0.022;0.011;0.011;0.065;0.049;
35838;0.785;0.060;0.023;0.012;0.019;0.053;0.048;
35921;0.793;0.066;0.023;0.015;0.017;0.042;0.043;
35989;0.738;0.078;0.023;0.010;0.016;0.080;0.054;
36049;0.758;0.075;0.024;0.009;0.019;0.061;0.053;
36122;0.782;0.070;0.020;0.012;0.020;0.055;0.041;
36186;0.767;0.072;0.021;0.012;0.019;0.054;0.056;
36238;0.779;0.062;0.023;0.007;0.017;0.051;0.060;
36301;0.797;0.055;0.023;0.005;0.013;0.045;0.062;
36384;0.770;0.052;0.026;0.004;0.009;0.063;0.075;
36455;0.735;0.047;0.030;0.005;0.014;0.063;0.106;
36528;0.720;0.057;0.027;0.005;0.020;0.072;0.099;
36583;0.765;0.072;0.025;0.005;0.017;0.056;0.059;
36645;0.718;0.052;0.034;0.003;0.013;0.068;0.112;
36719;0.750;0.050;0.030;0.003;0.010;0.066;0.091;
36788;0.749;0.045;0.027;0.003;0.008;0.068;0.099;
36845;0.696;0.047;0.031;0.003;0.009;0.085;0.128;
36908;0.726;0.059;0.028;0.003;0.011;0.078;0.095;
36992;0.684;0.045;0.030;0.003;0.010;0.077;0.151;
37070;0.687;0.039;0.031;0.003;0.009;0.088;0.143;
37139;0.777;0.047;0.025;0.003;0.007;0.069;0.071;
37169;0.730;0.048;0.030;0.003;0.013;0.055;0.121;
37261;0.763;0.050;0.028;0.003;0.009;0.059;0.087;
37308;0.685;0.049;0.029;0.003;0.009;0.084;0.141;
37373;0.684;0.047;0.030;0.004;0.012;0.065;0.158;
37449;0.732;0.045;0.029;0.003;0.008;0.068;0.115;
37507;0.697;0.040;0.028;0.004;0.008;0.070;0.153;
37576;0.596;0.049;0.016;0.116;0.172;0.017;0.034;
37631;0.754;0.087;0.019;0.019;0.034;0.040;0.046;
37729;0.701;0.052;0.027;0.003;0.008;0.084;0.125;
37811;0.757;0.072;0.026;0.007;0.013;0.069;0.057;
37856;0.800;0.049;0.024;0.006;0.009;0.046;0.066;
37914;0.771;0.039;0.029;0.005;0.007;0.045;0.104;
37982;0.777;0.046;0.028;0.005;0.010;0.048;0.087;
38039;0.800;0.040;0.027;0.006;0.010;0.043;0.074;
38101;0.787;0.057;0.027;0.007;0.015;0.050;0.057;
38182;0.815;0.045;0.026;0.006;0.009;0.041;0.058;
38237;0.770;0.050;0.028;0.005;0.008;0.058;0.080;
38301;0.752;0.046;0.029;0.007;0.010;0.064;0.093;
38365;0.728;0.052;0.028;0.007;0.013;0.089;0.083;
38429;0.748;0.046;0.028;0.007;0.010;0.067;0.094;
38494;0.727;0.049;0.028;0.006;0.009;0.076;0.104;
38562;0.776;0.044;0.028;0.006;0.010;0.050;0.088;
38649;0.778;0.056;0.027;0.006;0.008;0.058;0.066;
38707;0.756;0.040;0.029;0.005;0.009;0.049;0.112;
38773;0.791;0.045;0.028;0.005;0.007;0.044;0.080;
38833;0.739;0.043;0.029;0.005;0.009;0.052;0.123;
38894;0.728;0.049;0.027;0.007;0.011;0.085;0.093;
38961;0.787;0.039;0.026;0.008;0.014;0.044;0.081;
39037;0.793;0.041;0.027;0.008;0.013;0.051;0.067;
39103;0.772;0.039;0.029;0.007;0.011;0.056;0.087;
39167;0.797;0.046;0.027;0.007;0.009;0.047;0.068;
39230;0.794;0.046;0.029;0.006;0.010;0.047;0.067;
39296;0.760;0.045;0.027;0.006;0.012;0.048;0.102;
39361;0.728;0.055;0.028;0.006;0.013;0.071;0.099;
39437;0.771;0.060;0.025;0.007;0.015;0.055;0.067;
39520;0.737;0.084;0.023;0.008;0.017;0.065;0.067;
39582;0.731;0.086;0.027;0.007;0.016;0.058;0.076;
39644;0.738;0.079;0.025;0.008;0.017;0.057;0.074;
39698;0.712;0.082;0.026;0.007;0.019;0.074;0.080;
39759;0.726;0.060;0.026;0.009;0.017;0.052;0.110;
39825;0.670;0.081;0.030;0.006;0.018;0.081;0.114;
39890;0.699;0.085;0.025;0.007;0.024;0.067;0.093;
39976;0.690;0.088;0.026;0.007;0.024;0.059;0.106;
40034;0.715;0.078;0.024;0.006;0.018;0.065;0.094;
40103;0.701;0.078;0.027;0.007;0.018;0.065;0.104;
40178;0.714;0.082;0.026;0.008;0.024;0.059;0.088;
40235;0.714;0.089;0.027;0.009;0.022;0.057;0.082;
40304;0.699;0.098;0.025;0.009;0.023;0.075;0.072;
40366;0.693;0.081;0.025;0.008;0.026;0.053;0.115;
40443;0.699;0.074;0.027;0.008;0.023;0.054;0.114;
40498;0.726;0.100;0.021;0.009;0.023;0.051;0.070;
40559;0.730;0.092;0.022;0.009;0.021;0.050;0.077;
40631;0.703;0.086;0.027;0.007;0.023;0.063;0.091;
40689;0.737;0.071;0.023;0.007;0.016;0.054;0.092;
40764;0.701;0.081;0.023;0.007;0.018;0.063;0.105;
40830;0.690;0.076;0.024;0.009;0.018;0.078;0.105;
40895;0.719;0.075;0.025;0.008;0.018;0.063;0.092;
40961;0.706;0.070;0.030;0.008;0.029;0.054;0.103;
41024;0.703;0.079;0.026;0.008;0.022;0.065;0.097;
41097;0.731;0.070;0.025;0.009;0.016;0.069;0.080;
41169;0.700;0.070;0.027;0.008;0.017;0.065;0.112;
41236;0.690;0.082;0.027;0.008;0.020;0.079;0.095;
41294;0.718;0.084;0.026;0.011;0.028;0.061;0.073;
41357;0.721;0.091;0.023;0.008;0.023;0.058;0.075;
41436;0.705;0.102;0.021;0.009;0.023;0.073;0.067;
41485;0.732;0.083;0.024;0.010;0.019;0.057;0.075;
41568;0.763;0.084;0.021;0.010;0.013;0.047;0.061;
41634;0.685;0.121;0.022;0.008;0.021;0.070;0.073;
41686;0.662;0.107;0.026;0.008;0.028;0.088;0.082;
41780;0.706;0.097;0.022;0.010;0.035;0.056;0.072;
41841;0.704;0.091;0.024;0.013;0.023;0.075;0.070;
41889;0.709;0.070;0.024;0.009;0.022;0.058;0.108;
41949;0.732;0.075;0.022;0.009;0.022;0.067;0.071;
42026;0.732;0.079;0.022;0.010;0.035;0.061;0.060;
42099;0.698;0.083;0.025;0.008;0.034;0.075;0.077;
42158;0.695;0.083;0.025;0.010;0.031;0.081;0.075;
42236;0.659;0.076;0.025;0.010;0.025;0.100;0.105;
42290;0.712;0.081;0.024;0.015;0.028;0.078;0.062;
42363;0.739;0.067;0.023;0.011;0.015;0.067;0.077;
42428;0.713;0.079;0.023;0.011;0.023;0.069;0.083;
42495;0.672;0.104;0.022;0.007;0.022;0.085;0.088;
42557;0.668;0.091;0.026;0.008;0.030;0.078;0.099;
42623;0.677;0.099;0.025;0.008;0.036;0.068;0.087;
42688;0.715;0.085;0.022;0.010;0.030;0.060;0.076;
42766;0.715;0.087;0.025;0.012;0.029;0.061;0.073;
42814;0.687;0.088;0.025;0.010;0.033;0.072;0.085;
42877;0.735;0.068;0.023;0.013;0.024;0.071;0.066;
42958;0.767;0.075;0.019;0.015;0.025;0.064;0.036;
43019;0.756;0.077;0.023;0.013;0.035;0.050;0.047;
43089;0.755;0.069;0.022;0.016;0.036;0.050;0.052;
43154;0.744;0.066;0.024;0.014;0.025;0.065;0.063;
43218;0.720;0.061;0.026;0.011;0.017;0.083;0.082;
43279;0.762;0.069;0.022;0.010;0.019;0.067;0.050;
43349;0.755;0.061;0.024;0.009;0.016;0.074;0.061;
43422;0.731;0.075;0.023;0.009;0.021;0.072;0.069;
43494;0.694;0.071;0.024;0.008;0.020;0.046;0.137;
43569;0.678;0.081;0.025;0.008;0.028;0.058;0.123;
43635;0.738;0.061;0.025;0.012;0.019;0.058;0.088;
43679;0.741;0.073;0.023;0.013;0.021;0.049;0.079;
43746;0.747;0.073;0.022;0.016;0.030;0.047;0.065;
43809;0.732;0.060;0.024;0.011;0.018;0.066;0.089;
43889;0.764;0.072;0.023;0.015;0.021;0.037;0.069;
43959;0.763;0.077;0.021;0.014;0.025;0.041;0.059;
44035;0.771;0.074;0.022;0.012;0.022;0.039;0.061;
44095;0.746;0.059;0.022;0.011;0.021;0.056;0.084;
44140;0.765;0.059;0.024;0.013;0.026;0.057;0.057;
44218;0.775;0.057;0.022;0.013;0.024;0.050;0.059;
44281;0.758;0.054;0.026;0.014;0.021;0.066;0.062;
44332;0.751;0.061;0.023;0.014;0.024;0.035;0.091;
44414;0.695;0.069;0.027;0.016;0.026;0.083;0.084;
44482;0.646;0.071;0.035;0.012;0.067;0.062;0.107;
44545;0.759;0.044;0.020;0.024;0.088;0.018;0.047;
44614;0.361;0.052;0.015;0.044;0.445;0.044;0.039;
44676;0.247;0.116;0.030;0.020;0.060;0.389;0.139;
44767;0.287;0.127;0.029;0.040;0.180;0.137;0.201;
44805;0.309;0.144;0.019;0.108;0.113;0.176;0.131;
44888;0.291;0.167;0.027;0.118;0.082;0.227;0.088;
44955;0.217;0.234;0.030;0.097;0.070;0.221;0.131;
45006;0.095;0.354;0.027;0.032;0.030;0.301;0.161;
45085;0.077;0.362;0.018;0.022;0.029;0.351;0.140;
45160;0.101;0.341;0.014;0.023;0.025;0.391;0.105;
45219;0.055;0.244;0.014;0.010;0.009;0.565;0.102;
45286;0.064;0.321;0.015;0.015;0.020;0.456;0.108;
45340;0.073;0.344;0.011;0.018;0.025;0.455;0.075;
45414;0.065;0.369;0.009;0.016;0.022;0.458;0.060;
45472;0.074;0.334;0.013;0.032;0.031;0.450;0.067;
45541;0.045;0.236;0.010;0.013;0.020;0.610;0.066;
45608;0.023;0.193;0.003;0.004;0.011;0.742;0.024;
45666;0.042;0.307;0.009;0.010;0.016;0.533;0.082;
45742;0.036;0.335;0.006;0.008;0.021;0.556;0.039;
45811;0.027;0.141;0.006;0.016;0.031;0.756;0.023;
45874;0.014;0.089;0.003;0.013;0.017;0.851;0.014;
45946;0.033;0.145;0.011;0.020;0.065;0.711;0.017;
46014;0.015;0.104;0.006;0.006;0.019;0.838;0.012;
46076;0.015;0.158;0.005;0.007;0.021;0.785;0.008;
46137;0.027;0.137;0.017;0.024;0.077;0.702;0.016;
46217;0.037;0.196;0.030;0.036;0.164;0.521;0.016;
46274;0.046;0.224;0.027;0.043;0.189;0.450;0.021;
46357;0.017;0.113;0.006;0.010;0.025;0.817;0.013;
46409;0.031;0.187;0.009;0.021;0.059;0.674;0.020;
46462;0.022;0.114;0.021;0.017;0.061;0.755;0.011;
46524;0.023;0.108;0.015;0.073;0.141;0.621;0.020;
46605;0.043;0.079;0.050;0.151;0.442;0.199;0.035;
46684;0.049;0.095;0.087;0.080;0.303;0.356;0.031;
46748;0.059;0.086;0.055;0.106;0.347;0.306;0.042;
46803;0.061;0.086;0.046;0.075;0.349;0.343;0.039;
46881;0.047;0.105;0.041;0.071;0.342;0.368;0.026;
46932;0.029;0.111;0.039;0.035;0.180;0.592;0.014;
46995;0.032;0.132;0.027;0.043;0.198;0.552;0.015;
47070;0.040;0.159;0.023;0.047;0.223;0.491;0.018;
47135;0.041;0.208;0.017;0.028;0.107;0.577;0.022;
47204;0.042;0.221;0.014;0.028;0.086;0.584;0.025;
47277;0.075;0.305;0.019;0.042;0.084;0.419;0.057;
47337;0.068;0.451;0.009;0.036;0.041;0.348;0.047;
47418;0.078;0.389;0.011;0.069;0.091;0.324;0.039;
47471;0.043;0.291;0.008;0.023;0.068;0.548;0.019;
47533;0.051;0.214;0.016;0.037;0.119;0.535;0.028;
47612;0.051;0.142;0.025;0.060;0.292;0.406;0.024;
47688;0.021;0.082;0.015;0.027;0.099;0.742;0.013;
47749;0.026;0.111;0.013;0.017;0.064;0.754;0.015;
47798;0.022;0.125;0.007;0.022;0.045;0.763;0.016;
47853;0.024;0.145;0.005;0.024;0.038;0.749;0.015;
47916;0.027;0.199;0.002;0.019;0.027;0.714;0.012;
48001;0.038;0.212;0.004;0.026;0.034;0.666;0.019;
48084;0.104;0.293;0.018;0.050;0.040;0.426;0.070;
48149;0.141;0.445;0.014;0.033;0.024;0.296;0.048;
48212;0.125;0.405;0.011;0.045;0.036;0.339;0.039;
48275;0.115;0.323;0.013;0.026;0.021;0.453;0.048;
48331;0.160;0.350;0.020;0.047;0.030;0.337;0.057;
48405;0.173;0.375;0.024;0.039;0.032;0.273;0.084;
48465;0.199;0.389;0.025;0.044;0.033;0.227;0.082;
48524;0.148;0.478;0.018;0.027;0.029;0.203;0.098;
48590;0.142;0.413;0.023;0.028;0.035;0.240;0.120;
48654;0.118;0.434;0.026;0.031;0.041;0.192;0.158;
48730;0.122;0.262;0.026;0.036;0.033;0.416;0.104;
48791;0.098;0.209;0.021;0.039;0.037;0.523;0.073;
48863;0.125;0.201;0.023;0.041;0.042;0.487;0.080;
48924;0.155;0.230;0.022;0.039;0.041;0.451;0.062;
48990;0.181;0.200;0.039;0.044;0.053;0.361;0.122;
49053;0.159;0.248;0.024;0.036;0.035;0.417;0.081;
49116;0.187;0.201;0.037;0.039;0.041;0.368;0.128;
49181;0.288;0.183;0.042;0.046;0.036;0.281;0.124;
49258;0.221;0.242;0.044;0.041;0.025;0.240;0.187;
49326;0.313;0.254;0.028;0.059;0.033;0.202;0.110;
49403;0.278;0.293;0.030;0.039;0.030;0.224;0.106;
49460;0.209;0.323;0.021;0.050;0.034;0.285;0.078;
49517;0.186;0.370;0.020;0.039;0.019;0.297;0.071;
49582;0.247;0.240;0.030;0.054;0.029;0.341;0.060;
49648;0.331;0.159;0.027;0.048;0.026;0.328;0.081;
49709;0.212;0.184;0.028;0.032;0.031;0.340;0.172;
49790;0.233;0.237;0.016;0.049;0.057;0.305;0.104;
49853;0.118;0.190;0.017;0.044;0.089;0.486;0.056;
49918;0.163;0.157;0.020;0.045;0.085;0.474;0.056;
50001;0.244;0.139;0.026;0.052;0.071;0.405;0.063;
50067;0.312;0.151;0.017;0.123;0.068;0.290;0.039;
50117;0.292;0.151;0.023;0.058;0.057;0.357;0.063;
50189;0.223;0.211;0.022;0.035;0.039;0.395;0.074;
50253;0.253;0.149;0.024;0.032;0.041;0.296;0.205;
50317;0.336;0.196;0.019;0.023;0.017;0.283;0.126;
50382;0.278;0.215;0.020;0.058;0.025;0.308;0.097;
50461;0.177;0.213;0.019;0.026;0.030;0.474;0.061;
50520;0.299;0.181;0.023;0.030;0.030;0.298;0.140;
50577;0.153;0.224;0.016;0.031;0.029;0.424;0.123;
50673;0.100;0.245;0.010;0.029;0.053;0.510;0.053;
50757;0.071;0.152;0.008;0.020;0.044;0.674;0.030;
50804;0.118;0.134;0.008;0.042;0.043;0.628;0.027;
50863;0.133;0.225;0.008;0.058;0.055;0.493;0.028;
50922;0.063;0.140;0.010;0.009;0.009;0.707;0.063;
50979;0.062;0.198;0.005;0.004;0.008;0.695;0.027;
51045;0.073;0.205;0.007;0.007;0.016;0.657;0.035;
51117;0.041;0.142;0.005;0.004;0.009;0.768;0.030;
51182;0.013;0.074;0.004;0.003;0.006;0.878;0.023;
51254;0.027;0.112;0.012;0.008;0.010;0.765;0.067;
51330;0.042;0.181;0.011;0.012;0.018;0.665;0.071;
51393;0.013;0.071;0.005;0.006;0.009;0.870;0.025;
51441;0.014;0.075;0.006;0.004;0.007;0.866;0.028;
51518;0.013;0.072;0.005;0.003;0.009;0.872;0.026;
51582;0.011;0.058;0.005;0.004;0.010;0.885;0.026;
51645;0.006;0.039;0.003;0.002;0.007;0.931;0.012;
51717;0.015;0.070;0.007;0.005;0.010;0.859;0.034;
51783;0.019;0.094;0.006;0.006;0.013;0.830;0.033;
51840;0.016;0.086;0.005;0.005;0.014;0.848;0.025;
51905;0.015;0.078;0.005;0.003;0.006;0.860;0.032;
51983;0.017;0.087;0.005;0.003;0.008;0.848;0.031;
52056;0.014;0.075;0.004;0.004;0.016;0.871;0.016;
52112;0.011;0.061;0.004;0.002;0.005;0.894;0.024;
52178;0.013;0.058;0.006;0.003;0.009;0.878;0.034;
52242;0.013;0.065;0.006;0.003;0.005;0.872;0.036;
52304;0.023;0.124;0.006;0.006;0.012;0.791;0.038;
52373;0.030;0.169;0.008;0.006;0.013;0.720;0.054;
52447;0.021;0.120;0.005;0.005;0.012;0.805;0.032;
52523;0.026;0.115;0.008;0.008;0.017;0.771;0.055;
52593;0.032;0.149;0.008;0.009;0.031;0.733;0.039;
52651;0.055;0.156;0.019;0.022;0.037;0.609;0.102;
52714;0.067;0.191;0.018;0.029;0.052;0.564;0.079;
52793;0.055;0.185;0.016;0.025;0.042;0.588;0.089;
52841;0.047;0.145;0.015;0.024;0.044;0.655;0.070;
52911;0.081;0.186;0.017;0.031;0.076;0.522;0.086;
52977;0.085;0.234;0.019;0.024;0.054;0.455;0.128;
53039;0.115;0.240;0.022;0.037;0.057;0.408;0.121;
53124;0.227;0.314;0.016;0.045;0.075;0.263;0.060;
53183;0.300;0.230;0.020;0.048;0.056;0.284;0.062;
53233;0.296;0.207;0.021;0.046;0.079;0.285;0.065;
