67;0.699;0.025;0.059;0.027;0.002;0.004;0.185;
267;0.786;0.023;0.050;0.016;0.003;0.003;0.119;
384;0.784;0.033;0.044;0.017;0.007;0.003;0.113;
497;0.810;0.023;0.056;0.017;0.004;0.004;0.086;
608;0.860;0.016;0.046;0.026;0.004;0.002;0.046;
716;0.849;0.015;0.047;0.030;0.008;0.003;0.048;
833;0.724;0.021;0.071;0.010;0.002;0.002;0.169;
953;0.840;0.021;0.042;0.026;0.003;0.003;0.066;
3131;0.851;0.021;0.040;0.028;0.007;0.005;0.048;
3242;0.844;0.019;0.050;0.010;0.009;0.002;0.066;
3353;0.862;0.021;0.032;0.016;0.009;0.005;0.056;
3489;0.844;0.019;0.044;0.015;0.008;0.003;0.068;
3602;0.852;0.024;0.041;0.019;0.011;0.003;0.050;
3716;0.752;0.027;0.050;0.007;0.011;0.007;0.145;
3832;0.860;0.027;0.036;0.016;0.013;0.004;0.044;
3947;0.848;0.025;0.051;0.015;0.007;0.003;0.052;
4059;0.849;0.023;0.043;0.015;0.005;0.004;0.062;
4173;0.826;0.010;0.064;0.010;0.003;0.004;0.082;
4281;0.823;0.009;0.065;0.009;0.003;0.003;0.088;
4394;0.854;0.014;0.050;0.024;0.007;0.003;0.048;
4504;0.861;0.025;0.029;0.026;0.012;0.009;0.037;
4633;0.842;0.027;0.045;0.019;0.008;0.005;0.054;
4745;0.873;0.024;0.036;0.011;0.007;0.005;0.044;
4860;0.718;0.019;0.067;0.010;0.002;0.003;0.181;
4978;0.791;0.024;0.053;0.007;0.007;0.005;0.115;
5096;0.820;0.020;0.046;0.019;0.010;0.004;0.081;
5209;0.868;0.025;0.035;0.015;0.022;0.005;0.031;
5314;0.873;0.022;0.032;0.016;0.006;0.007;0.044;
5446;0.853;0.029;0.037;0.010;0.011;0.005;0.055;
5594;0.853;0.026;0.041;0.016;0.009;0.003;0.052;
5697;0.840;0.035;0.040;0.014;0.016;0.008;0.047;
5824;0.884;0.027;0.035;0.010;0.005;0.005;0.033;
5937;0.782;0.018;0.049;0.012;0.003;0.003;0.132;
6064;0.791;0.017;0.061;0.012;0.004;0.003;0.110;
6172;0.701;0.023;0.087;0.016;0.002;0.002;0.167;
6279;0.837;0.027;0.030;0.015;0.025;0.004;0.062;
6394;0.875;0.031;0.038;0.010;0.009;0.008;0.029;
6509;0.832;0.028;0.045;0.012;0.006;0.003;0.073;
6621;0.802;0.017;0.048;0.007;0.003;0.004;0.119;
6732;0.827;0.032;0.050;0.011;0.002;0.004;0.074;
6858;0.771;0.019;0.052;0.014;0.004;0.003;0.137;
6987;0.858;0.017;0.038;0.009;0.006;0.004;0.069;
7094;0.826;0.014;0.059;0.012;0.005;0.004;0.080;
7208;0.845;0.024;0.046;0.011;0.005;0.004;0.064;
7315;0.863;0.025;0.039;0.013;0.004;0.006;0.049;
7422;0.824;0.031;0.039;0.010;0.011;0.005;0.080;
7525;0.857;0.023;0.033;0.016;0.010;0.005;0.056;
7632;0.829;0.022;0.044;0.015;0.009;0.003;0.078;
7738;0.847;0.021;0.054;0.010;0.005;0.003;0.059;
7843;0.882;0.019;0.049;0.013;0.004;0.002;0.031;
7956;0.880;0.019;0.036;0.021;0.008;0.006;0.030;
8078;0.890;0.016;0.035;0.018;0.012;0.004;0.025;
8183;0.844;0.021;0.042;0.006;0.005;0.005;0.077;
8287;0.841;0.025;0.036;0.008;0.014;0.006;0.070;
8393;0.865;0.031;0.038;0.017;0.007;0.005;0.038;
8499;0.870;0.017;0.056;0.012;0.002;0.004;0.038;
8604;0.858;0.036;0.032;0.015;0.017;0.007;0.034;
8708;0.868;0.041;0.034;0.010;0.006;0.005;0.036;
8814;0.853;0.035;0.038;0.007;0.007;0.007;0.054;
8922;0.857;0.019;0.046;0.013;0.009;0.003;0.053;
9030;0.834;0.027;0.041;0.006;0.007;0.007;0.079;
9180;0.855;0.033;0.044;0.008;0.006;0.006;0.048;
9286;0.875;0.027;0.032;0.014;0.023;0.006;0.024;
9394;0.863;0.042;0.027;0.014;0.013;0.003;0.037;
9499;0.728;0.025;0.056;0.006;0.003;0.003;0.178;
9606;0.896;0.025;0.030;0.015;0.006;0.004;0.024;
9710;0.840;0.017;0.061;0.008;0.003;0.002;0.069;
9868;0.797;0.016;0.065;0.006;0.003;0.003;0.110;
10000;0.890;0.020;0.038;0.009;0.014;0.003;0.026;
10105;0.876;0.028;0.035;0.009;0.006;0.004;0.042;
10211;0.866;0.032;0.039;0.007;0.005;0.006;0.045;
10336;0.828;0.027;0.039;0.006;0.007;0.004;0.089;
10464;0.865;0.029;0.027;0.016;0.023;0.009;0.031;
10571;0.869;0.033;0.033;0.012;0.006;0.004;0.043;
10691;0.849;0.044;0.032;0.009;0.010;0.004;0.052;
10799;0.841;0.042;0.034;0.008;0.015;0.006;0.052;
10911;0.796;0.043;0.045;0.009;0.004;0.003;0.101;
11024;0.780;0.015;0.066;0.004;0.003;0.005;0.126;
11131;0.840;0.033;0.036;0.009;0.021;0.007;0.054;
11236;0.810;0.018;0.045;0.009;0.006;0.006;0.106;
11345;0.824;0.049;0.037;0.009;0.006;0.004;0.071;
11472;0.778;0.038;0.047;0.006;0.005;0.005;0.121;
11581;0.877;0.023;0.033;0.013;0.012;0.004;0.039;
11690;0.865;0.044;0.030;0.016;0.009;0.004;0.031;
11802;0.852;0.027;0.041;0.011;0.006;0.004;0.060;
11911;0.875;0.025;0.036;0.013;0.008;0.008;0.035;
12021;0.862;0.036;0.038;0.016;0.007;0.008;0.034;
12128;0.866;0.027;0.034;0.015;0.016;0.006;0.037;
12234;0.864;0.038;0.038;0.014;0.006;0.006;0.034;
12341;0.846;0.036;0.034;0.018;0.006;0.005;0.055;
12447;0.855;0.052;0.026;0.018;0.018;0.007;0.024;
12578;0.875;0.034;0.037;0.012;0.005;0.003;0.035;
12686;0.874;0.045;0.030;0.013;0.007;0.004;0.027;
12795;0.831;0.031;0.039;0.008;0.005;0.007;0.080;
12906;0.813;0.026;0.041;0.006;0.005;0.008;0.102;
13019;0.885;0.029;0.038;0.011;0.004;0.005;0.027;
13128;0.875;0.032;0.034;0.010;0.005;0.004;0.039;
13237;0.862;0.029;0.045;0.009;0.005;0.002;0.048;
13349;0.834;0.038;0.032;0.010;0.018;0.007;0.061;
13497;0.850;0.053;0.030;0.023;0.015;0.005;0.025;
13608;0.879;0.041;0.027;0.018;0.010;0.004;0.022;
13734;0.872;0.033;0.029;0.022;0.014;0.004;0.027;
13842;0.860;0.027;0.033;0.014;0.008;0.004;0.054;
13952;0.885;0.021;0.032;0.016;0.006;0.004;0.036;
14057;0.870;0.016;0.049;0.011;0.003;0.003;0.048;
14164;0.842;0.017;0.049;0.005;0.004;0.006;0.077;
14328;0.861;0.025;0.034;0.022;0.019;0.003;0.035;
14455;0.866;0.041;0.033;0.015;0.013;0.006;0.026;
14560;0.809;0.026;0.046;0.004;0.005;0.012;0.098;
14666;0.819;0.025;0.042;0.006;0.008;0.005;0.095;
14773;0.856;0.039;0.034;0.006;0.014;0.011;0.040;
14918;0.850;0.019;0.046;0.020;0.006;0.003;0.057;
15031;0.878;0.023;0.040;0.020;0.011;0.003;0.025;
15136;0.844;0.040;0.025;0.018;0.023;0.007;0.043;
15307;0.854;0.030;0.037;0.015;0.007;0.003;0.054;
15414;0.888;0.022;0.033;0.016;0.016;0.004;0.022;
15521;0.880;0.017;0.045;0.011;0.004;0.003;0.041;
15630;0.869;0.029;0.035;0.014;0.009;0.006;0.039;
15739;0.841;0.046;0.027;0.018;0.031;0.006;0.030;
15856;0.845;0.044;0.029;0.026;0.018;0.005;0.034;
15960;0.850;0.019;0.042;0.009;0.006;0.005;0.070;
16087;0.855;0.021;0.055;0.013;0.003;0.002;0.052;
16194;0.871;0.025;0.040;0.018;0.007;0.002;0.037;
16299;0.830;0.032;0.036;0.011;0.007;0.004;0.080;
16404;0.871;0.031;0.038;0.013;0.005;0.008;0.034;
16513;0.855;0.029;0.025;0.021;0.029;0.008;0.033;
16619;0.858;0.023;0.041;0.012;0.009;0.004;0.052;
16734;0.782;0.028;0.048;0.006;0.004;0.005;0.127;
16843;0.850;0.028;0.033;0.014;0.014;0.005;0.056;
16949;0.840;0.038;0.036;0.018;0.023;0.007;0.038;
17059;0.769;0.029;0.049;0.008;0.003;0.008;0.133;
17186;0.815;0.028;0.044;0.005;0.006;0.008;0.095;
17294;0.852;0.016;0.050;0.009;0.003;0.003;0.066;
17401;0.738;0.037;0.044;0.003;0.004;0.009;0.163;
17511;0.858;0.036;0.038;0.005;0.005;0.006;0.052;
17616;0.857;0.031;0.040;0.006;0.005;0.007;0.054;
17725;0.876;0.019;0.043;0.009;0.008;0.005;0.040;
17832;0.804;0.015;0.063;0.005;0.001;0.006;0.105;
17938;0.884;0.025;0.034;0.015;0.008;0.004;0.029;
18044;0.865;0.025;0.042;0.008;0.006;0.004;0.051;
18194;0.875;0.015;0.047;0.011;0.004;0.002;0.045;
18327;0.860;0.019;0.040;0.012;0.006;0.004;0.060;
18450;0.853;0.026;0.045;0.009;0.009;0.007;0.051;
18559;0.830;0.042;0.039;0.006;0.007;0.005;0.071;
18666;0.854;0.023;0.043;0.011;0.008;0.003;0.059;
18776;0.890;0.015;0.044;0.010;0.005;0.004;0.033;
18889;0.850;0.023;0.046;0.011;0.014;0.003;0.053;
18999;0.866;0.018;0.045;0.018;0.004;0.005;0.045;
19163;0.846;0.016;0.057;0.006;0.003;0.006;0.066;
19268;0.767;0.019;0.063;0.005;0.003;0.003;0.139;
19376;0.855;0.011;0.056;0.011;0.006;0.003;0.058;
19504;0.871;0.012;0.048;0.012;0.003;0.003;0.050;
19612;0.866;0.018;0.032;0.016;0.026;0.006;0.036;
19720;0.795;0.018;0.067;0.022;0.004;0.007;0.087;
19827;0.820;0.012;0.063;0.012;0.004;0.003;0.086;
19933;0.882;0.024;0.035;0.018;0.011;0.003;0.026;
20042;0.840;0.010;0.070;0.014;0.003;0.004;0.060;
20150;0.853;0.017;0.043;0.009;0.007;0.007;0.065;
20258;0.841;0.019;0.051;0.008;0.003;0.003;0.074;
20431;0.836;0.020;0.048;0.008;0.004;0.005;0.079;
20538;0.853;0.024;0.051;0.011;0.007;0.002;0.052;
20661;0.838;0.020;0.053;0.011;0.005;0.003;0.071;
20769;0.857;0.011;0.056;0.014;0.004;0.005;0.053;
20876;0.848;0.023;0.048;0.006;0.004;0.005;0.065;
20986;0.878;0.023;0.050;0.007;0.007;0.005;0.030;
21094;0.835;0.040;0.042;0.007;0.018;0.007;0.051;
21200;0.850;0.043;0.032;0.010;0.024;0.005;0.035;
21308;0.853;0.027;0.042;0.007;0.007;0.006;0.058;
21414;0.806;0.026;0.048;0.009;0.011;0.011;0.090;
21520;0.783;0.014;0.060;0.007;0.003;0.004;0.130;
21629;0.870;0.026;0.044;0.007;0.005;0.004;0.044;
21755;0.852;0.024;0.052;0.007;0.004;0.007;0.054;
21863;0.855;0.015;0.040;0.014;0.020;0.005;0.051;
21969;0.844;0.024;0.038;0.017;0.008;0.003;0.066;
22078;0.855;0.018;0.049;0.012;0.004;0.004;0.059;
22184;0.870;0.026;0.043;0.011;0.006;0.005;0.038;
22291;0.813;0.018;0.062;0.009;0.004;0.005;0.090;
22398;0.849;0.027;0.052;0.012;0.002;0.003;0.054;
22539;0.830;0.014;0.048;0.021;0.007;0.002;0.078;
22650;0.856;0.029;0.033;0.029;0.010;0.002;0.041;
22762;0.816;0.028;0.047;0.017;0.006;0.003;0.082;
22890;0.709;0.014;0.068;0.010;0.003;0.003;0.193;
23001;0.846;0.022;0.050;0.015;0.005;0.003;0.060;
23115;0.866;0.020;0.051;0.009;0.004;0.003;0.048;
23222;0.851;0.013;0.051;0.012;0.007;0.003;0.064;
23329;0.852;0.019;0.040;0.015;0.009;0.004;0.061;
23441;0.681;0.021;0.063;0.010;0.003;0.003;0.219;
23632;0.810;0.021;0.055;0.009;0.006;0.002;0.096;
23744;0.782;0.013;0.054;0.009;0.003;0.004;0.135;
23854;0.770;0.017;0.061;0.013;0.005;0.002;0.132;
23964;0.688;0.017;0.074;0.013;0.002;0.002;0.204;
24091;0.831;0.022;0.042;0.010;0.006;0.006;0.084;
24198;0.813;0.027;0.045;0.017;0.005;0.003;0.091;
24307;0.772;0.018;0.052;0.014;0.003;0.003;0.139;
24415;0.721;0.022;0.064;0.007;0.007;0.004;0.175;
24521;0.819;0.018;0.052;0.011;0.005;0.004;0.092;
24628;0.826;0.028;0.039;0.007;0.019;0.011;0.070;
24739;0.812;0.032;0.046;0.008;0.016;0.003;0.083;
24846;0.850;0.014;0.045;0.012;0.005;0.004;0.071;
24962;0.661;0.013;0.081;0.007;0.004;0.003;0.233;
25068;0.817;0.017;0.062;0.009;0.004;0.005;0.086;
25196;0.841;0.016;0.048;0.018;0.005;0.002;0.070;
25301;0.865;0.018;0.038;0.012;0.008;0.004;0.055;
25410;0.819;0.023;0.052;0.006;0.008;0.003;0.090;
25519;0.732;0.023;0.055;0.004;0.003;0.007;0.177;
25627;0.752;0.027;0.048;0.007;0.012;0.006;0.149;
25738;0.773;0.021;0.052;0.008;0.004;0.005;0.137;
25848;0.814;0.017;0.048;0.004;0.004;0.005;0.108;
25953;0.811;0.026;0.040;0.009;0.007;0.004;0.102;
26060;0.836;0.021;0.054;0.012;0.004;0.002;0.071;
26170;0.854;0.022;0.042;0.006;0.006;0.004;0.065;
26318;0.820;0.028;0.053;0.006;0.002;0.004;0.088;
26426;0.763;0.018;0.058;0.005;0.003;0.006;0.147;
26533;0.801;0.021;0.051;0.010;0.011;0.004;0.102;
26642;0.742;0.021;0.053;0.004;0.004;0.007;0.170;
26751;0.795;0.038;0.042;0.004;0.005;0.007;0.110;
26863;0.645;0.036;0.068;0.009;0.003;0.003;0.237;
26975;0.819;0.027;0.046;0.010;0.006;0.004;0.088;
27080;0.837;0.017;0.051;0.008;0.004;0.003;0.080;
27187;0.837;0.027;0.040;0.018;0.013;0.003;0.062;
27295;0.809;0.021;0.043;0.008;0.006;0.006;0.107;
27475;0.840;0.032;0.040;0.015;0.014;0.003;0.057;
27604;0.786;0.023;0.051;0.006;0.004;0.004;0.125;
27717;0.823;0.022;0.046;0.006;0.005;0.005;0.092;
27827;0.749;0.017;0.052;0.007;0.004;0.004;0.168;
27935;0.784;0.021;0.048;0.010;0.004;0.005;0.128;
28043;0.812;0.025;0.041;0.010;0.010;0.004;0.099;
28153;0.833;0.025;0.036;0.014;0.019;0.003;0.070;
28264;0.771;0.033;0.048;0.009;0.010;0.005;0.124;
28419;0.834;0.026;0.034;0.011;0.022;0.005;0.068;
28530;0.806;0.023;0.054;0.005;0.003;0.007;0.103;
28655;0.841;0.043;0.029;0.009;0.021;0.005;0.052;
28768;0.853;0.019;0.042;0.005;0.004;0.005;0.072;
28882;0.771;0.035;0.039;0.007;0.011;0.005;0.132;
28998;0.835;0.023;0.045;0.010;0.004;0.006;0.078;
29109;0.828;0.036;0.039;0.011;0.011;0.004;0.070;
29221;0.862;0.022;0.043;0.006;0.005;0.007;0.054;
29334;0.733;0.024;0.049;0.006;0.008;0.006;0.174;
29445;0.725;0.030;0.050;0.006;0.003;0.006;0.180;
29554;0.813;0.038;0.036;0.008;0.014;0.006;0.084;
29666;0.695;0.024;0.063;0.007;0.003;0.004;0.205;
29800;0.788;0.019;0.051;0.011;0.005;0.003;0.122;
29935;0.806;0.026;0.046;0.013;0.007;0.004;0.099;
