114;0.026;0.003;0.944;0.007;0.000;0.002;0.018;
188;0.092;0.009;0.839;0.027;0.003;0.006;0.025;
241;0.066;0.008;0.843;0.030;0.003;0.007;0.044;
346;0.061;0.007;0.853;0.026;0.002;0.006;0.044;
418;0.072;0.011;0.767;0.042;0.003;0.013;0.093;
476;0.058;0.007;0.864;0.022;0.002;0.006;0.042;
589;0.062;0.006;0.869;0.020;0.002;0.005;0.038;
665;0.107;0.011;0.780;0.039;0.003;0.006;0.055;
721;0.100;0.007;0.808;0.031;0.001;0.004;0.050;
836;0.079;0.005;0.851;0.024;0.001;0.003;0.037;
920;0.090;0.007;0.857;0.024;0.002;0.003;0.017;
982;0.093;0.006;0.856;0.025;0.002;0.003;0.016;
1072;0.100;0.007;0.846;0.027;0.002;0.003;0.015;
1144;0.094;0.008;0.848;0.025;0.002;0.004;0.020;
1203;0.072;0.004;0.874;0.020;0.001;0.002;0.027;
1296;0.034;0.001;0.952;0.008;0.000;0.001;0.004;
1365;0.043;0.002;0.942;0.009;0.000;0.001;0.003;
1423;0.026;0.002;0.964;0.004;0.000;0.001;0.004;
1515;0.026;0.002;0.963;0.003;0.000;0.001;0.004;
1597;0.036;0.002;0.951;0.007;0.000;0.001;0.003;
1648;0.056;0.003;0.919;0.012;0.001;0.001;0.008;
1737;0.051;0.003;0.921;0.013;0.000;0.001;0.011;
1809;0.061;0.003;0.907;0.015;0.000;0.001;0.012;
1860;0.060;0.002;0.919;0.013;0.000;0.001;0.005;
1951;0.056;0.003;0.916;0.014;0.000;0.001;0.010;
2014;0.039;0.003;0.945;0.008;0.000;0.001;0.004;
2066;0.066;0.002;0.909;0.015;0.000;0.001;0.006;
2155;0.033;0.002;0.955;0.007;0.000;0.001;0.002;
2227;0.039;0.002;0.947;0.009;0.000;0.000;0.002;
2296;0.038;0.002;0.948;0.008;0.000;0.001;0.004;
2387;0.021;0.002;0.971;0.003;0.000;0.000;0.002;
2457;0.030;0.002;0.956;0.006;0.000;0.001;0.005;
2506;0.024;0.002;0.963;0.004;0.000;0.001;0.006;
2596;0.032;0.003;0.942;0.008;0.000;0.002;0.013;
2664;0.042;0.004;0.908;0.012;0.001;0.003;0.029;
2718;0.040;0.004;0.897;0.010;0.001;0.003;0.045;
2816;0.050;0.006;0.876;0.016;0.001;0.005;0.046;
2890;0.036;0.004;0.912;0.007;0.001;0.004;0.036;
2946;0.063;0.007;0.873;0.019;0.001;0.004;0.033;
3060;0.055;0.008;0.844;0.029;0.003;0.005;0.055;
3126;0.055;0.005;0.899;0.014;0.001;0.003;0.022;
3178;0.078;0.008;0.843;0.026;0.003;0.005;0.037;
3278;0.094;0.011;0.810;0.033;0.004;0.006;0.042;
3344;0.054;0.005;0.914;0.011;0.001;0.002;0.013;
3397;0.081;0.007;0.866;0.021;0.002;0.004;0.020;
3483;0.058;0.007;0.864;0.021;0.002;0.006;0.042;
3547;0.040;0.004;0.905;0.010;0.001;0.004;0.036;
3602;0.034;0.003;0.923;0.008;0.001;0.003;0.028;
3692;0.024;0.002;0.954;0.005;0.000;0.002;0.013;
3769;0.020;0.002;0.960;0.004;0.000;0.001;0.012;
3819;0.032;0.003;0.936;0.009;0.000;0.002;0.018;
3906;0.063;0.006;0.836;0.028;0.002;0.004;0.061;
3969;0.114;0.007;0.805;0.036;0.002;0.004;0.032;
4019;0.088;0.007;0.865;0.021;0.002;0.004;0.014;
4109;0.097;0.007;0.848;0.025;0.002;0.004;0.016;
4176;0.126;0.008;0.810;0.036;0.003;0.004;0.013;
4228;0.053;0.003;0.922;0.011;0.001;0.002;0.008;
4309;0.054;0.003;0.921;0.011;0.001;0.002;0.008;
4365;0.069;0.003;0.898;0.016;0.000;0.002;0.011;
4429;0.058;0.004;0.920;0.013;0.001;0.001;0.004;
4511;0.091;0.004;0.871;0.023;0.001;0.002;0.007;
4569;0.055;0.005;0.922;0.012;0.001;0.001;0.004;
4621;0.082;0.006;0.885;0.019;0.001;0.002;0.005;
4703;0.061;0.004;0.916;0.014;0.001;0.001;0.003;
4763;0.070;0.004;0.903;0.017;0.001;0.002;0.004;
4813;0.064;0.004;0.909;0.013;0.001;0.002;0.008;
4893;0.036;0.002;0.946;0.007;0.000;0.001;0.007;
4950;0.060;0.004;0.914;0.011;0.001;0.002;0.009;
4999;0.059;0.004;0.918;0.010;0.001;0.002;0.006;
5095;0.079;0.006;0.881;0.017;0.002;0.003;0.013;
5155;0.055;0.004;0.916;0.011;0.001;0.002;0.011;
5207;0.097;0.008;0.850;0.025;0.003;0.004;0.013;
5297;0.089;0.010;0.824;0.030;0.004;0.005;0.038;
5361;0.090;0.007;0.851;0.025;0.002;0.003;0.022;
5405;0.067;0.005;0.883;0.018;0.001;0.002;0.024;
5482;0.104;0.010;0.777;0.041;0.003;0.005;0.059;
5541;0.099;0.014;0.771;0.046;0.005;0.006;0.060;
5597;0.128;0.019;0.680;0.070;0.007;0.010;0.087;
5674;0.142;0.017;0.700;0.062;0.006;0.010;0.062;
5747;0.142;0.017;0.678;0.069;0.006;0.009;0.079;
5798;0.125;0.016;0.726;0.061;0.005;0.008;0.059;
5874;0.142;0.019;0.663;0.081;0.007;0.011;0.079;
5931;0.139;0.016;0.645;0.070;0.005;0.010;0.115;
5978;0.142;0.021;0.534;0.102;0.008;0.016;0.177;
6065;0.146;0.023;0.579;0.103;0.009;0.016;0.124;
6121;0.136;0.018;0.574;0.071;0.006;0.014;0.181;
6171;0.069;0.010;0.767;0.033;0.003;0.010;0.109;
6260;0.085;0.012;0.732;0.039;0.004;0.014;0.114;
6318;0.113;0.018;0.645;0.073;0.006;0.017;0.128;
6382;0.105;0.016;0.641;0.074;0.006;0.014;0.144;
6472;0.117;0.019;0.603;0.093;0.007;0.015;0.146;
6534;0.063;0.010;0.789;0.037;0.003;0.010;0.088;
6589;0.059;0.010;0.760;0.038;0.003;0.014;0.115;
6667;0.073;0.012;0.684;0.050;0.004;0.016;0.161;
6722;0.076;0.011;0.751;0.042;0.003;0.013;0.105;
6769;0.085;0.016;0.638;0.077;0.006;0.025;0.153;
6851;0.066;0.012;0.690;0.035;0.004;0.025;0.169;
6911;0.051;0.008;0.790;0.021;0.002;0.012;0.116;
6959;0.037;0.006;0.829;0.012;0.001;0.013;0.101;
7062;0.057;0.009;0.745;0.035;0.003;0.016;0.135;
7119;0.074;0.011;0.755;0.039;0.003;0.014;0.103;
7167;0.066;0.011;0.716;0.039;0.003;0.018;0.146;
7242;0.067;0.010;0.744;0.036;0.003;0.015;0.125;
7301;0.062;0.009;0.815;0.029;0.002;0.007;0.075;
7347;0.103;0.014;0.726;0.055;0.005;0.010;0.087;
7425;0.104;0.014;0.719;0.054;0.005;0.011;0.095;
7484;0.132;0.018;0.657;0.074;0.007;0.012;0.100;
7529;0.135;0.021;0.634;0.086;0.007;0.016;0.101;
7608;0.142;0.021;0.620;0.092;0.008;0.023;0.093;
7689;0.469;0.028;0.319;0.141;0.007;0.010;0.026;
7734;0.543;0.025;0.220;0.173;0.006;0.008;0.025;
7814;0.533;0.176;0.053;0.226;0.003;0.002;0.007;
7875;0.584;0.128;0.071;0.208;0.002;0.002;0.006;
7921;0.549;0.139;0.072;0.229;0.002;0.002;0.008;
8002;0.664;0.095;0.082;0.149;0.002;0.002;0.005;
8066;0.570;0.064;0.076;0.278;0.002;0.002;0.006;
8120;0.572;0.086;0.083;0.248;0.002;0.002;0.008;
8200;0.529;0.094;0.058;0.309;0.002;0.002;0.006;
8257;0.428;0.065;0.056;0.444;0.003;0.001;0.003;
8315;0.339;0.069;0.041;0.542;0.002;0.001;0.005;
8393;0.034;0.006;0.031;0.927;0.001;0.000;0.001;
8460;0.109;0.023;0.030;0.835;0.001;0.000;0.002;
8504;0.198;0.030;0.076;0.687;0.003;0.001;0.004;
8577;0.199;0.041;0.041;0.713;0.002;0.001;0.003;
8637;0.086;0.026;0.028;0.857;0.001;0.000;0.002;
8681;0.080;0.021;0.115;0.774;0.003;0.002;0.004;
8758;0.085;0.019;0.052;0.839;0.001;0.001;0.002;
8813;0.122;0.023;0.111;0.734;0.003;0.002;0.005;
8858;0.232;0.034;0.060;0.666;0.003;0.001;0.004;
8944;0.185;0.031;0.076;0.699;0.003;0.001;0.006;
