12;0.350;0.007;0.123;0.003;0.003;0.016;0.498;
793;0.532;0.007;0.114;0.012;0.006;0.013;0.317;
897;0.475;0.007;0.116;0.007;0.006;0.016;0.373;
974;0.367;0.006;0.123;0.012;0.003;0.017;0.471;
1163;0.729;0.017;0.054;0.007;0.008;0.019;0.166;
1258;0.687;0.010;0.085;0.006;0.012;0.021;0.179;
1427;0.774;0.005;0.104;0.005;0.001;0.010;0.101;
1530;0.762;0.005;0.110;0.013;0.001;0.005;0.104;
1661;0.485;0.005;0.115;0.009;0.001;0.007;0.378;
1798;0.607;0.006;0.105;0.014;0.002;0.008;0.259;
1966;0.653;0.007;0.087;0.027;0.003;0.009;0.214;
2064;0.278;0.007;0.086;0.006;0.002;0.010;0.610;
2220;0.694;0.005;0.101;0.009;0.002;0.006;0.183;
2303;0.578;0.007;0.080;0.008;0.006;0.009;0.313;
2467;0.367;0.007;0.090;0.011;0.004;0.009;0.512;
2587;0.636;0.007;0.076;0.029;0.007;0.009;0.236;
2751;0.574;0.005;0.123;0.027;0.002;0.010;0.260;
2884;0.590;0.008;0.090;0.014;0.006;0.012;0.279;
2994;0.522;0.006;0.119;0.070;0.007;0.010;0.267;
3146;0.573;0.006;0.114;0.015;0.002;0.020;0.270;
3251;0.574;0.009;0.099;0.059;0.004;0.035;0.220;
3398;0.584;0.008;0.131;0.035;0.002;0.026;0.215;
3534;0.691;0.007;0.081;0.033;0.002;0.008;0.178;
3679;0.680;0.006;0.104;0.019;0.002;0.011;0.179;
3803;0.590;0.007;0.103;0.015;0.001;0.015;0.269;
3933;0.520;0.006;0.106;0.011;0.001;0.007;0.347;
4030;0.601;0.006;0.110;0.017;0.003;0.015;0.247;
4210;0.619;0.005;0.110;0.019;0.001;0.011;0.234;
4338;0.562;0.007;0.109;0.040;0.002;0.018;0.261;
4467;0.685;0.005;0.100;0.012;0.001;0.006;0.191;
4607;0.503;0.007;0.096;0.027;0.003;0.009;0.356;
4721;0.412;0.005;0.117;0.012;0.003;0.007;0.444;
4858;0.612;0.005;0.102;0.026;0.003;0.005;0.246;
4978;0.679;0.008;0.079;0.010;0.003;0.010;0.211;
5153;0.377;0.006;0.110;0.006;0.003;0.006;0.492;
5263;0.675;0.007;0.077;0.011;0.004;0.015;0.212;
5393;0.572;0.006;0.102;0.013;0.001;0.008;0.298;
5540;0.670;0.005;0.087;0.021;0.002;0.006;0.210;
5668;0.721;0.007;0.088;0.025;0.002;0.010;0.148;
5804;0.676;0.009;0.072;0.046;0.003;0.015;0.178;
5973;0.606;0.006;0.095;0.028;0.003;0.005;0.257;
6070;0.707;0.007;0.090;0.019;0.002;0.011;0.164;
6210;0.766;0.006;0.085;0.021;0.001;0.006;0.114;
6312;0.757;0.007;0.070;0.039;0.007;0.006;0.114;
6480;0.597;0.008;0.083;0.013;0.004;0.021;0.273;
6577;0.748;0.011;0.086;0.014;0.004;0.015;0.124;
6751;0.635;0.008;0.090;0.007;0.002;0.024;0.234;
6858;0.813;0.007;0.081;0.022;0.003;0.006;0.068;
6993;0.760;0.007;0.095;0.015;0.002;0.010;0.111;
7138;0.800;0.006;0.076;0.040;0.002;0.009;0.066;
7251;0.670;0.006;0.099;0.017;0.001;0.010;0.196;
7382;0.418;0.006;0.112;0.011;0.003;0.007;0.443;
7550;0.666;0.005;0.107;0.011;0.001;0.006;0.203;
7646;0.406;0.006;0.126;0.005;0.002;0.009;0.446;
7799;0.530;0.007;0.085;0.008;0.003;0.008;0.359;
7948;0.317;0.007;0.103;0.006;0.002;0.031;0.534;
8036;0.542;0.007;0.092;0.010;0.003;0.018;0.328;
8209;0.659;0.007;0.105;0.011;0.002;0.017;0.199;
8326;0.531;0.007;0.103;0.008;0.002;0.012;0.336;
8477;0.616;0.006;0.105;0.010;0.002;0.007;0.254;
8606;0.738;0.009;0.075;0.011;0.004;0.024;0.140;
8737;0.605;0.007;0.108;0.005;0.001;0.011;0.263;
8830;0.619;0.008;0.091;0.011;0.006;0.013;0.252;
9001;0.474;0.006;0.129;0.010;0.002;0.013;0.367;
9147;0.492;0.006;0.121;0.021;0.002;0.017;0.341;
9263;0.785;0.008;0.077;0.020;0.003;0.007;0.100;
9409;0.778;0.008;0.074;0.028;0.003;0.011;0.099;
9552;0.815;0.006;0.090;0.013;0.003;0.007;0.065;
9660;0.824;0.008;0.059;0.044;0.006;0.007;0.051;
9776;0.737;0.007;0.086;0.045;0.006;0.005;0.114;
9944;0.825;0.009;0.074;0.032;0.005;0.011;0.044;
10063;0.774;0.007;0.074;0.071;0.004;0.010;0.059;
10211;0.736;0.004;0.131;0.007;0.001;0.015;0.106;
10313;0.284;0.011;0.203;0.008;0.006;0.101;0.387;
10469;0.340;0.011;0.160;0.009;0.005;0.125;0.349;
10593;0.671;0.009;0.079;0.009;0.002;0.100;0.130;
10744;0.363;0.010;0.145;0.011;0.005;0.130;0.337;
10893;0.636;0.010;0.081;0.011;0.004;0.131;0.127;
10992;0.737;0.010;0.065;0.016;0.004;0.069;0.100;
11133;0.690;0.007;0.082;0.013;0.002;0.032;0.173;
11238;0.512;0.009;0.111;0.010;0.002;0.098;0.258;
11392;0.700;0.008;0.086;0.021;0.003;0.083;0.099;
11558;0.710;0.007;0.085;0.020;0.002;0.035;0.141;
11652;0.727;0.008;0.081;0.043;0.006;0.025;0.110;
11826;0.767;0.005;0.110;0.045;0.002;0.010;0.062;
11960;0.834;0.006;0.088;0.025;0.001;0.005;0.041;
12069;0.731;0.006;0.080;0.029;0.003;0.012;0.138;
12192;0.629;0.006;0.090;0.015;0.005;0.012;0.243;
12330;0.742;0.007;0.074;0.036;0.004;0.015;0.123;
12492;0.722;0.006;0.092;0.021;0.002;0.009;0.148;
12620;0.674;0.008;0.077;0.020;0.005;0.015;0.201;
12737;0.819;0.008;0.058;0.014;0.004;0.011;0.085;
12831;0.794;0.008;0.066;0.051;0.005;0.014;0.062;
12990;0.769;0.008;0.075;0.064;0.003;0.009;0.073;
13167;0.741;0.007;0.100;0.084;0.002;0.010;0.057;
13262;0.833;0.007;0.071;0.010;0.001;0.010;0.068;
13417;0.678;0.007;0.094;0.009;0.001;0.008;0.204;
13542;0.690;0.006;0.126;0.037;0.001;0.017;0.123;
13639;0.257;0.016;0.405;0.177;0.010;0.078;0.056;
13767;0.026;0.041;0.640;0.167;0.011;0.089;0.025;
13968;0.027;0.149;0.466;0.072;0.007;0.245;0.034;
14075;0.021;0.015;0.267;0.026;0.001;0.617;0.052;
14186;0.009;0.012;0.091;0.014;0.001;0.850;0.023;
14352;0.010;0.128;0.097;0.028;0.003;0.719;0.015;
14442;0.009;0.261;0.106;0.021;0.004;0.582;0.016;
14602;0.011;0.120;0.141;0.018;0.003;0.693;0.014;
14752;0.017;0.013;0.203;0.012;0.001;0.743;0.010;
14869;0.019;0.007;0.121;0.015;0.001;0.824;0.012;
15003;0.105;0.009;0.385;0.032;0.004;0.428;0.038;
15136;0.190;0.014;0.191;0.031;0.002;0.566;0.006;
15248;0.479;0.018;0.157;0.015;0.001;0.326;0.004;
15379;0.645;0.017;0.184;0.014;0.001;0.135;0.004;
15565;0.592;0.021;0.109;0.010;0.001;0.262;0.005;
15659;0.093;0.005;0.082;0.006;0.000;0.803;0.011;
15816;0.035;0.003;0.111;0.005;0.001;0.822;0.023;
15940;0.018;0.003;0.158;0.004;0.001;0.793;0.022;
16030;0.121;0.007;0.524;0.029;0.004;0.232;0.084;
16201;0.493;0.006;0.293;0.042;0.002;0.082;0.082;
16352;0.432;0.008;0.229;0.044;0.004;0.084;0.199;
16470;0.548;0.004;0.263;0.016;0.002;0.058;0.110;
16614;0.498;0.006;0.271;0.060;0.003;0.038;0.124;
16743;0.569;0.004;0.270;0.013;0.002;0.025;0.116;
16845;0.421;0.007;0.164;0.013;0.004;0.104;0.288;
17003;0.398;0.006;0.196;0.024;0.002;0.051;0.324;
17161;0.432;0.007;0.173;0.022;0.002;0.091;0.273;
