1;0.893;0.011;0.073;0.004;0.002;0.001;0.015;
43;0.904;0.015;0.062;0.011;0.004;0.001;0.004;
91;0.880;0.004;0.097;0.003;0.001;0.002;0.013;
132;0.777;0.005;0.153;0.002;0.005;0.001;0.058;
191;0.667;0.002;0.230;0.002;0.002;0.002;0.095;
233;0.618;0.002;0.283;0.006;0.006;0.001;0.085;
279;0.645;0.003;0.268;0.005;0.004;0.002;0.074;
320;0.529;0.002;0.353;0.007;0.004;0.001;0.105;
363;0.488;0.002;0.442;0.031;0.010;0.006;0.021;
410;0.359;0.002;0.572;0.025;0.021;0.010;0.012;
456;0.298;0.001;0.668;0.019;0.003;0.004;0.008;
501;0.119;0.004;0.737;0.119;0.005;0.008;0.008;
547;0.080;0.001;0.874;0.029;0.002;0.003;0.011;
591;0.327;0.002;0.599;0.055;0.011;0.002;0.004;
655;0.283;0.007;0.481;0.136;0.068;0.012;0.013;
699;0.083;0.001;0.878;0.032;0.003;0.001;0.002;
741;0.032;0.002;0.743;0.202;0.003;0.016;0.003;
786;0.032;0.001;0.774;0.187;0.003;0.001;0.002;
828;0.018;0.000;0.549;0.429;0.003;0.000;0.001;
871;0.104;0.002;0.491;0.392;0.008;0.001;0.003;
919;0.357;0.004;0.366;0.258;0.005;0.003;0.006;
965;0.466;0.025;0.203;0.295;0.002;0.002;0.006;
1010;0.715;0.017;0.218;0.045;0.001;0.001;0.003;
1060;0.803;0.025;0.137;0.024;0.000;0.002;0.009;
1123;0.781;0.037;0.114;0.047;0.001;0.001;0.019;
1169;0.842;0.074;0.043;0.023;0.002;0.001;0.016;
1214;0.821;0.115;0.034;0.006;0.001;0.005;0.018;
1261;0.835;0.114;0.019;0.011;0.002;0.003;0.017;
1325;0.876;0.061;0.032;0.016;0.001;0.002;0.012;
1367;0.856;0.089;0.033;0.011;0.002;0.002;0.008;
1414;0.856;0.045;0.060;0.015;0.001;0.001;0.022;
1465;0.913;0.017;0.050;0.006;0.001;0.001;0.013;
1512;0.879;0.025;0.070;0.014;0.002;0.001;0.010;
1555;0.886;0.005;0.087;0.006;0.001;0.000;0.013;
1620;0.891;0.008;0.061;0.002;0.001;0.001;0.036;
1665;0.666;0.013;0.081;0.003;0.004;0.001;0.232;
1711;0.836;0.004;0.100;0.012;0.006;0.001;0.041;
1758;0.728;0.005;0.116;0.011;0.003;0.001;0.135;
1803;0.866;0.004;0.081;0.015;0.007;0.001;0.027;
1849;0.890;0.006;0.061;0.009;0.004;0.001;0.030;
1896;0.854;0.006;0.053;0.010;0.007;0.002;0.068;
1940;0.892;0.007;0.061;0.004;0.003;0.002;0.032;
1986;0.868;0.008;0.068;0.020;0.005;0.001;0.030;
2028;0.899;0.011;0.054;0.015;0.002;0.002;0.018;
2084;0.838;0.008;0.101;0.006;0.001;0.001;0.045;
2130;0.890;0.007;0.078;0.012;0.002;0.000;0.011;
2172;0.771;0.005;0.115;0.006;0.001;0.001;0.102;
2213;0.851;0.005;0.091;0.009;0.004;0.001;0.039;
2262;0.756;0.005;0.131;0.002;0.001;0.001;0.104;
2304;0.803;0.004;0.100;0.006;0.002;0.001;0.083;
2348;0.719;0.005;0.115;0.001;0.001;0.001;0.157;
2394;0.839;0.003;0.109;0.007;0.002;0.001;0.039;
2441;0.702;0.005;0.114;0.007;0.002;0.001;0.170;
2484;0.683;0.007;0.101;0.002;0.001;0.003;0.204;
2544;0.816;0.005;0.107;0.002;0.001;0.002;0.067;
2594;0.600;0.005;0.137;0.002;0.002;0.002;0.252;
2639;0.708;0.004;0.206;0.004;0.001;0.002;0.076;
2684;0.865;0.006;0.067;0.008;0.004;0.002;0.047;
2727;0.842;0.008;0.090;0.003;0.005;0.002;0.050;
2773;0.856;0.005;0.088;0.004;0.001;0.002;0.045;
2817;0.782;0.003;0.146;0.006;0.006;0.001;0.055;
2862;0.727;0.004;0.131;0.002;0.003;0.003;0.130;
2906;0.803;0.004;0.131;0.003;0.001;0.001;0.057;
2949;0.750;0.004;0.152;0.002;0.002;0.003;0.087;
3010;0.754;0.005;0.125;0.001;0.001;0.002;0.111;
3057;0.756;0.004;0.123;0.001;0.001;0.003;0.111;
3101;0.626;0.005;0.117;0.002;0.003;0.007;0.240;
3146;0.776;0.004;0.112;0.002;0.001;0.003;0.103;
3189;0.874;0.005;0.067;0.004;0.004;0.003;0.043;
3238;0.722;0.005;0.110;0.001;0.001;0.005;0.155;
3282;0.558;0.009;0.113;0.003;0.008;0.005;0.304;
3332;0.806;0.006;0.077;0.002;0.002;0.011;0.096;
3376;0.834;0.005;0.091;0.003;0.005;0.006;0.056;
3421;0.844;0.004;0.090;0.003;0.006;0.004;0.049;
3478;0.725;0.004;0.143;0.002;0.006;0.005;0.116;
3520;0.765;0.004;0.101;0.003;0.005;0.002;0.119;
3568;0.644;0.003;0.165;0.002;0.002;0.002;0.182;
3613;0.665;0.004;0.153;0.002;0.006;0.002;0.169;
3655;0.613;0.005;0.125;0.004;0.009;0.004;0.239;
3705;0.541;0.003;0.197;0.001;0.002;0.003;0.253;
3746;0.638;0.003;0.155;0.004;0.005;0.002;0.193;
3796;0.808;0.003;0.107;0.005;0.002;0.001;0.073;
3839;0.814;0.004;0.104;0.002;0.004;0.002;0.070;
3883;0.823;0.004;0.101;0.003;0.003;0.002;0.064;
3946;0.691;0.007;0.112;0.002;0.003;0.002;0.184;
3991;0.549;0.008;0.158;0.004;0.015;0.004;0.262;
4039;0.703;0.003;0.153;0.003;0.009;0.003;0.127;
4083;0.821;0.003;0.115;0.001;0.001;0.002;0.056;
4135;0.858;0.005;0.074;0.007;0.013;0.003;0.039;
4178;0.750;0.005;0.101;0.002;0.004;0.004;0.133;
4227;0.860;0.004;0.075;0.010;0.004;0.003;0.044;
4276;0.655;0.005;0.125;0.001;0.001;0.003;0.209;
4323;0.905;0.004;0.067;0.005;0.005;0.003;0.011;
4369;0.811;0.006;0.102;0.004;0.002;0.002;0.072;
4429;0.745;0.006;0.121;0.001;0.001;0.003;0.123;
4478;0.838;0.005;0.106;0.003;0.001;0.004;0.043;
4524;0.878;0.009;0.064;0.002;0.002;0.008;0.037;
4569;0.881;0.005;0.085;0.009;0.002;0.003;0.015;
4615;0.866;0.006;0.082;0.007;0.008;0.003;0.028;
4660;0.665;0.006;0.128;0.002;0.004;0.006;0.189;
4709;0.838;0.004;0.090;0.002;0.005;0.003;0.057;
4754;0.778;0.004;0.126;0.002;0.002;0.009;0.080;
4801;0.861;0.005;0.102;0.002;0.003;0.003;0.025;
4844;0.757;0.005;0.128;0.002;0.002;0.009;0.098;
4909;0.792;0.004;0.125;0.001;0.005;0.005;0.067;
4952;0.666;0.004;0.139;0.002;0.003;0.009;0.177;
4999;0.443;0.004;0.239;0.003;0.005;0.004;0.302;
5050;0.311;0.006;0.184;0.005;0.005;0.008;0.482;
5095;0.753;0.006;0.112;0.002;0.008;0.003;0.116;
5144;0.654;0.005;0.133;0.002;0.002;0.006;0.198;
5190;0.510;0.004;0.198;0.004;0.006;0.004;0.275;
5237;0.714;0.005;0.145;0.004;0.014;0.004;0.116;
5281;0.845;0.005;0.082;0.004;0.008;0.006;0.051;
5326;0.806;0.004;0.103;0.004;0.010;0.003;0.070;
5386;0.834;0.003;0.086;0.006;0.010;0.005;0.056;
5472;0.756;0.003;0.122;0.014;0.018;0.003;0.084;
5516;0.858;0.003;0.094;0.006;0.003;0.002;0.034;
5565;0.803;0.002;0.134;0.004;0.002;0.004;0.051;
5607;0.834;0.002;0.119;0.003;0.002;0.002;0.037;
5649;0.710;0.003;0.164;0.003;0.004;0.002;0.113;
5691;0.812;0.003;0.124;0.003;0.004;0.002;0.051;
5733;0.775;0.003;0.135;0.007;0.009;0.004;0.065;
5777;0.793;0.004;0.110;0.014;0.018;0.004;0.056;
5821;0.536;0.005;0.188;0.006;0.013;0.012;0.241;
5881;0.512;0.005;0.177;0.006;0.013;0.007;0.279;
5922;0.685;0.003;0.161;0.008;0.005;0.002;0.136;
5965;0.536;0.003;0.202;0.003;0.006;0.002;0.247;
6009;0.587;0.005;0.181;0.005;0.015;0.004;0.203;
6060;0.695;0.002;0.214;0.024;0.008;0.001;0.055;
6103;0.652;0.003;0.188;0.021;0.023;0.002;0.110;
6147;0.662;0.003;0.168;0.008;0.007;0.002;0.149;
6193;0.604;0.003;0.214;0.003;0.006;0.002;0.169;
6240;0.573;0.004;0.214;0.010;0.029;0.001;0.169;
6283;0.480;0.005;0.186;0.018;0.041;0.003;0.267;
6339;0.633;0.006;0.127;0.017;0.039;0.002;0.177;
6387;0.720;0.003;0.149;0.010;0.013;0.003;0.101;
6431;0.766;0.003;0.162;0.007;0.004;0.001;0.058;
6475;0.762;0.004;0.133;0.012;0.027;0.002;0.060;
6520;0.795;0.004;0.117;0.012;0.007;0.004;0.061;
6562;0.747;0.005;0.135;0.014;0.035;0.004;0.059;
6611;0.661;0.006;0.129;0.012;0.042;0.002;0.147;
6653;0.828;0.005;0.079;0.035;0.024;0.002;0.028;
6697;0.757;0.003;0.147;0.011;0.012;0.002;0.068;
6742;0.770;0.003;0.143;0.015;0.019;0.002;0.048;
6801;0.752;0.004;0.139;0.009;0.010;0.004;0.083;
6849;0.726;0.003;0.157;0.007;0.018;0.003;0.086;
6892;0.330;0.009;0.248;0.010;0.025;0.010;0.368;
6939;0.729;0.003;0.180;0.003;0.004;0.001;0.079;
6986;0.635;0.003;0.205;0.002;0.002;0.003;0.150;
7031;0.659;0.003;0.184;0.006;0.010;0.002;0.136;
7078;0.488;0.003;0.250;0.005;0.004;0.003;0.246;
7129;0.639;0.004;0.141;0.007;0.014;0.003;0.191;
7172;0.383;0.007;0.247;0.011;0.020;0.010;0.323;
7220;0.678;0.004;0.171;0.009;0.013;0.002;0.124;
7277;0.668;0.005;0.168;0.005;0.014;0.005;0.134;
7320;0.710;0.004;0.158;0.003;0.007;0.004;0.114;
7364;0.746;0.003;0.141;0.004;0.010;0.003;0.094;
7411;0.562;0.003;0.221;0.012;0.016;0.001;0.186;
7476;0.815;0.003;0.119;0.029;0.007;0.002;0.026;
7523;0.764;0.003;0.139;0.011;0.016;0.002;0.065;
7567;0.746;0.003;0.167;0.016;0.012;0.002;0.056;
7613;0.717;0.003;0.200;0.004;0.006;0.003;0.068;
7656;0.739;0.004;0.159;0.016;0.017;0.003;0.063;
7702;0.816;0.003;0.114;0.010;0.016;0.003;0.038;
7760;0.605;0.004;0.154;0.003;0.007;0.004;0.224;
7804;0.667;0.002;0.236;0.009;0.005;0.001;0.080;
7847;0.561;0.003;0.246;0.002;0.002;0.001;0.185;
8266;0.786;0.003;0.156;0.008;0.003;0.001;0.042;
8309;0.791;0.003;0.152;0.005;0.006;0.001;0.042;
8357;0.729;0.005;0.144;0.010;0.038;0.003;0.071;
8398;0.730;0.004;0.171;0.005;0.013;0.002;0.076;
8442;0.781;0.003;0.129;0.010;0.021;0.001;0.055;
8484;0.792;0.003;0.116;0.028;0.015;0.002;0.044;
8530;0.539;0.004;0.211;0.005;0.008;0.004;0.229;
8589;0.802;0.003;0.138;0.007;0.003;0.002;0.046;
8632;0.789;0.004;0.126;0.006;0.007;0.002;0.067;
8673;0.739;0.004;0.164;0.003;0.005;0.003;0.082;
8721;0.838;0.005;0.109;0.004;0.007;0.002;0.036;
8764;0.810;0.004;0.141;0.004;0.004;0.001;0.036;
8808;0.794;0.005;0.141;0.002;0.002;0.002;0.054;
8851;0.861;0.005;0.093;0.002;0.002;0.006;0.031;
8897;0.858;0.005;0.095;0.003;0.002;0.006;0.031;
8942;0.769;0.004;0.113;0.002;0.002;0.003;0.107;
8990;0.666;0.006;0.142;0.002;0.003;0.012;0.170;
9047;0.864;0.007;0.085;0.004;0.002;0.002;0.036;
9097;0.801;0.005;0.101;0.006;0.010;0.002;0.074;
9138;0.813;0.010;0.075;0.012;0.026;0.003;0.062;
9183;0.876;0.012;0.052;0.008;0.021;0.003;0.028;
9229;0.806;0.006;0.086;0.006;0.017;0.003;0.077;
9276;0.854;0.008;0.051;0.022;0.041;0.003;0.021;
9321;0.857;0.005;0.064;0.016;0.027;0.001;0.029;
9366;0.729;0.008;0.073;0.043;0.096;0.002;0.048;
9411;0.801;0.007;0.085;0.015;0.034;0.003;0.054;
9459;0.766;0.007;0.092;0.014;0.028;0.002;0.091;
9516;0.886;0.009;0.046;0.018;0.014;0.001;0.026;
9557;0.801;0.008;0.083;0.014;0.023;0.002;0.069;
9607;0.775;0.010;0.072;0.011;0.040;0.003;0.088;
9650;0.475;0.005;0.165;0.004;0.009;0.004;0.337;
9699;0.642;0.005;0.125;0.002;0.007;0.003;0.216;
9741;0.768;0.006;0.104;0.003;0.008;0.003;0.107;
9785;0.784;0.008;0.095;0.002;0.005;0.005;0.100;
9828;0.588;0.008;0.141;0.002;0.004;0.005;0.253;
9871;0.707;0.011;0.083;0.002;0.007;0.007;0.183;
9919;0.662;0.007;0.116;0.002;0.005;0.008;0.200;
9980;0.829;0.008;0.083;0.004;0.010;0.005;0.062;
10025;0.705;0.010;0.101;0.001;0.003;0.008;0.172;
10072;0.599;0.009;0.119;0.002;0.006;0.007;0.258;
10116;0.576;0.008;0.114;0.003;0.007;0.002;0.291;
10161;0.740;0.008;0.100;0.005;0.016;0.005;0.126;
10205;0.829;0.007;0.079;0.005;0.015;0.006;0.059;
10248;0.851;0.010;0.064;0.004;0.014;0.006;0.050;
10290;0.824;0.007;0.080;0.005;0.011;0.003;0.070;
10336;0.798;0.008;0.093;0.002;0.006;0.005;0.088;
10379;0.791;0.008;0.101;0.004;0.011;0.008;0.077;
10441;0.810;0.007;0.098;0.002;0.003;0.005;0.074;
10482;0.816;0.005;0.104;0.003;0.006;0.006;0.060;
10529;0.738;0.008;0.091;0.005;0.018;0.003;0.137;
10572;0.776;0.006;0.113;0.004;0.005;0.002;0.094;
10616;0.858;0.009;0.072;0.007;0.017;0.003;0.036;
10662;0.843;0.006;0.088;0.010;0.012;0.002;0.040;
10710;0.818;0.006;0.120;0.002;0.005;0.002;0.048;
10753;0.872;0.006;0.083;0.004;0.007;0.002;0.025;
10802;0.584;0.009;0.155;0.005;0.028;0.006;0.214;
10845;0.702;0.008;0.123;0.003;0.018;0.005;0.140;
10904;0.824;0.007;0.080;0.002;0.004;0.005;0.078;
10948;0.758;0.006;0.102;0.002;0.004;0.003;0.125;
10994;0.709;0.005;0.108;0.003;0.008;0.003;0.163;
11041;0.752;0.008;0.112;0.002;0.010;0.008;0.108;
11086;0.838;0.007;0.092;0.005;0.014;0.004;0.041;
11136;0.816;0.004;0.104;0.010;0.021;0.003;0.043;
11183;0.834;0.007;0.092;0.004;0.014;0.003;0.046;
11229;0.749;0.006;0.113;0.003;0.005;0.003;0.122;
11272;0.809;0.008;0.089;0.003;0.012;0.002;0.077;
11315;0.805;0.008;0.091;0.005;0.011;0.003;0.077;
11373;0.847;0.005;0.088;0.003;0.004;0.004;0.049;
11420;0.845;0.006;0.105;0.008;0.008;0.004;0.024;
11461;0.824;0.007;0.081;0.004;0.013;0.005;0.065;
11508;0.878;0.008;0.073;0.006;0.009;0.002;0.024;
11936;0.872;0.006;0.083;0.003;0.002;0.002;0.033;
11984;0.860;0.006;0.072;0.010;0.023;0.003;0.027;
12027;0.720;0.005;0.130;0.008;0.017;0.004;0.116;
12071;0.824;0.005;0.098;0.006;0.020;0.003;0.044;
12114;0.839;0.006;0.080;0.013;0.026;0.004;0.033;
12158;0.835;0.007;0.074;0.012;0.032;0.003;0.036;
12218;0.837;0.007;0.091;0.012;0.020;0.002;0.033;
12261;0.799;0.005;0.125;0.006;0.015;0.003;0.047;
12305;0.675;0.004;0.164;0.006;0.014;0.001;0.136;
12346;0.702;0.006;0.073;0.063;0.119;0.002;0.035;
12388;0.751;0.005;0.136;0.018;0.049;0.003;0.038;
12432;0.734;0.004;0.152;0.008;0.012;0.002;0.090;
12476;0.826;0.005;0.108;0.011;0.018;0.003;0.029;
12519;0.823;0.005;0.098;0.007;0.029;0.003;0.035;
12561;0.749;0.004;0.145;0.005;0.015;0.002;0.081;
12611;0.846;0.005;0.098;0.012;0.009;0.002;0.028;
12668;0.858;0.004;0.092;0.004;0.007;0.003;0.032;
12711;0.870;0.005;0.086;0.003;0.008;0.003;0.025;
12754;0.882;0.008;0.054;0.021;0.016;0.002;0.017;
12796;0.867;0.012;0.065;0.007;0.017;0.003;0.030;
12839;0.806;0.007;0.105;0.004;0.008;0.002;0.067;
12891;0.807;0.004;0.115;0.008;0.016;0.001;0.049;
12931;0.680;0.004;0.177;0.003;0.011;0.001;0.124;
12978;0.848;0.006;0.083;0.009;0.017;0.001;0.036;
13022;0.904;0.007;0.047;0.008;0.012;0.002;0.020;
13070;0.754;0.005;0.116;0.009;0.013;0.001;0.103;
13125;0.718;0.006;0.146;0.012;0.051;0.002;0.067;
13169;0.838;0.005;0.097;0.012;0.021;0.001;0.027;
13216;0.803;0.006;0.074;0.033;0.064;0.001;0.019;
13261;0.769;0.005;0.103;0.010;0.016;0.001;0.095;
13309;0.748;0.007;0.114;0.005;0.018;0.002;0.106;
13352;0.806;0.006;0.085;0.006;0.012;0.003;0.083;
13396;0.795;0.005;0.094;0.005;0.012;0.002;0.086;
13466;0.788;0.006;0.111;0.002;0.008;0.002;0.084;
13537;0.628;0.007;0.129;0.004;0.015;0.003;0.213;
13584;0.793;0.007;0.086;0.005;0.027;0.003;0.079;
13641;0.872;0.003;0.078;0.010;0.014;0.001;0.022;
13686;0.818;0.005;0.057;0.032;0.058;0.003;0.028;
13730;0.844;0.010;0.040;0.017;0.063;0.003;0.023;
13774;0.831;0.005;0.087;0.010;0.013;0.002;0.053;
13820;0.771;0.006;0.096;0.001;0.002;0.004;0.119;
13865;0.825;0.009;0.074;0.008;0.033;0.005;0.046;
13908;0.838;0.008;0.086;0.006;0.013;0.003;0.046;
13961;0.876;0.008;0.050;0.008;0.027;0.002;0.029;
14005;0.840;0.007;0.072;0.009;0.023;0.003;0.047;
14052;0.805;0.006;0.097;0.007;0.017;0.003;0.066;
14110;0.854;0.005;0.072;0.012;0.014;0.002;0.040;
14157;0.767;0.004;0.141;0.008;0.009;0.001;0.069;
14201;0.805;0.007;0.101;0.003;0.008;0.004;0.072;
14245;0.708;0.005;0.116;0.003;0.014;0.002;0.152;
14293;0.695;0.007;0.119;0.003;0.008;0.007;0.161;
14336;0.854;0.009;0.057;0.012;0.025;0.003;0.040;
14382;0.604;0.009;0.120;0.004;0.016;0.006;0.241;
14426;0.847;0.007;0.068;0.005;0.011;0.003;0.058;
14473;0.800;0.005;0.097;0.002;0.004;0.002;0.089;
14519;0.836;0.007;0.060;0.012;0.035;0.004;0.045;
14574;0.788;0.010;0.075;0.004;0.012;0.008;0.104;
14621;0.826;0.008;0.071;0.007;0.024;0.005;0.059;
14667;0.799;0.005;0.091;0.006;0.017;0.003;0.079;
14713;0.871;0.004;0.078;0.006;0.006;0.002;0.033;
14761;0.804;0.007;0.074;0.003;0.006;0.005;0.100;
14806;0.787;0.005;0.094;0.004;0.014;0.003;0.093;
14851;0.752;0.004;0.122;0.007;0.010;0.002;0.104;
14896;0.841;0.008;0.078;0.005;0.012;0.006;0.049;
14943;0.511;0.006;0.152;0.003;0.005;0.005;0.319;
14991;0.724;0.005;0.102;0.004;0.008;0.003;0.154;
15050;0.701;0.007;0.129;0.005;0.019;0.009;0.130;
15098;0.589;0.007;0.149;0.003;0.012;0.006;0.233;
15140;0.816;0.011;0.058;0.004;0.012;0.004;0.095;
15185;0.749;0.003;0.122;0.006;0.008;0.004;0.108;
15226;0.787;0.004;0.123;0.004;0.003;0.004;0.077;
15273;0.702;0.005;0.162;0.007;0.031;0.004;0.089;
15318;0.786;0.006;0.113;0.004;0.012;0.004;0.075;
15369;0.744;0.005;0.130;0.002;0.010;0.006;0.103;
15411;0.654;0.005;0.145;0.007;0.009;0.003;0.177;
15457;0.705;0.006;0.121;0.003;0.012;0.003;0.150;
15515;0.718;0.005;0.147;0.002;0.007;0.002;0.119;
15557;0.769;0.005;0.140;0.003;0.010;0.003;0.070;
15602;0.779;0.008;0.095;0.008;0.053;0.004;0.052;
15643;0.818;0.008;0.082;0.007;0.034;0.003;0.047;
15689;0.764;0.009;0.101;0.005;0.036;0.006;0.080;
15736;0.730;0.011;0.089;0.006;0.047;0.006;0.112;
15779;0.763;0.006;0.132;0.008;0.024;0.002;0.066;
15829;0.737;0.004;0.162;0.007;0.020;0.002;0.068;
15872;0.779;0.004;0.140;0.012;0.008;0.001;0.057;
15921;0.704;0.002;0.194;0.028;0.007;0.002;0.064;
15979;0.461;0.004;0.243;0.004;0.008;0.003;0.277;
16019;0.809;0.003;0.108;0.030;0.013;0.002;0.034;
16068;0.807;0.003;0.121;0.006;0.006;0.003;0.053;
16112;0.805;0.004;0.125;0.017;0.017;0.003;0.029;
16160;0.702;0.003;0.202;0.010;0.010;0.002;0.070;
16202;0.709;0.002;0.180;0.011;0.008;0.001;0.088;
16245;0.664;0.003;0.190;0.007;0.013;0.003;0.119;
16290;0.739;0.004;0.151;0.008;0.021;0.002;0.076;
16332;0.613;0.003;0.232;0.009;0.016;0.002;0.125;
16377;0.638;0.004;0.212;0.026;0.045;0.002;0.073;
16434;0.784;0.003;0.148;0.011;0.006;0.001;0.047;
16476;0.671;0.003;0.203;0.006;0.014;0.002;0.101;
16517;0.722;0.003;0.172;0.007;0.017;0.001;0.077;
16562;0.729;0.003;0.175;0.005;0.010;0.003;0.075;
16608;0.683;0.003;0.177;0.013;0.013;0.003;0.107;
16651;0.753;0.002;0.169;0.009;0.007;0.002;0.058;
16694;0.719;0.002;0.160;0.012;0.008;0.003;0.095;
16742;0.819;0.003;0.111;0.016;0.011;0.004;0.035;
16783;0.734;0.002;0.172;0.011;0.007;0.001;0.073;
16831;0.691;0.002;0.217;0.018;0.007;0.001;0.064;
16886;0.738;0.002;0.158;0.010;0.010;0.002;0.080;
16933;0.804;0.002;0.138;0.011;0.007;0.001;0.037;
16977;0.788;0.003;0.136;0.006;0.007;0.002;0.058;
17024;0.778;0.002;0.155;0.010;0.006;0.001;0.048;
17071;0.560;0.004;0.184;0.005;0.006;0.002;0.239;
17115;0.725;0.003;0.182;0.004;0.005;0.002;0.079;
17158;0.777;0.004;0.124;0.016;0.028;0.004;0.049;
17203;0.647;0.004;0.180;0.003;0.005;0.004;0.159;
17246;0.796;0.004;0.127;0.011;0.009;0.004;0.050;
17289;0.708;0.004;0.131;0.002;0.003;0.003;0.149;
17344;0.750;0.004;0.143;0.002;0.002;0.006;0.092;
17386;0.671;0.006;0.158;0.004;0.009;0.007;0.146;
17432;0.816;0.003;0.136;0.007;0.004;0.002;0.032;
17476;0.829;0.005;0.097;0.017;0.011;0.001;0.040;
17521;0.851;0.007;0.061;0.007;0.024;0.005;0.045;
17571;0.603;0.007;0.140;0.004;0.014;0.003;0.229;
17616;0.744;0.006;0.121;0.003;0.010;0.003;0.113;
17660;0.848;0.005;0.088;0.005;0.005;0.002;0.046;
17705;0.653;0.008;0.122;0.007;0.035;0.003;0.172;
17750;0.818;0.005;0.108;0.006;0.010;0.001;0.051;
17813;0.817;0.005;0.103;0.010;0.004;0.001;0.060;
17860;0.789;0.007;0.114;0.003;0.010;0.002;0.075;
17907;0.474;0.007;0.162;0.003;0.008;0.004;0.341;
17951;0.771;0.005;0.115;0.003;0.008;0.001;0.096;
17998;0.795;0.004;0.121;0.002;0.001;0.001;0.076;
18042;0.861;0.005;0.085;0.009;0.010;0.002;0.029;
18089;0.797;0.006;0.102;0.006;0.015;0.003;0.072;
18131;0.770;0.005;0.126;0.004;0.010;0.004;0.082;
18180;0.726;0.005;0.149;0.003;0.004;0.002;0.112;
18223;0.472;0.006;0.152;0.003;0.005;0.005;0.358;
18281;0.737;0.004;0.128;0.005;0.004;0.002;0.120;
18331;0.764;0.003;0.156;0.005;0.008;0.001;0.062;
18379;0.726;0.004;0.147;0.003;0.004;0.001;0.116;
18425;0.797;0.008;0.103;0.006;0.010;0.002;0.075;
18469;0.789;0.005;0.133;0.005;0.004;0.001;0.064;
18516;0.615;0.003;0.180;0.005;0.007;0.001;0.189;
18561;0.647;0.003;0.169;0.004;0.007;0.001;0.169;
18607;0.828;0.005;0.095;0.010;0.018;0.002;0.043;
18657;0.766;0.003;0.153;0.009;0.016;0.002;0.051;
18703;0.728;0.003;0.183;0.013;0.008;0.001;0.064;
18759;0.821;0.005;0.110;0.004;0.005;0.001;0.053;
18804;0.784;0.004;0.132;0.005;0.008;0.001;0.066;
18850;0.767;0.005;0.133;0.006;0.017;0.002;0.070;
18892;0.724;0.008;0.130;0.009;0.040;0.001;0.088;
18932;0.783;0.005;0.100;0.011;0.011;0.002;0.087;
18980;0.827;0.006;0.086;0.012;0.012;0.001;0.055;
19023;0.733;0.007;0.126;0.002;0.005;0.004;0.123;
19067;0.631;0.006;0.130;0.003;0.006;0.002;0.222;
19111;0.865;0.007;0.069;0.008;0.004;0.002;0.045;
19152;0.787;0.004;0.142;0.007;0.004;0.001;0.056;
19210;0.794;0.004;0.129;0.006;0.007;0.002;0.058;
19254;0.738;0.007;0.119;0.016;0.053;0.002;0.067;
19299;0.792;0.007;0.074;0.027;0.068;0.002;0.030;
19345;0.838;0.005;0.085;0.019;0.025;0.002;0.026;
19391;0.856;0.009;0.070;0.008;0.030;0.003;0.024;
19470;0.717;0.004;0.176;0.003;0.008;0.002;0.090;
19534;0.803;0.004;0.143;0.007;0.013;0.002;0.028;
19576;0.614;0.003;0.203;0.007;0.011;0.002;0.161;
19622;0.717;0.004;0.152;0.003;0.003;0.003;0.117;
19664;0.792;0.005;0.105;0.005;0.007;0.003;0.083;
19725;0.751;0.004;0.127;0.002;0.001;0.003;0.113;
19769;0.762;0.005;0.103;0.003;0.004;0.002;0.121;
19813;0.391;0.005;0.180;0.003;0.002;0.008;0.410;
19856;0.477;0.006;0.160;0.003;0.005;0.008;0.342;
19899;0.633;0.004;0.169;0.002;0.006;0.003;0.183;
19940;0.562;0.008;0.164;0.003;0.011;0.005;0.248;
19987;0.810;0.004;0.124;0.003;0.005;0.003;0.052;
20028;0.830;0.005;0.094;0.004;0.014;0.005;0.047;
20070;0.789;0.005;0.116;0.006;0.010;0.003;0.070;
20117;0.751;0.005;0.129;0.003;0.007;0.006;0.099;
20177;0.755;0.005;0.149;0.005;0.011;0.007;0.068;
20217;0.744;0.003;0.146;0.003;0.004;0.003;0.096;
20264;0.590;0.004;0.164;0.002;0.005;0.003;0.232;
20307;0.775;0.003;0.154;0.004;0.006;0.001;0.056;
20355;0.725;0.003;0.171;0.003;0.007;0.002;0.089;
20399;0.858;0.007;0.075;0.005;0.011;0.002;0.042;
20443;0.816;0.007;0.094;0.014;0.022;0.002;0.045;
20492;0.886;0.011;0.059;0.006;0.012;0.005;0.021;
20534;0.762;0.006;0.139;0.005;0.018;0.004;0.066;
20577;0.825;0.006;0.101;0.006;0.015;0.003;0.045;
20639;0.757;0.005;0.108;0.003;0.005;0.002;0.119;
20682;0.783;0.006;0.128;0.002;0.008;0.002;0.072;
20726;0.772;0.004;0.146;0.003;0.003;0.002;0.070;
20769;0.781;0.004;0.123;0.005;0.012;0.001;0.073;
21196;0.616;0.004;0.166;0.003;0.005;0.002;0.205;
21240;0.781;0.005;0.125;0.004;0.007;0.002;0.076;
21286;0.611;0.005;0.133;0.005;0.006;0.003;0.237;
21334;0.693;0.005;0.116;0.007;0.010;0.002;0.166;
21379;0.789;0.004;0.120;0.012;0.015;0.001;0.059;
21425;0.820;0.004;0.091;0.020;0.013;0.002;0.050;
21512;0.790;0.004;0.133;0.006;0.008;0.004;0.054;
21574;0.881;0.006;0.070;0.010;0.007;0.002;0.025;
21625;0.647;0.005;0.177;0.003;0.011;0.003;0.154;
21668;0.786;0.004;0.139;0.007;0.004;0.001;0.058;
21710;0.811;0.005;0.102;0.012;0.007;0.001;0.063;
21754;0.708;0.006;0.140;0.005;0.005;0.001;0.136;
21796;0.853;0.006;0.071;0.018;0.021;0.002;0.030;
21839;0.842;0.005;0.088;0.011;0.013;0.002;0.039;
21880;0.814;0.005;0.098;0.011;0.007;0.001;0.064;
21927;0.751;0.007;0.105;0.004;0.008;0.002;0.123;
21983;0.544;0.006;0.141;0.006;0.013;0.004;0.286;
22028;0.778;0.004;0.123;0.011;0.017;0.001;0.066;
22074;0.744;0.004;0.147;0.008;0.004;0.001;0.092;
22117;0.782;0.003;0.122;0.008;0.004;0.001;0.079;
22166;0.800;0.007;0.104;0.013;0.010;0.002;0.065;
22205;0.791;0.004;0.129;0.018;0.016;0.001;0.040;
22248;0.760;0.006;0.101;0.016;0.024;0.002;0.091;
22292;0.638;0.005;0.177;0.011;0.033;0.003;0.132;
22336;0.816;0.003;0.105;0.021;0.008;0.001;0.045;
22379;0.723;0.005;0.125;0.004;0.004;0.002;0.137;
22439;0.809;0.005;0.097;0.021;0.020;0.001;0.047;
22480;0.551;0.005;0.183;0.008;0.014;0.001;0.238;
22522;0.695;0.003;0.161;0.023;0.017;0.001;0.100;
22568;0.594;0.005;0.172;0.005;0.015;0.003;0.206;
22614;0.807;0.004;0.092;0.025;0.023;0.002;0.047;
22663;0.757;0.004;0.117;0.019;0.005;0.001;0.097;
22708;0.792;0.005;0.122;0.007;0.006;0.001;0.067;
22749;0.860;0.008;0.066;0.008;0.026;0.003;0.029;
22790;0.848;0.008;0.065;0.021;0.032;0.002;0.024;
22837;0.800;0.006;0.112;0.005;0.011;0.002;0.063;
22901;0.807;0.008;0.085;0.005;0.010;0.002;0.081;
22944;0.760;0.010;0.099;0.003;0.015;0.002;0.111;
22993;0.846;0.011;0.063;0.009;0.020;0.002;0.048;
23035;0.829;0.008;0.091;0.006;0.013;0.003;0.049;
23077;0.854;0.008;0.079;0.013;0.022;0.002;0.023;
23121;0.793;0.007;0.085;0.005;0.014;0.002;0.094;
23167;0.790;0.006;0.119;0.002;0.005;0.003;0.075;
23210;0.735;0.007;0.120;0.004;0.011;0.003;0.120;
23254;0.728;0.004;0.171;0.008;0.004;0.001;0.083;
23302;0.779;0.004;0.126;0.004;0.006;0.004;0.076;
23363;0.579;0.005;0.169;0.003;0.006;0.006;0.231;
23405;0.858;0.006;0.097;0.007;0.008;0.001;0.022;
23477;0.793;0.006;0.113;0.003;0.007;0.003;0.074;
23519;0.768;0.006;0.109;0.006;0.012;0.002;0.097;
23566;0.859;0.010;0.075;0.005;0.011;0.005;0.036;
23613;0.758;0.004;0.160;0.007;0.012;0.001;0.058;
23658;0.730;0.006;0.133;0.009;0.034;0.002;0.086;
23702;0.835;0.005;0.092;0.006;0.008;0.002;0.051;
23745;0.743;0.008;0.091;0.003;0.003;0.003;0.149;
23792;0.715;0.006;0.114;0.002;0.006;0.004;0.152;
23852;0.772;0.005;0.108;0.002;0.004;0.003;0.107;
23893;0.753;0.005;0.117;0.005;0.015;0.005;0.099;
23939;0.803;0.006;0.093;0.002;0.003;0.002;0.090;
23989;0.859;0.008;0.079;0.003;0.005;0.004;0.042;
24036;0.838;0.006;0.093;0.002;0.013;0.005;0.043;
24082;0.857;0.006;0.089;0.005;0.006;0.002;0.035;
24126;0.871;0.005;0.081;0.004;0.010;0.003;0.027;
24170;0.887;0.005;0.052;0.011;0.021;0.002;0.022;
24215;0.861;0.006;0.051;0.023;0.037;0.002;0.021;
24257;0.764;0.005;0.112;0.013;0.035;0.006;0.066;
24317;0.828;0.003;0.099;0.012;0.021;0.002;0.035;
24363;0.736;0.006;0.111;0.012;0.053;0.003;0.078;
24409;0.787;0.005;0.104;0.019;0.052;0.002;0.031;
24455;0.784;0.004;0.125;0.006;0.021;0.004;0.055;
24498;0.787;0.005;0.105;0.015;0.050;0.005;0.033;
24547;0.830;0.004;0.093;0.023;0.025;0.002;0.023;
24589;0.773;0.004;0.117;0.021;0.051;0.002;0.033;
24632;0.735;0.005;0.139;0.010;0.037;0.003;0.072;
24678;0.769;0.003;0.127;0.013;0.023;0.001;0.063;
24721;0.821;0.004;0.103;0.009;0.023;0.002;0.038;
24780;0.835;0.004;0.114;0.010;0.005;0.001;0.031;
24821;0.709;0.002;0.183;0.005;0.009;0.001;0.090;
24865;0.826;0.005;0.096;0.010;0.015;0.001;0.047;
24910;0.665;0.004;0.171;0.004;0.016;0.005;0.134;
24951;0.703;0.005;0.147;0.014;0.039;0.003;0.090;
24994;0.700;0.004;0.166;0.010;0.024;0.002;0.094;
25046;0.642;0.005;0.173;0.013;0.042;0.003;0.122;
25088;0.814;0.004;0.109;0.009;0.019;0.002;0.044;
25139;0.624;0.005;0.159;0.004;0.014;0.004;0.191;
25183;0.769;0.003;0.137;0.004;0.011;0.003;0.073;
25241;0.831;0.003;0.109;0.006;0.010;0.003;0.038;
25285;0.860;0.004;0.095;0.012;0.014;0.001;0.013;
25326;0.640;0.007;0.150;0.004;0.021;0.007;0.172;
25371;0.769;0.005;0.088;0.015;0.047;0.002;0.075;
25415;0.842;0.006;0.076;0.021;0.025;0.007;0.022;
25459;0.832;0.007;0.078;0.014;0.032;0.006;0.031;
25516;0.730;0.006;0.126;0.012;0.049;0.008;0.069;
25564;0.798;0.005;0.075;0.025;0.061;0.003;0.033;
25613;0.803;0.005;0.087;0.020;0.029;0.004;0.053;
25657;0.798;0.005;0.105;0.007;0.021;0.005;0.059;
25714;0.868;0.006;0.045;0.033;0.033;0.001;0.013;
25759;0.776;0.007;0.093;0.011;0.020;0.002;0.093;
25802;0.769;0.005;0.122;0.007;0.020;0.002;0.075;
25848;0.814;0.006;0.089;0.009;0.024;0.002;0.056;
25896;0.835;0.005;0.102;0.011;0.018;0.002;0.028;
25948;0.782;0.005;0.105;0.012;0.021;0.002;0.074;
25994;0.743;0.004;0.129;0.014;0.025;0.002;0.083;
26043;0.812;0.005;0.075;0.020;0.055;0.002;0.032;
26095;0.687;0.008;0.140;0.010;0.062;0.004;0.090;
26141;0.823;0.005;0.091;0.016;0.021;0.001;0.043;
26199;0.796;0.004;0.123;0.009;0.010;0.001;0.057;
26244;0.834;0.003;0.126;0.008;0.004;0.001;0.024;
26290;0.773;0.005;0.103;0.015;0.023;0.002;0.078;
26332;0.843;0.004;0.078;0.016;0.023;0.003;0.033;
26381;0.749;0.006;0.076;0.032;0.052;0.003;0.082;
26425;0.814;0.006;0.088;0.008;0.027;0.003;0.054;
26470;0.762;0.005;0.135;0.007;0.024;0.001;0.065;
26523;0.838;0.007;0.091;0.008;0.014;0.003;0.038;
26569;0.814;0.004;0.097;0.012;0.015;0.001;0.056;
26613;0.808;0.006;0.125;0.003;0.008;0.003;0.049;
26672;0.770;0.005;0.095;0.017;0.036;0.002;0.075;
26720;0.834;0.005;0.071;0.027;0.035;0.002;0.026;
27123;0.685;0.005;0.121;0.023;0.063;0.002;0.101;
27167;0.760;0.005;0.108;0.010;0.035;0.002;0.079;
27215;0.795;0.004;0.134;0.017;0.019;0.001;0.030;
27257;0.732;0.004;0.141;0.005;0.010;0.002;0.107;
27300;0.752;0.006;0.142;0.006;0.031;0.003;0.059;
27342;0.736;0.006;0.125;0.015;0.062;0.002;0.054;
27389;0.778;0.004;0.096;0.035;0.063;0.001;0.022;
27432;0.813;0.004;0.089;0.018;0.036;0.002;0.037;
27491;0.610;0.008;0.121;0.019;0.171;0.004;0.068;
27532;0.669;0.005;0.152;0.004;0.020;0.004;0.146;
27577;0.854;0.007;0.062;0.012;0.038;0.004;0.024;
27621;0.782;0.005;0.090;0.032;0.057;0.002;0.032;
27662;0.758;0.006;0.044;0.055;0.118;0.002;0.017;
27707;0.765;0.007;0.095;0.009;0.062;0.004;0.057;
27750;0.787;0.008;0.067;0.012;0.072;0.005;0.049;
27798;0.852;0.004;0.075;0.023;0.028;0.003;0.015;
27841;0.840;0.005;0.103;0.010;0.019;0.003;0.020;
27891;0.816;0.009;0.075;0.012;0.028;0.002;0.058;
27952;0.853;0.007;0.078;0.004;0.013;0.004;0.041;
27998;0.816;0.008;0.100;0.009;0.005;0.001;0.062;
28046;0.891;0.007;0.058;0.009;0.011;0.002;0.022;
28091;0.828;0.010;0.067;0.011;0.038;0.006;0.040;
28136;0.623;0.012;0.114;0.007;0.048;0.013;0.183;
28178;0.818;0.011;0.071;0.006;0.055;0.003;0.036;
28222;0.871;0.005;0.076;0.010;0.011;0.001;0.026;
28268;0.869;0.006;0.065;0.012;0.019;0.002;0.028;
28310;0.850;0.007;0.065;0.006;0.013;0.002;0.057;
28354;0.841;0.009;0.073;0.005;0.027;0.005;0.041;
28407;0.813;0.008;0.082;0.005;0.017;0.004;0.071;
28449;0.747;0.007;0.108;0.007;0.026;0.011;0.094;
28493;0.863;0.004;0.075;0.012;0.017;0.005;0.023;
28536;0.780;0.007;0.100;0.002;0.009;0.007;0.096;
28579;0.856;0.009;0.061;0.006;0.011;0.005;0.052;
28626;0.730;0.007;0.117;0.002;0.003;0.006;0.135;
28672;0.820;0.010;0.074;0.004;0.006;0.005;0.081;
28717;0.792;0.014;0.077;0.003;0.007;0.003;0.103;
28760;0.798;0.010;0.075;0.003;0.006;0.007;0.101;
28810;0.828;0.009;0.085;0.005;0.008;0.004;0.061;
28867;0.713;0.005;0.133;0.002;0.004;0.004;0.140;
28910;0.718;0.010;0.095;0.003;0.010;0.003;0.161;
28953;0.840;0.007;0.077;0.007;0.007;0.002;0.061;
28996;0.825;0.008;0.060;0.019;0.052;0.003;0.033;
29038;0.805;0.008;0.096;0.006;0.017;0.003;0.066;
29083;0.647;0.007;0.113;0.010;0.032;0.002;0.189;
29124;0.805;0.007;0.088;0.004;0.011;0.003;0.081;
29176;0.760;0.006;0.095;0.006;0.015;0.002;0.116;
29224;0.766;0.005;0.115;0.005;0.012;0.001;0.095;
29268;0.766;0.006;0.108;0.004;0.014;0.002;0.100;
29326;0.813;0.006;0.095;0.008;0.020;0.002;0.055;
29369;0.820;0.006;0.098;0.011;0.021;0.002;0.042;
29415;0.792;0.005;0.111;0.007;0.012;0.003;0.069;
29463;0.859;0.008;0.073;0.006;0.005;0.002;0.046;
29509;0.873;0.012;0.048;0.012;0.012;0.004;0.039;
29556;0.809;0.014;0.099;0.003;0.012;0.006;0.057;
29606;0.796;0.012;0.075;0.007;0.024;0.003;0.083;
29655;0.835;0.009;0.056;0.015;0.055;0.006;0.024;
29704;0.660;0.005;0.192;0.006;0.029;0.004;0.104;
29746;0.813;0.004;0.136;0.007;0.013;0.002;0.025;
29812;0.799;0.007;0.103;0.004;0.017;0.008;0.063;
29853;0.894;0.005;0.073;0.003;0.004;0.003;0.019;
29903;0.877;0.007;0.079;0.002;0.006;0.004;0.024;
29950;0.865;0.011;0.067;0.004;0.011;0.004;0.038;
29998;0.790;0.010;0.098;0.003;0.026;0.008;0.065;
30043;0.866;0.008;0.061;0.004;0.009;0.006;0.045;
30094;0.871;0.011;0.070;0.008;0.012;0.005;0.025;
30139;0.887;0.009;0.056;0.006;0.005;0.002;0.035;
30185;0.827;0.008;0.095;0.006;0.020;0.005;0.040;
30232;0.716;0.005;0.172;0.001;0.004;0.003;0.099;
30292;0.834;0.006;0.095;0.003;0.011;0.002;0.048;
30345;0.729;0.006;0.101;0.004;0.002;0.001;0.157;
30387;0.896;0.006;0.061;0.009;0.009;0.004;0.016;
30434;0.816;0.006;0.114;0.003;0.007;0.002;0.052;
30478;0.839;0.005;0.111;0.001;0.002;0.003;0.039;
30525;0.848;0.009;0.085;0.007;0.024;0.005;0.023;
30577;0.874;0.003;0.076;0.007;0.012;0.003;0.025;
30622;0.762;0.005;0.106;0.008;0.019;0.002;0.099;
30673;0.898;0.004;0.071;0.005;0.009;0.001;0.011;
30717;0.812;0.002;0.136;0.003;0.006;0.001;0.039;
30781;0.599;0.005;0.169;0.004;0.010;0.002;0.212;
30823;0.697;0.005;0.130;0.031;0.069;0.002;0.065;
30870;0.694;0.003;0.165;0.005;0.006;0.001;0.126;
30912;0.704;0.003;0.196;0.003;0.010;0.001;0.083;
30953;0.773;0.004;0.116;0.006;0.018;0.002;0.080;
30998;0.752;0.005;0.143;0.004;0.015;0.002;0.079;
31046;0.800;0.006;0.129;0.005;0.009;0.002;0.050;
31086;0.859;0.005;0.097;0.011;0.007;0.002;0.020;
31129;0.813;0.006;0.135;0.006;0.005;0.001;0.033;
31176;0.800;0.004;0.147;0.007;0.005;0.002;0.037;
31297;0.746;0.004;0.146;0.012;0.024;0.001;0.066;
31384;0.684;0.003;0.157;0.004;0.003;0.001;0.148;
31474;0.818;0.004;0.123;0.009;0.013;0.001;0.033;
31537;0.844;0.006;0.106;0.004;0.004;0.002;0.035;
31581;0.867;0.006;0.086;0.007;0.014;0.002;0.017;
31629;0.802;0.009;0.095;0.008;0.040;0.006;0.040;
31676;0.851;0.009;0.058;0.007;0.019;0.006;0.050;
31723;0.822;0.009;0.095;0.003;0.006;0.008;0.057;
31765;0.845;0.007;0.069;0.008;0.018;0.004;0.049;
31811;0.655;0.007;0.108;0.002;0.002;0.007;0.220;
31869;0.880;0.008;0.055;0.007;0.012;0.003;0.035;
31914;0.768;0.011;0.069;0.006;0.021;0.004;0.121;
31958;0.864;0.010;0.054;0.008;0.014;0.004;0.045;
32003;0.840;0.011;0.063;0.008;0.010;0.006;0.062;
32053;0.800;0.012;0.077;0.005;0.009;0.006;0.091;
32099;0.853;0.013;0.068;0.002;0.004;0.009;0.050;
32145;0.797;0.007;0.096;0.004;0.008;0.002;0.086;
32188;0.789;0.008;0.096;0.004;0.021;0.004;0.078;
32229;0.834;0.009;0.065;0.006;0.007;0.006;0.074;
32276;0.832;0.007;0.080;0.014;0.029;0.003;0.036;
32332;0.842;0.007;0.063;0.017;0.024;0.005;0.042;
32372;0.805;0.008;0.081;0.016;0.037;0.004;0.049;
32421;0.837;0.005;0.081;0.009;0.008;0.004;0.056;
32467;0.751;0.004;0.115;0.016;0.022;0.001;0.091;
32517;0.776;0.004;0.114;0.008;0.010;0.003;0.085;
32561;0.788;0.005;0.110;0.015;0.014;0.003;0.065;
32608;0.694;0.006;0.125;0.013;0.037;0.002;0.122;
32652;0.676;0.005;0.135;0.026;0.044;0.003;0.112;
32694;0.803;0.004;0.113;0.006;0.009;0.002;0.063;
32734;0.815;0.003;0.115;0.012;0.010;0.002;0.044;
32792;0.743;0.006;0.095;0.035;0.047;0.002;0.072;
32835;0.860;0.008;0.071;0.008;0.009;0.004;0.042;
32882;0.793;0.005;0.101;0.016;0.022;0.002;0.060;
32925;0.574;0.005;0.149;0.004;0.012;0.002;0.254;
32966;0.836;0.006;0.068;0.028;0.038;0.001;0.022;
33009;0.839;0.005;0.087;0.008;0.012;0.001;0.047;
33055;0.798;0.010;0.095;0.008;0.025;0.003;0.062;
33098;0.870;0.016;0.063;0.017;0.017;0.002;0.015;
33145;0.883;0.006;0.044;0.020;0.024;0.003;0.019;
33190;0.886;0.006;0.079;0.002;0.004;0.002;0.022;
33251;0.857;0.007;0.070;0.006;0.011;0.004;0.046;
33295;0.884;0.007;0.068;0.003;0.005;0.004;0.029;
33343;0.897;0.008;0.062;0.010;0.009;0.001;0.014;
33385;0.864;0.011;0.065;0.004;0.014;0.005;0.037;
33475;0.883;0.010;0.043;0.009;0.015;0.003;0.037;
33526;0.788;0.010;0.089;0.008;0.022;0.007;0.078;
33572;0.866;0.011;0.043;0.007;0.019;0.003;0.050;
33624;0.623;0.007;0.111;0.005;0.019;0.004;0.232;
33667;0.817;0.006;0.068;0.020;0.047;0.003;0.039;
33715;0.858;0.007;0.066;0.014;0.022;0.004;0.029;
33769;0.833;0.007;0.059;0.026;0.045;0.002;0.028;
33814;0.802;0.008;0.070;0.018;0.064;0.004;0.034;
33861;0.853;0.007;0.052;0.017;0.040;0.005;0.027;
33904;0.807;0.006;0.074;0.017;0.056;0.004;0.036;
33954;0.671;0.009;0.107;0.011;0.091;0.005;0.106;
33996;0.753;0.007;0.099;0.009;0.038;0.005;0.089;
34041;0.767;0.008;0.080;0.006;0.027;0.008;0.104;
34084;0.862;0.007;0.068;0.006;0.020;0.002;0.034;
34133;0.660;0.008;0.125;0.010;0.038;0.004;0.155;
34175;0.820;0.010;0.076;0.008;0.029;0.004;0.053;
34235;0.851;0.006;0.083;0.008;0.015;0.002;0.035;
34293;0.818;0.013;0.066;0.006;0.030;0.006;0.060;
34334;0.756;0.004;0.149;0.004;0.009;0.002;0.077;
34377;0.835;0.005;0.081;0.006;0.026;0.004;0.043;
34421;0.658;0.012;0.090;0.005;0.025;0.010;0.201;
34465;0.884;0.010;0.049;0.010;0.018;0.007;0.022;
34511;0.788;0.026;0.033;0.006;0.112;0.011;0.023;
34553;0.703;0.104;0.017;0.005;0.111;0.017;0.044;
34600;0.728;0.052;0.032;0.003;0.125;0.011;0.049;
34642;0.737;0.016;0.079;0.004;0.034;0.011;0.118;
34703;0.830;0.002;0.126;0.010;0.006;0.001;0.024;
34744;0.716;0.004;0.148;0.028;0.036;0.002;0.065;
34795;0.730;0.004;0.112;0.037;0.060;0.001;0.056;
34836;0.810;0.006;0.083;0.029;0.023;0.002;0.048;
34878;0.785;0.006;0.099;0.027;0.046;0.002;0.035;
34922;0.796;0.004;0.114;0.022;0.024;0.001;0.038;
34964;0.861;0.004;0.086;0.012;0.010;0.003;0.024;
35006;0.660;0.008;0.096;0.024;0.134;0.003;0.075;
35046;0.621;0.006;0.158;0.012;0.051;0.003;0.148;
35091;0.809;0.004;0.124;0.004;0.008;0.003;0.048;
35150;0.683;0.004;0.162;0.004;0.014;0.003;0.130;
35196;0.848;0.004;0.093;0.007;0.013;0.002;0.033;
35244;0.684;0.006;0.144;0.013;0.073;0.004;0.076;
35287;0.816;0.003;0.100;0.013;0.027;0.002;0.040;
35332;0.816;0.004;0.100;0.013;0.017;0.002;0.047;
35374;0.692;0.007;0.117;0.004;0.024;0.003;0.152;
35418;0.645;0.004;0.172;0.002;0.004;0.006;0.167;
35465;0.732;0.003;0.166;0.004;0.009;0.002;0.084;
35508;0.743;0.004;0.136;0.003;0.014;0.004;0.097;
35551;0.737;0.003;0.167;0.003;0.006;0.005;0.078;
35608;0.800;0.004;0.112;0.018;0.016;0.003;0.047;
35649;0.700;0.004;0.183;0.004;0.007;0.002;0.100;
35693;0.804;0.003;0.137;0.008;0.012;0.001;0.035;
35735;0.810;0.005;0.111;0.028;0.020;0.001;0.026;
35777;0.799;0.003;0.147;0.004;0.002;0.001;0.044;
35821;0.791;0.007;0.126;0.004;0.009;0.003;0.059;
35865;0.880;0.006;0.078;0.007;0.007;0.001;0.021;
35913;0.860;0.005;0.099;0.008;0.005;0.001;0.022;
35956;0.807;0.004;0.114;0.006;0.013;0.001;0.054;
36002;0.787;0.003;0.165;0.012;0.003;0.001;0.030;
36060;0.728;0.004;0.138;0.014;0.015;0.002;0.099;
36104;0.682;0.003;0.210;0.003;0.009;0.001;0.092;
36146;0.812;0.005;0.114;0.010;0.012;0.002;0.045;
36195;0.815;0.003;0.110;0.038;0.008;0.001;0.025;
36237;0.751;0.004;0.072;0.125;0.034;0.001;0.013;
36284;0.715;0.003;0.159;0.048;0.029;0.001;0.046;
36328;0.728;0.004;0.134;0.042;0.021;0.001;0.070;
36374;0.763;0.004;0.098;0.025;0.033;0.002;0.073;
36419;0.616;0.004;0.134;0.096;0.056;0.002;0.092;
36468;0.716;0.003;0.159;0.018;0.011;0.001;0.092;
36531;0.590;0.005;0.139;0.005;0.013;0.004;0.244;
36576;0.835;0.003;0.114;0.003;0.004;0.003;0.038;
36620;0.831;0.007;0.076;0.006;0.012;0.004;0.064;
36663;0.698;0.006;0.126;0.006;0.021;0.004;0.138;
36707;0.751;0.004;0.128;0.007;0.017;0.003;0.090;
36750;0.781;0.004;0.125;0.011;0.007;0.001;0.071;
36792;0.775;0.006;0.104;0.009;0.031;0.002;0.072;
36840;0.857;0.007;0.073;0.011;0.020;0.002;0.030;
36881;0.838;0.008;0.061;0.018;0.032;0.003;0.040;
36924;0.854;0.007;0.075;0.013;0.021;0.002;0.028;
36984;0.836;0.009;0.065;0.011;0.026;0.004;0.048;
37026;0.860;0.005;0.083;0.007;0.010;0.004;0.031;
37071;0.880;0.005;0.076;0.010;0.012;0.003;0.015;
37115;0.838;0.005;0.097;0.012;0.005;0.003;0.040;
37157;0.796;0.005;0.088;0.006;0.017;0.003;0.084;
37205;0.694;0.008;0.118;0.003;0.015;0.003;0.159;
37250;0.766;0.004;0.130;0.004;0.007;0.001;0.088;
37299;0.719;0.004;0.154;0.004;0.016;0.005;0.098;
37350;0.667;0.003;0.152;0.003;0.006;0.002;0.167;
37393;0.799;0.004;0.115;0.016;0.014;0.004;0.048;
37458;0.770;0.003;0.167;0.006;0.008;0.001;0.044;
37510;0.815;0.006;0.073;0.027;0.057;0.002;0.019;
37557;0.776;0.006;0.117;0.008;0.031;0.004;0.059;
37610;0.850;0.005;0.076;0.023;0.015;0.002;0.030;
37656;0.808;0.006;0.092;0.008;0.032;0.004;0.051;
37702;0.830;0.005;0.099;0.012;0.018;0.005;0.031;
37750;0.805;0.004;0.112;0.007;0.007;0.005;0.059;
37793;0.783;0.006;0.106;0.007;0.023;0.005;0.070;
37840;0.866;0.010;0.060;0.012;0.028;0.005;0.020;
37886;0.872;0.005;0.079;0.015;0.009;0.004;0.016;
37952;0.893;0.007;0.054;0.015;0.010;0.005;0.016;
37995;0.875;0.009;0.066;0.007;0.009;0.003;0.032;
38037;0.865;0.005;0.085;0.008;0.007;0.002;0.028;
38081;0.809;0.010;0.081;0.009;0.037;0.003;0.051;
38122;0.791;0.005;0.124;0.003;0.009;0.004;0.065;
38168;0.833;0.004;0.072;0.026;0.032;0.003;0.030;
38215;0.865;0.006;0.074;0.005;0.008;0.006;0.036;
38257;0.876;0.009;0.051;0.016;0.029;0.004;0.015;
38306;0.783;0.005;0.116;0.007;0.016;0.003;0.069;
38352;0.762;0.005;0.141;0.002;0.007;0.003;0.080;
38410;0.812;0.005;0.095;0.008;0.010;0.005;0.064;
38456;0.871;0.008;0.047;0.026;0.029;0.003;0.016;
38501;0.792;0.006;0.097;0.011;0.029;0.007;0.057;
38554;0.883;0.007;0.070;0.006;0.010;0.003;0.020;
38597;0.822;0.009;0.070;0.016;0.055;0.003;0.025;
38647;0.770;0.005;0.121;0.010;0.042;0.002;0.049;
38690;0.820;0.005;0.093;0.010;0.038;0.003;0.031;
38734;0.842;0.005;0.088;0.018;0.018;0.002;0.028;
38783;0.787;0.007;0.104;0.007;0.020;0.007;0.069;
38830;0.854;0.006;0.097;0.007;0.007;0.002;0.027;
38888;0.608;0.007;0.157;0.006;0.025;0.005;0.192;
38934;0.684;0.004;0.170;0.012;0.028;0.002;0.100;
38981;0.818;0.004;0.119;0.007;0.011;0.003;0.039;
39025;0.771;0.005;0.105;0.007;0.023;0.004;0.085;
39085;0.491;0.006;0.167;0.005;0.012;0.008;0.312;
39135;0.775;0.005;0.119;0.018;0.028;0.002;0.054;
39191;0.828;0.004;0.098;0.010;0.004;0.001;0.055;
39238;0.855;0.004;0.078;0.011;0.014;0.002;0.035;
39626;0.843;0.006;0.070;0.007;0.010;0.002;0.062;
39669;0.773;0.005;0.097;0.018;0.035;0.002;0.070;
