147;0.014;0.081;0.001;0.119;0.739;0.045;0.001;
318;0.012;0.031;0.001;0.063;0.860;0.032;0.001;
407;0.034;0.120;0.003;0.312;0.456;0.074;0.003;
499;0.008;0.028;0.000;0.092;0.851;0.021;0.000;
638;0.009;0.050;0.001;0.142;0.773;0.024;0.001;
724;0.014;0.119;0.001;0.141;0.669;0.054;0.001;
788;0.005;0.022;0.000;0.209;0.753;0.010;0.000;
881;0.012;0.051;0.001;0.389;0.526;0.020;0.001;
981;0.009;0.051;0.001;0.210;0.698;0.030;0.001;
1055;0.015;0.079;0.002;0.361;0.495;0.047;0.002;
1161;0.005;0.014;0.000;0.215;0.753;0.013;0.000;
1246;0.009;0.026;0.001;0.529;0.411;0.025;0.000;
1308;0.006;0.029;0.000;0.711;0.238;0.015;0.000;
1449;0.004;0.027;0.001;0.839;0.104;0.025;0.000;
1534;0.004;0.021;0.001;0.858;0.074;0.043;0.000;
1589;0.004;0.018;0.000;0.887;0.060;0.030;0.000;
1700;0.016;0.055;0.002;0.785;0.050;0.090;0.002;
1801;0.006;0.031;0.001;0.855;0.078;0.029;0.000;
1872;0.004;0.016;0.000;0.874;0.087;0.018;0.000;
1968;0.003;0.011;0.000;0.939;0.024;0.023;0.000;
2052;0.002;0.005;0.000;0.963;0.017;0.012;0.000;
2136;0.003;0.009;0.000;0.953;0.024;0.011;0.000;
2251;0.006;0.020;0.000;0.915;0.036;0.022;0.000;
2333;0.004;0.009;0.000;0.941;0.033;0.012;0.000;
2403;0.008;0.008;0.001;0.810;0.159;0.014;0.000;
2510;0.011;0.011;0.001;0.705;0.259;0.013;0.000;
2594;0.010;0.015;0.000;0.687;0.271;0.016;0.000;
2675;0.017;0.017;0.001;0.702;0.247;0.016;0.001;
2786;0.019;0.030;0.001;0.584;0.336;0.029;0.001;
2866;0.008;0.019;0.000;0.223;0.741;0.009;0.000;
2938;0.014;0.022;0.001;0.383;0.558;0.022;0.001;
3047;0.009;0.012;0.001;0.712;0.255;0.011;0.000;
3146;0.025;0.033;0.002;0.435;0.459;0.043;0.002;
3229;0.013;0.023;0.001;0.074;0.866;0.023;0.000;
3334;0.056;0.051;0.007;0.180;0.595;0.107;0.004;
3421;0.135;0.083;0.035;0.220;0.295;0.220;0.012;
3491;0.128;0.146;0.024;0.299;0.249;0.142;0.011;
3609;0.094;0.082;0.020;0.482;0.204;0.110;0.009;
3682;0.008;0.006;0.002;0.963;0.009;0.010;0.001;
3792;0.009;0.005;0.001;0.953;0.025;0.006;0.001;
3884;0.021;0.011;0.002;0.882;0.069;0.013;0.002;
3960;0.023;0.013;0.002;0.898;0.051;0.011;0.002;
4070;0.006;0.006;0.002;0.970;0.009;0.008;0.001;
4175;0.017;0.019;0.003;0.936;0.007;0.015;0.002;
4266;0.012;0.010;0.002;0.944;0.024;0.008;0.001;
4356;0.071;0.045;0.006;0.723;0.103;0.047;0.005;
4444;0.013;0.014;0.002;0.925;0.034;0.011;0.001;
4513;0.021;0.014;0.003;0.930;0.019;0.012;0.002;
4638;0.015;0.018;0.002;0.922;0.030;0.010;0.001;
4715;0.057;0.036;0.006;0.683;0.176;0.038;0.005;
4782;0.075;0.073;0.009;0.596;0.196;0.044;0.007;
4907;0.027;0.033;0.005;0.882;0.023;0.028;0.003;
4994;0.022;0.013;0.005;0.913;0.027;0.017;0.003;
5108;0.013;0.002;0.002;0.962;0.019;0.001;0.001;
5187;0.017;0.002;0.002;0.939;0.037;0.001;0.002;
5264;0.027;0.004;0.003;0.898;0.065;0.002;0.002;
5379;0.026;0.001;0.004;0.959;0.007;0.001;0.001;
5484;0.018;0.001;0.003;0.960;0.016;0.001;0.001;
5541;0.014;0.001;0.002;0.959;0.020;0.001;0.002;
5646;0.057;0.006;0.005;0.826;0.099;0.002;0.005;
5734;0.054;0.004;0.006;0.885;0.041;0.004;0.005;
5810;0.044;0.003;0.005;0.866;0.075;0.002;0.005;
5931;0.138;0.007;0.010;0.725;0.107;0.004;0.009;
6017;0.074;0.014;0.005;0.854;0.041;0.008;0.004;
6123;0.062;0.009;0.006;0.863;0.048;0.008;0.006;
6196;0.069;0.005;0.007;0.894;0.017;0.005;0.005;
6323;0.042;0.005;0.004;0.869;0.072;0.004;0.004;
6407;0.105;0.005;0.006;0.803;0.074;0.003;0.005;
6479;0.014;0.001;0.002;0.952;0.027;0.001;0.002;
6577;0.209;0.008;0.014;0.686;0.050;0.011;0.022;
6657;0.074;0.003;0.006;0.882;0.029;0.002;0.005;
6730;0.079;0.003;0.010;0.881;0.016;0.003;0.007;
6846;0.184;0.006;0.014;0.742;0.034;0.005;0.014;
6966;0.117;0.007;0.010;0.812;0.035;0.010;0.010;
7029;0.047;0.005;0.004;0.862;0.071;0.005;0.005;
7135;0.057;0.004;0.005;0.912;0.016;0.004;0.003;
7222;0.031;0.004;0.002;0.941;0.018;0.002;0.002;
7292;0.065;0.005;0.004;0.875;0.044;0.004;0.003;
7405;0.047;0.010;0.004;0.906;0.026;0.004;0.003;
7488;0.054;0.004;0.004;0.921;0.011;0.004;0.002;
7563;0.047;0.004;0.003;0.934;0.008;0.002;0.002;
7678;0.120;0.011;0.005;0.759;0.090;0.007;0.007;
7763;0.054;0.012;0.004;0.815;0.104;0.005;0.005;
7851;0.044;0.006;0.003;0.921;0.018;0.004;0.003;
7968;0.028;0.006;0.002;0.914;0.046;0.003;0.002;
8053;0.166;0.021;0.007;0.788;0.007;0.009;0.004;
8140;0.003;0.003;0.001;0.988;0.004;0.001;0.000;
8250;0.003;0.001;0.001;0.991;0.004;0.000;0.000;
8331;0.012;0.004;0.001;0.980;0.002;0.001;0.001;
8442;0.004;0.002;0.000;0.981;0.012;0.001;0.000;
8532;0.022;0.007;0.002;0.958;0.006;0.004;0.002;
8609;0.006;0.002;0.001;0.988;0.002;0.000;0.000;
8719;0.014;0.001;0.004;0.978;0.001;0.001;0.001;
8813;0.040;0.002;0.007;0.946;0.002;0.001;0.001;
8893;0.095;0.004;0.010;0.877;0.006;0.004;0.004;
9020;0.056;0.006;0.003;0.928;0.004;0.001;0.001;
9113;0.015;0.001;0.003;0.979;0.001;0.000;0.001;
9180;0.010;0.002;0.001;0.985;0.002;0.000;0.001;
9282;0.017;0.001;0.002;0.976;0.003;0.000;0.001;
9370;0.011;0.002;0.001;0.978;0.007;0.001;0.001;
9447;0.037;0.002;0.003;0.948;0.005;0.002;0.002;
9561;0.023;0.001;0.002;0.964;0.008;0.001;0.001;
9658;0.030;0.001;0.006;0.952;0.006;0.001;0.004;
9753;0.063;0.002;0.020;0.900;0.004;0.002;0.009;
9865;0.081;0.003;0.016;0.873;0.013;0.001;0.011;
9966;0.072;0.002;0.028;0.886;0.003;0.001;0.008;
10030;0.073;0.004;0.055;0.839;0.004;0.003;0.023;
10132;0.054;0.001;0.016;0.917;0.004;0.001;0.007;
10217;0.065;0.002;0.035;0.879;0.004;0.001;0.014;
10309;0.092;0.002;0.030;0.853;0.009;0.001;0.013;
10409;0.129;0.003;0.025;0.810;0.010;0.002;0.021;
10503;0.074;0.003;0.065;0.797;0.012;0.004;0.044;
10576;0.025;0.001;0.013;0.953;0.003;0.000;0.005;
10685;0.068;0.002;0.031;0.888;0.003;0.001;0.008;
10764;0.126;0.007;0.115;0.645;0.011;0.008;0.087;
10839;0.223;0.006;0.086;0.616;0.009;0.006;0.053;
10955;0.046;0.001;0.015;0.928;0.003;0.001;0.007;
11053;0.043;0.002;0.007;0.940;0.005;0.001;0.003;
11124;0.056;0.002;0.008;0.923;0.006;0.001;0.004;
11260;0.072;0.003;0.045;0.856;0.003;0.002;0.019;
11356;0.186;0.004;0.056;0.722;0.007;0.004;0.022;
11421;0.304;0.005;0.068;0.580;0.008;0.006;0.029;
11532;0.172;0.005;0.054;0.743;0.005;0.003;0.018;
11638;0.080;0.002;0.023;0.879;0.004;0.001;0.011;
11711;0.063;0.002;0.014;0.903;0.008;0.001;0.009;
11822;0.174;0.004;0.048;0.727;0.012;0.004;0.031;
11923;0.195;0.005;0.058;0.685;0.012;0.006;0.039;
12009;0.225;0.008;0.069;0.599;0.009;0.008;0.082;
12122;0.598;0.029;0.046;0.087;0.037;0.047;0.156;
12222;0.054;0.001;0.024;0.907;0.003;0.001;0.009;
12297;0.073;0.005;0.078;0.807;0.005;0.006;0.026;
12416;0.105;0.003;0.036;0.831;0.005;0.002;0.017;
12495;0.050;0.002;0.028;0.892;0.005;0.002;0.020;
12597;0.156;0.006;0.075;0.698;0.009;0.007;0.049;
12705;0.058;0.003;0.065;0.842;0.004;0.003;0.025;
12789;0.187;0.004;0.049;0.726;0.007;0.003;0.023;
12868;0.072;0.002;0.025;0.885;0.003;0.001;0.012;
12978;0.053;0.002;0.012;0.925;0.003;0.001;0.004;
13047;0.057;0.002;0.011;0.919;0.006;0.001;0.005;
13118;0.058;0.001;0.013;0.915;0.005;0.001;0.006;
13226;0.051;0.002;0.011;0.923;0.006;0.001;0.006;
13328;0.085;0.002;0.021;0.872;0.008;0.001;0.011;
13402;0.038;0.001;0.026;0.921;0.003;0.001;0.009;
13525;0.279;0.008;0.097;0.509;0.014;0.010;0.083;
13618;0.147;0.003;0.023;0.805;0.010;0.002;0.010;
13688;0.085;0.002;0.015;0.881;0.009;0.001;0.007;
13795;0.113;0.003;0.012;0.856;0.009;0.001;0.006;
13880;0.034;0.002;0.003;0.950;0.007;0.001;0.002;
13953;0.143;0.011;0.013;0.741;0.071;0.005;0.015;
14058;0.031;0.001;0.008;0.947;0.004;0.001;0.007;
14160;0.072;0.003;0.032;0.857;0.005;0.002;0.030;
14224;0.445;0.009;0.062;0.367;0.012;0.007;0.098;
14328;0.356;0.008;0.051;0.470;0.014;0.010;0.092;
14422;0.233;0.008;0.061;0.635;0.005;0.009;0.049;
14500;0.092;0.002;0.020;0.855;0.007;0.004;0.019;
14609;0.173;0.007;0.059;0.679;0.009;0.010;0.063;
14694;0.081;0.004;0.043;0.825;0.007;0.009;0.033;
14767;0.193;0.007;0.061;0.634;0.010;0.015;0.081;
14881;0.167;0.004;0.034;0.751;0.008;0.010;0.027;
14967;0.068;0.002;0.025;0.886;0.005;0.003;0.012;
15040;0.416;0.011;0.071;0.293;0.013;0.017;0.179;
15149;0.337;0.016;0.103;0.327;0.012;0.021;0.185;
15232;0.081;0.006;0.063;0.758;0.006;0.010;0.076;
15317;0.098;0.005;0.057;0.768;0.006;0.008;0.058;
15440;0.292;0.015;0.093;0.353;0.013;0.030;0.204;
15519;0.066;0.002;0.038;0.871;0.003;0.002;0.017;
15587;0.166;0.005;0.039;0.724;0.007;0.007;0.051;
15709;0.406;0.014;0.100;0.290;0.013;0.019;0.157;
15800;0.202;0.010;0.086;0.598;0.008;0.013;0.082;
15863;0.029;0.001;0.029;0.920;0.002;0.002;0.017;
15972;0.230;0.013;0.093;0.524;0.009;0.015;0.116;
16061;0.437;0.012;0.079;0.320;0.014;0.016;0.121;
16139;0.083;0.003;0.023;0.873;0.002;0.003;0.013;
16259;0.055;0.002;0.032;0.892;0.002;0.002;0.016;
16347;0.047;0.001;0.021;0.909;0.006;0.002;0.013;
16420;0.183;0.016;0.104;0.407;0.013;0.013;0.264;
16530;0.045;0.004;0.064;0.818;0.005;0.007;0.056;
16624;0.228;0.019;0.124;0.325;0.023;0.022;0.259;
16689;0.047;0.002;0.012;0.894;0.025;0.003;0.017;
16797;0.163;0.020;0.152;0.411;0.021;0.020;0.213;
16888;0.275;0.008;0.083;0.552;0.011;0.011;0.060;
16984;0.150;0.015;0.119;0.346;0.019;0.020;0.332;
17085;0.047;0.003;0.053;0.868;0.003;0.004;0.023;
17177;0.113;0.014;0.110;0.564;0.012;0.014;0.173;
17276;0.099;0.005;0.078;0.744;0.007;0.005;0.061;
17377;0.209;0.013;0.074;0.169;0.011;0.016;0.508;
17473;0.138;0.004;0.040;0.752;0.011;0.004;0.051;
17534;0.143;0.006;0.050;0.659;0.011;0.009;0.122;
17636;0.073;0.002;0.032;0.871;0.004;0.003;0.016;
17741;0.252;0.010;0.093;0.438;0.013;0.015;0.178;
17801;0.049;0.002;0.028;0.890;0.006;0.003;0.023;
17917;0.204;0.010;0.080;0.542;0.014;0.022;0.128;
18024;0.103;0.008;0.079;0.702;0.009;0.009;0.090;
18106;0.091;0.004;0.049;0.772;0.013;0.007;0.064;
18206;0.045;0.003;0.031;0.879;0.004;0.003;0.036;
18305;0.087;0.003;0.041;0.818;0.006;0.003;0.041;
18388;0.300;0.013;0.089;0.340;0.012;0.011;0.234;
18494;0.053;0.004;0.041;0.833;0.006;0.008;0.056;
18572;0.328;0.013;0.056;0.315;0.022;0.023;0.244;
18652;0.108;0.007;0.063;0.761;0.005;0.007;0.049;
18758;0.111;0.008;0.070;0.658;0.011;0.014;0.128;
18846;0.164;0.017;0.110;0.498;0.013;0.023;0.176;
18924;0.313;0.009;0.074;0.460;0.012;0.011;0.120;
19049;0.163;0.013;0.097;0.586;0.009;0.014;0.116;
19133;0.119;0.005;0.047;0.787;0.005;0.009;0.028;
19212;0.159;0.005;0.034;0.752;0.006;0.008;0.036;
19333;0.268;0.011;0.075;0.510;0.011;0.017;0.108;
19419;0.179;0.016;0.117;0.568;0.010;0.020;0.090;
19490;0.107;0.003;0.042;0.824;0.004;0.005;0.015;
19615;0.147;0.005;0.054;0.758;0.004;0.005;0.027;
19696;0.190;0.007;0.078;0.644;0.007;0.008;0.066;
19763;0.046;0.002;0.030;0.903;0.002;0.004;0.013;
19888;0.187;0.005;0.052;0.729;0.005;0.003;0.019;
19980;0.208;0.006;0.045;0.689;0.007;0.005;0.040;
20106;0.071;0.003;0.041;0.856;0.003;0.004;0.022;
20171;0.059;0.002;0.014;0.915;0.003;0.001;0.006;
20291;0.080;0.003;0.038;0.840;0.004;0.004;0.031;
20368;0.076;0.004;0.039;0.806;0.008;0.012;0.056;
20487;0.060;0.003;0.051;0.838;0.004;0.003;0.040;
20555;0.045;0.002;0.038;0.885;0.002;0.002;0.025;
20663;0.084;0.003;0.047;0.824;0.007;0.003;0.033;
20733;0.120;0.002;0.016;0.832;0.014;0.002;0.014;
20844;0.048;0.002;0.020;0.911;0.003;0.002;0.015;
20926;0.077;0.003;0.035;0.848;0.004;0.003;0.028;
21036;0.236;0.007;0.083;0.584;0.008;0.007;0.074;
21110;0.101;0.005;0.061;0.770;0.005;0.006;0.052;
21225;0.147;0.004;0.047;0.744;0.009;0.005;0.044;
21316;0.095;0.002;0.021;0.853;0.008;0.002;0.018;
21391;0.280;0.017;0.122;0.403;0.014;0.024;0.140;
21500;0.162;0.012;0.112;0.576;0.011;0.016;0.110;
21573;0.146;0.008;0.089;0.693;0.007;0.008;0.050;
21686;0.087;0.003;0.042;0.829;0.003;0.004;0.032;
21763;0.204;0.014;0.115;0.492;0.012;0.015;0.148;
21898;0.150;0.011;0.103;0.597;0.013;0.012;0.115;
21989;0.183;0.014;0.109;0.331;0.014;0.020;0.330;
22079;0.054;0.003;0.046;0.856;0.006;0.004;0.032;
22175;0.124;0.007;0.085;0.632;0.010;0.009;0.132;
22258;0.106;0.010;0.116;0.640;0.010;0.014;0.104;
22330;0.168;0.018;0.137;0.307;0.015;0.024;0.330;
22445;0.205;0.019;0.122;0.257;0.014;0.028;0.355;
22533;0.187;0.007;0.069;0.563;0.011;0.008;0.154;
22606;0.152;0.008;0.079;0.608;0.009;0.010;0.134;
22718;0.304;0.010;0.075;0.499;0.009;0.010;0.094;
22834;0.332;0.008;0.063;0.449;0.015;0.008;0.126;
22906;0.254;0.011;0.083;0.396;0.010;0.012;0.234;
23013;0.314;0.009;0.081;0.503;0.006;0.008;0.078;
23078;0.218;0.005;0.055;0.673;0.007;0.004;0.038;
23206;0.226;0.006;0.048;0.680;0.005;0.002;0.033;
23267;0.566;0.011;0.066;0.146;0.007;0.011;0.194;
23375;0.398;0.011;0.084;0.357;0.010;0.008;0.132;
23465;0.275;0.012;0.102;0.511;0.010;0.011;0.079;
23534;0.317;0.011;0.103;0.429;0.010;0.011;0.119;
23647;0.265;0.009;0.080;0.530;0.010;0.007;0.099;
23734;0.247;0.007;0.041;0.625;0.007;0.006;0.066;
23829;0.129;0.011;0.015;0.748;0.043;0.028;0.028;
23917;0.038;0.001;0.019;0.921;0.007;0.001;0.013;
24027;0.265;0.005;0.051;0.607;0.010;0.007;0.056;
24098;0.140;0.004;0.040;0.776;0.007;0.003;0.031;
24224;0.232;0.009;0.094;0.533;0.011;0.007;0.115;
24297;0.184;0.010;0.120;0.559;0.013;0.010;0.104;
24397;0.239;0.013;0.113;0.492;0.012;0.010;0.121;
24487;0.124;0.011;0.104;0.587;0.015;0.013;0.146;
24559;0.087;0.005;0.061;0.793;0.006;0.005;0.043;
24700;0.077;0.006;0.073;0.692;0.009;0.010;0.134;
24772;0.102;0.008;0.081;0.673;0.011;0.011;0.115;
24856;0.090;0.013;0.116;0.399;0.013;0.022;0.348;
24968;0.198;0.019;0.120;0.260;0.013;0.018;0.371;
25062;0.307;0.010;0.156;0.139;0.007;0.008;0.373;
25151;0.325;0.017;0.134;0.294;0.014;0.013;0.204;
25262;0.376;0.011;0.112;0.153;0.010;0.008;0.331;
25337;0.229;0.012;0.125;0.478;0.015;0.014;0.127;
25407;0.191;0.021;0.156;0.429;0.019;0.019;0.165;
25520;0.127;0.007;0.093;0.692;0.008;0.007;0.066;
25619;0.170;0.017;0.150;0.488;0.013;0.015;0.146;
25701;0.269;0.018;0.100;0.383;0.012;0.021;0.196;
25812;0.140;0.011;0.091;0.587;0.009;0.015;0.147;
25899;0.111;0.008;0.086;0.715;0.006;0.007;0.067;
26004;0.231;0.017;0.105;0.209;0.009;0.016;0.413;
26089;0.292;0.016;0.127;0.302;0.011;0.017;0.235;
26167;0.354;0.012;0.128;0.299;0.009;0.013;0.184;
26282;0.157;0.007;0.066;0.681;0.007;0.009;0.074;
26375;0.142;0.005;0.052;0.755;0.006;0.005;0.036;
26439;0.148;0.004;0.027;0.787;0.007;0.004;0.022;
26579;0.234;0.010;0.108;0.551;0.009;0.009;0.079;
26654;0.286;0.010;0.093;0.462;0.011;0.015;0.124;
26725;0.081;0.005;0.067;0.779;0.005;0.006;0.056;
26825;0.123;0.003;0.041;0.790;0.008;0.004;0.031;
26922;0.407;0.010;0.090;0.250;0.017;0.012;0.214;
26999;0.135;0.007;0.083;0.644;0.010;0.010;0.110;
27122;0.054;0.003;0.052;0.812;0.007;0.006;0.066;
27197;0.178;0.014;0.102;0.293;0.016;0.018;0.378;
27271;0.145;0.015;0.119;0.446;0.015;0.025;0.235;
27382;0.246;0.015;0.108;0.319;0.015;0.021;0.276;
27500;0.163;0.013;0.111;0.455;0.015;0.014;0.227;
27561;0.160;0.009;0.096;0.523;0.017;0.012;0.184;
27673;0.238;0.015;0.061;0.030;0.023;0.039;0.593;
27755;0.124;0.012;0.106;0.369;0.026;0.019;0.343;
27823;0.095;0.012;0.124;0.144;0.009;0.012;0.604;
28006;0.226;0.014;0.115;0.308;0.018;0.019;0.300;
28076;0.065;0.007;0.104;0.697;0.011;0.010;0.105;
28157;0.075;0.006;0.062;0.060;0.004;0.007;0.785;
28257;0.258;0.013;0.106;0.192;0.011;0.011;0.410;
28343;0.132;0.008;0.104;0.565;0.018;0.009;0.165;
28460;0.138;0.014;0.106;0.298;0.015;0.015;0.414;
28531;0.111;0.013;0.120;0.451;0.015;0.017;0.274;
28637;0.170;0.007;0.084;0.600;0.015;0.009;0.115;
28724;0.217;0.018;0.126;0.324;0.015;0.020;0.279;
28796;0.157;0.016;0.117;0.314;0.017;0.016;0.364;
28911;0.271;0.019;0.117;0.344;0.014;0.014;0.221;
29000;0.429;0.013;0.052;0.008;0.005;0.041;0.452;
29072;0.500;0.013;0.063;0.088;0.008;0.030;0.297;
29183;0.177;0.015;0.108;0.218;0.014;0.022;0.446;
29272;0.131;0.012;0.121;0.158;0.009;0.027;0.542;
29373;0.254;0.018;0.122;0.271;0.012;0.019;0.304;
29475;0.201;0.022;0.160;0.326;0.019;0.023;0.248;
29569;0.112;0.013;0.099;0.365;0.013;0.021;0.377;
29641;0.074;0.006;0.049;0.028;0.003;0.014;0.826;
29753;0.244;0.017;0.131;0.285;0.016;0.018;0.290;
29840;0.381;0.012;0.097;0.166;0.012;0.009;0.323;
29931;0.575;0.008;0.074;0.153;0.015;0.006;0.170;
30048;0.661;0.007;0.097;0.096;0.006;0.004;0.128;
30123;0.282;0.012;0.099;0.243;0.013;0.012;0.338;
30235;0.341;0.008;0.112;0.241;0.021;0.015;0.262;
30314;0.378;0.012;0.112;0.340;0.013;0.013;0.132;
30429;0.172;0.010;0.084;0.174;0.014;0.026;0.520;
30530;0.137;0.015;0.138;0.519;0.014;0.016;0.160;
30601;0.241;0.015;0.124;0.252;0.017;0.023;0.327;
30728;0.215;0.013;0.111;0.386;0.013;0.015;0.247;
30806;0.206;0.008;0.084;0.476;0.012;0.010;0.203;
30885;0.144;0.008;0.096;0.628;0.009;0.008;0.107;
31015;0.296;0.016;0.134;0.222;0.012;0.014;0.306;
31097;0.343;0.008;0.100;0.087;0.004;0.010;0.447;
31167;0.266;0.009;0.113;0.146;0.008;0.009;0.449;
31307;0.221;0.007;0.125;0.068;0.004;0.007;0.568;
31391;0.213;0.009;0.136;0.088;0.005;0.007;0.542;
31464;0.174;0.017;0.184;0.184;0.013;0.016;0.412;
31560;0.093;0.005;0.123;0.055;0.003;0.005;0.716;
31643;0.161;0.006;0.091;0.061;0.004;0.009;0.667;
31731;0.146;0.006;0.101;0.072;0.003;0.007;0.664;
31827;0.111;0.005;0.122;0.052;0.003;0.005;0.702;
31915;0.087;0.005;0.098;0.051;0.002;0.005;0.752;
31986;0.166;0.006;0.102;0.068;0.004;0.009;0.645;
32095;0.163;0.019;0.156;0.223;0.014;0.020;0.405;
32193;0.348;0.018;0.175;0.180;0.011;0.016;0.251;
32264;0.196;0.023;0.196;0.222;0.020;0.023;0.321;
32372;0.235;0.010;0.126;0.100;0.004;0.008;0.517;
32458;0.326;0.010;0.089;0.137;0.015;0.008;0.415;
32531;0.394;0.010;0.126;0.165;0.007;0.009;0.289;
32641;0.239;0.013;0.115;0.224;0.011;0.013;0.385;
32731;0.268;0.018;0.143;0.247;0.014;0.019;0.291;
32803;0.324;0.010;0.118;0.119;0.005;0.007;0.416;
32920;0.176;0.019;0.156;0.301;0.017;0.020;0.309;
33018;0.324;0.013;0.119;0.234;0.014;0.013;0.282;
33120;0.208;0.021;0.151;0.280;0.015;0.021;0.304;
33216;0.165;0.010;0.108;0.521;0.014;0.012;0.170;
33303;0.150;0.010;0.106;0.583;0.011;0.010;0.131;
33375;0.223;0.012;0.112;0.501;0.013;0.012;0.127;
33498;0.103;0.012;0.120;0.558;0.014;0.012;0.180;
33583;0.177;0.007;0.089;0.602;0.009;0.006;0.110;
33644;0.208;0.008;0.100;0.473;0.016;0.010;0.184;
33745;0.240;0.011;0.100;0.203;0.014;0.012;0.419;
33837;0.202;0.007;0.093;0.524;0.012;0.007;0.156;
33923;0.242;0.009;0.100;0.332;0.016;0.015;0.285;
34044;0.477;0.008;0.079;0.250;0.013;0.006;0.168;
34133;0.291;0.009;0.071;0.057;0.008;0.007;0.556;
34216;0.212;0.015;0.114;0.426;0.018;0.014;0.202;
34325;0.278;0.013;0.099;0.170;0.009;0.009;0.421;
34390;0.257;0.013;0.097;0.270;0.015;0.010;0.338;
34513;0.239;0.008;0.083;0.463;0.016;0.008;0.184;
34588;0.123;0.009;0.115;0.479;0.013;0.013;0.248;
34695;0.105;0.004;0.041;0.787;0.006;0.006;0.051;
34771;0.179;0.023;0.204;0.281;0.023;0.025;0.266;
34842;0.233;0.011;0.127;0.360;0.019;0.010;0.239;
34972;0.183;0.015;0.169;0.173;0.013;0.016;0.431;
35062;0.274;0.006;0.121;0.059;0.003;0.006;0.531;
35133;0.343;0.014;0.136;0.201;0.012;0.010;0.284;
35247;0.375;0.010;0.108;0.127;0.008;0.008;0.363;
35315;0.265;0.016;0.104;0.244;0.011;0.015;0.346;
35423;0.193;0.009;0.120;0.101;0.005;0.007;0.564;
35515;0.270;0.006;0.109;0.032;0.003;0.004;0.576;
35588;0.288;0.011;0.130;0.174;0.012;0.010;0.374;
35697;0.268;0.009;0.128;0.133;0.009;0.009;0.445;
35783;0.186;0.011;0.118;0.174;0.010;0.017;0.484;
35880;0.191;0.008;0.092;0.073;0.005;0.012;0.619;
35989;0.319;0.019;0.145;0.279;0.017;0.021;0.200;
36087;0.250;0.018;0.139;0.259;0.018;0.020;0.296;
36161;0.322;0.016;0.122;0.225;0.016;0.017;0.281;
36273;0.501;0.013;0.116;0.196;0.012;0.011;0.150;
36360;0.228;0.016;0.137;0.346;0.019;0.016;0.238;
36433;0.222;0.017;0.154;0.416;0.020;0.023;0.148;
36560;0.306;0.015;0.126;0.219;0.015;0.015;0.305;
36643;0.181;0.010;0.123;0.535;0.020;0.011;0.121;
36725;0.170;0.013;0.133;0.350;0.019;0.015;0.300;
36833;0.137;0.012;0.123;0.233;0.020;0.013;0.462;
36919;0.270;0.013;0.098;0.280;0.015;0.011;0.313;
37040;0.222;0.014;0.118;0.300;0.017;0.014;0.315;
37129;0.216;0.008;0.083;0.505;0.022;0.010;0.156;
37200;0.210;0.011;0.098;0.244;0.016;0.014;0.407;
37314;0.257;0.014;0.122;0.354;0.020;0.020;0.213;
37413;0.237;0.016;0.115;0.261;0.018;0.014;0.339;
37482;0.266;0.013;0.098;0.267;0.014;0.017;0.326;
37605;0.268;0.010;0.103;0.258;0.015;0.016;0.330;
37682;0.243;0.010;0.103;0.189;0.013;0.011;0.430;
37802;0.161;0.014;0.158;0.531;0.017;0.014;0.107;
37905;0.218;0.012;0.129;0.445;0.020;0.014;0.161;
38010;0.130;0.010;0.105;0.603;0.013;0.012;0.127;
38075;0.153;0.014;0.144;0.446;0.017;0.019;0.207;
38190;0.221;0.015;0.117;0.241;0.017;0.016;0.372;
38272;0.241;0.013;0.117;0.443;0.015;0.012;0.158;
38346;0.132;0.009;0.112;0.611;0.012;0.010;0.113;
38455;0.086;0.004;0.063;0.790;0.006;0.006;0.045;
38548;0.204;0.021;0.151;0.367;0.021;0.024;0.213;
38622;0.190;0.020;0.142;0.340;0.019;0.022;0.266;
38750;0.088;0.011;0.076;0.152;0.013;0.022;0.638;
38819;0.224;0.021;0.123;0.351;0.020;0.018;0.243;
38942;0.255;0.025;0.164;0.288;0.018;0.024;0.226;
39031;0.144;0.017;0.135;0.513;0.017;0.017;0.157;
39105;0.081;0.004;0.081;0.790;0.005;0.004;0.034;
39239;0.164;0.014;0.119;0.471;0.013;0.018;0.201;
39327;0.302;0.016;0.137;0.383;0.021;0.017;0.125;
39403;0.089;0.008;0.095;0.624;0.017;0.013;0.153;
39529;0.084;0.002;0.041;0.837;0.010;0.003;0.023;
39616;0.190;0.016;0.142;0.436;0.020;0.016;0.181;
39694;0.128;0.018;0.147;0.564;0.015;0.018;0.110;
39798;0.091;0.003;0.054;0.801;0.007;0.005;0.039;
39887;0.115;0.004;0.057;0.716;0.026;0.006;0.076;
39980;0.122;0.002;0.033;0.788;0.021;0.004;0.030;
40083;0.163;0.004;0.052;0.720;0.019;0.006;0.037;
40191;0.124;0.009;0.107;0.614;0.016;0.013;0.117;
40267;0.120;0.006;0.076;0.676;0.024;0.007;0.092;
40357;0.028;0.001;0.042;0.907;0.003;0.001;0.016;
40455;0.127;0.004;0.057;0.734;0.020;0.005;0.053;
40519;0.148;0.012;0.098;0.513;0.020;0.022;0.188;
40650;0.096;0.003;0.047;0.784;0.014;0.004;0.052;
40738;0.122;0.005;0.076;0.681;0.016;0.005;0.096;
40808;0.151;0.013;0.127;0.445;0.016;0.017;0.231;
40924;0.129;0.003;0.051;0.767;0.010;0.003;0.037;
41011;0.142;0.006;0.085;0.666;0.011;0.005;0.086;
41100;0.103;0.012;0.117;0.564;0.016;0.012;0.176;
41216;0.162;0.003;0.046;0.750;0.006;0.002;0.031;
41287;0.140;0.009;0.108;0.560;0.024;0.010;0.148;
41366;0.129;0.009;0.113;0.508;0.017;0.011;0.213;
41474;0.179;0.011;0.116;0.294;0.021;0.013;0.365;
41596;0.145;0.006;0.087;0.611;0.014;0.010;0.127;
41662;0.066;0.002;0.038;0.861;0.006;0.003;0.023;
41783;0.202;0.009;0.098;0.562;0.019;0.009;0.102;
41857;0.075;0.006;0.066;0.746;0.010;0.008;0.089;
41925;0.079;0.006;0.086;0.772;0.009;0.006;0.043;
42039;0.157;0.008;0.092;0.641;0.013;0.013;0.076;
42128;0.158;0.009;0.117;0.477;0.013;0.014;0.212;
42216;0.198;0.004;0.049;0.683;0.010;0.004;0.052;
42320;0.097;0.003;0.065;0.761;0.013;0.004;0.057;
42412;0.173;0.013;0.111;0.430;0.018;0.015;0.239;
42504;0.216;0.016;0.122;0.400;0.014;0.014;0.218;
42602;0.360;0.009;0.100;0.362;0.013;0.006;0.151;
42690;0.429;0.009;0.074;0.270;0.017;0.019;0.181;
42765;0.326;0.010;0.054;0.419;0.078;0.012;0.101;
42875;0.023;0.001;0.011;0.944;0.012;0.001;0.008;
42966;0.072;0.001;0.036;0.859;0.008;0.001;0.022;
43057;0.081;0.005;0.086;0.744;0.009;0.005;0.070;
43153;0.170;0.007;0.096;0.577;0.013;0.009;0.128;
43245;0.070;0.001;0.029;0.869;0.010;0.002;0.019;
43327;0.158;0.010;0.123;0.527;0.016;0.010;0.157;
43464;0.127;0.009;0.104;0.554;0.016;0.011;0.179;
43557;0.192;0.009;0.109;0.448;0.015;0.010;0.217;
43631;0.233;0.016;0.119;0.267;0.020;0.015;0.330;
43733;0.135;0.006;0.082;0.660;0.010;0.006;0.101;
43837;0.170;0.009;0.104;0.545;0.019;0.007;0.145;
43920;0.310;0.011;0.097;0.287;0.013;0.011;0.273;
44031;0.306;0.010;0.113;0.375;0.014;0.008;0.174;
44107;0.312;0.009;0.090;0.416;0.012;0.007;0.154;
44182;0.234;0.013;0.130;0.416;0.014;0.012;0.181;
44292;0.135;0.008;0.112;0.606;0.013;0.011;0.115;
44397;0.213;0.014;0.125;0.343;0.019;0.014;0.272;
44481;0.210;0.011;0.123;0.485;0.013;0.011;0.147;
44614;0.113;0.012;0.116;0.601;0.012;0.009;0.137;
44710;0.087;0.017;0.136;0.533;0.015;0.018;0.193;
44789;0.081;0.003;0.053;0.791;0.013;0.004;0.055;
44912;0.196;0.011;0.100;0.428;0.015;0.012;0.238;
44988;0.062;0.003;0.051;0.814;0.005;0.004;0.060;
45095;0.057;0.006;0.080;0.750;0.009;0.011;0.088;
45176;0.102;0.010;0.117;0.577;0.016;0.015;0.163;
45294;0.106;0.014;0.116;0.430;0.015;0.015;0.305;
45380;0.159;0.013;0.120;0.266;0.022;0.016;0.404;
45503;0.173;0.010;0.089;0.441;0.042;0.013;0.232;
45579;0.184;0.010;0.094;0.344;0.022;0.015;0.331;
45685;0.120;0.019;0.143;0.417;0.018;0.020;0.264;
45762;0.131;0.015;0.132;0.343;0.018;0.015;0.347;
45874;0.150;0.010;0.104;0.362;0.030;0.014;0.329;
45974;0.103;0.011;0.104;0.412;0.023;0.013;0.334;
46045;0.069;0.006;0.095;0.714;0.011;0.008;0.098;
46158;0.099;0.010;0.114;0.242;0.026;0.013;0.495;
46248;0.102;0.015;0.139;0.421;0.025;0.018;0.280;
46340;0.151;0.012;0.105;0.265;0.020;0.018;0.430;
46437;0.086;0.010;0.105;0.207;0.017;0.014;0.560;
46522;0.096;0.011;0.108;0.268;0.016;0.013;0.487;
46612;0.162;0.009;0.101;0.166;0.026;0.010;0.526;
46714;0.056;0.004;0.078;0.043;0.005;0.005;0.810;
46789;0.081;0.009;0.099;0.184;0.014;0.011;0.602;
46881;0.023;0.003;0.061;0.032;0.005;0.004;0.872;
46986;0.053;0.004;0.063;0.046;0.008;0.006;0.820;
47072;0.089;0.014;0.126;0.265;0.019;0.018;0.469;
47144;0.064;0.012;0.107;0.201;0.016;0.019;0.580;
47278;0.080;0.007;0.074;0.058;0.010;0.011;0.760;
47367;0.205;0.018;0.069;0.221;0.067;0.029;0.390;
47448;0.132;0.031;0.078;0.076;0.107;0.168;0.409;
47541;0.065;0.014;0.069;0.278;0.024;0.037;0.514;
47629;0.052;0.016;0.110;0.282;0.015;0.028;0.498;
47724;0.045;0.010;0.084;0.199;0.015;0.021;0.626;
47813;0.059;0.014;0.109;0.453;0.022;0.025;0.319;
47897;0.047;0.011;0.083;0.191;0.021;0.019;0.629;
48001;0.037;0.005;0.049;0.060;0.007;0.006;0.836;
48101;0.039;0.007;0.062;0.103;0.011;0.014;0.765;
48197;0.036;0.011;0.072;0.165;0.011;0.013;0.693;
48300;0.075;0.020;0.133;0.404;0.019;0.026;0.323;
48392;0.105;0.013;0.101;0.546;0.018;0.015;0.203;
48456;0.064;0.016;0.103;0.257;0.017;0.027;0.515;
48555;0.061;0.015;0.119;0.377;0.017;0.020;0.391;
48642;0.081;0.016;0.127;0.475;0.021;0.019;0.261;
48722;0.097;0.017;0.098;0.322;0.018;0.022;0.425;
48828;0.072;0.016;0.114;0.498;0.015;0.023;0.262;
48926;0.088;0.017;0.108;0.324;0.017;0.022;0.424;
49001;0.025;0.005;0.045;0.037;0.003;0.008;0.877;
49124;0.047;0.012;0.062;0.158;0.009;0.015;0.696;
49217;0.061;0.007;0.056;0.078;0.013;0.011;0.774;
49293;0.051;0.007;0.056;0.076;0.008;0.012;0.791;
49400;0.061;0.011;0.068;0.150;0.014;0.026;0.670;
49488;0.059;0.009;0.091;0.612;0.014;0.016;0.199;
49558;0.048;0.006;0.053;0.045;0.015;0.012;0.820;
49669;0.010;0.003;0.033;0.033;0.005;0.009;0.907;
49757;0.013;0.003;0.044;0.018;0.002;0.004;0.915;
49846;0.008;0.002;0.031;0.015;0.003;0.012;0.929;
49958;0.011;0.003;0.032;0.019;0.004;0.010;0.919;
50069;0.009;0.002;0.029;0.003;0.003;0.011;0.943;
50138;0.014;0.003;0.035;0.013;0.004;0.006;0.925;
50241;0.009;0.003;0.028;0.012;0.002;0.008;0.937;
50327;0.025;0.005;0.049;0.042;0.005;0.010;0.863;
50403;0.025;0.004;0.046;0.018;0.004;0.009;0.893;
50513;0.064;0.008;0.075;0.087;0.004;0.011;0.749;
50602;0.058;0.007;0.071;0.091;0.006;0.010;0.757;
50679;0.070;0.007;0.063;0.070;0.005;0.006;0.779;
50804;0.099;0.011;0.083;0.110;0.006;0.011;0.680;
50891;0.098;0.017;0.109;0.190;0.009;0.017;0.561;
50975;0.056;0.008;0.069;0.071;0.005;0.009;0.783;
51072;0.035;0.007;0.052;0.071;0.007;0.008;0.821;
51159;0.045;0.008;0.065;0.086;0.004;0.010;0.782;
51239;0.105;0.015;0.115;0.245;0.018;0.017;0.484;
51354;0.043;0.008;0.064;0.076;0.004;0.009;0.796;
51426;0.083;0.009;0.083;0.124;0.010;0.013;0.678;
51497;0.071;0.018;0.138;0.291;0.020;0.026;0.436;
51610;0.022;0.004;0.047;0.026;0.002;0.010;0.888;
51701;0.059;0.008;0.079;0.060;0.003;0.010;0.781;
51784;0.047;0.007;0.067;0.095;0.007;0.011;0.766;
51920;0.080;0.012;0.092;0.154;0.014;0.021;0.626;
52007;0.186;0.011;0.077;0.091;0.009;0.025;0.601;
52083;0.128;0.019;0.147;0.431;0.019;0.024;0.232;
52190;0.106;0.022;0.138;0.327;0.019;0.028;0.359;
52276;0.114;0.011;0.114;0.130;0.006;0.015;0.610;
52351;0.077;0.016;0.122;0.224;0.015;0.030;0.515;
52475;0.152;0.021;0.177;0.351;0.020;0.029;0.250;
52553;0.067;0.011;0.090;0.116;0.011;0.043;0.663;
52620;0.071;0.011;0.057;0.007;0.008;0.082;0.764;
52731;0.098;0.010;0.062;0.016;0.012;0.036;0.766;
52841;0.077;0.007;0.101;0.030;0.005;0.025;0.755;
52917;0.081;0.012;0.106;0.144;0.012;0.026;0.619;
53024;0.048;0.007;0.090;0.073;0.006;0.021;0.757;
53135;0.054;0.011;0.102;0.121;0.006;0.026;0.681;
53201;0.039;0.008;0.086;0.073;0.005;0.032;0.759;
53307;0.050;0.012;0.106;0.150;0.010;0.035;0.637;
53387;0.067;0.013;0.120;0.166;0.010;0.021;0.603;
53466;0.038;0.008;0.095;0.098;0.006;0.025;0.730;
53578;0.056;0.005;0.075;0.050;0.009;0.012;0.792;
53652;0.034;0.004;0.102;0.024;0.003;0.018;0.815;
53784;0.076;0.009;0.110;0.104;0.008;0.018;0.675;
53867;0.072;0.019;0.161;0.325;0.018;0.026;0.379;
53951;0.096;0.017;0.152;0.385;0.019;0.025;0.305;
54052;0.098;0.012;0.069;0.079;0.015;0.039;0.688;
54138;0.068;0.009;0.063;0.050;0.004;0.029;0.778;
54215;0.106;0.017;0.150;0.321;0.015;0.032;0.360;
54345;0.067;0.017;0.131;0.187;0.011;0.037;0.550;
54421;0.093;0.013;0.128;0.148;0.009;0.018;0.590;
54490;0.174;0.013;0.104;0.130;0.009;0.014;0.555;
54600;0.145;0.022;0.154;0.263;0.015;0.025;0.375;
54698;0.123;0.021;0.157;0.312;0.021;0.031;0.335;
54826;0.082;0.014;0.124;0.162;0.010;0.015;0.593;
54923;0.148;0.026;0.180;0.270;0.023;0.026;0.326;
54994;0.163;0.019;0.166;0.277;0.017;0.021;0.338;
55104;0.117;0.027;0.182;0.282;0.022;0.028;0.342;
55197;0.137;0.017;0.157;0.480;0.019;0.018;0.172;
55276;0.175;0.019;0.162;0.212;0.014;0.021;0.397;
55380;0.139;0.020;0.195;0.264;0.019;0.025;0.337;
55472;0.082;0.009;0.129;0.667;0.011;0.011;0.090;
55541;0.122;0.019;0.167;0.257;0.019;0.023;0.394;
55677;0.182;0.017;0.157;0.369;0.019;0.018;0.237;
55754;0.138;0.020;0.153;0.245;0.016;0.022;0.405;
55827;0.115;0.018;0.141;0.284;0.018;0.021;0.403;
55949;0.109;0.010;0.109;0.146;0.010;0.011;0.605;
56044;0.159;0.025;0.148;0.048;0.092;0.082;0.446;
56123;0.060;0.013;0.052;0.065;0.035;0.030;0.745;
56203;0.063;0.018;0.135;0.388;0.020;0.027;0.350;
56296;0.013;0.002;0.060;0.026;0.002;0.009;0.887;
56391;0.016;0.003;0.053;0.033;0.007;0.009;0.878;
56480;0.114;0.006;0.100;0.080;0.011;0.006;0.681;
56569;0.053;0.007;0.072;0.104;0.010;0.011;0.744;
56686;0.102;0.008;0.082;0.091;0.013;0.014;0.689;
56770;0.020;0.003;0.055;0.013;0.005;0.020;0.883;
56847;0.042;0.004;0.075;0.027;0.006;0.011;0.835;
56975;0.073;0.014;0.091;0.166;0.015;0.025;0.616;
57051;0.046;0.007;0.079;0.074;0.005;0.012;0.777;
57126;0.050;0.015;0.111;0.247;0.015;0.022;0.539;
57238;0.059;0.010;0.053;0.021;0.011;0.038;0.806;
57332;0.041;0.009;0.085;0.150;0.009;0.019;0.687;
57407;0.023;0.005;0.074;0.043;0.002;0.015;0.839;
57544;0.051;0.006;0.075;0.042;0.005;0.012;0.810;
57627;0.126;0.016;0.111;0.265;0.018;0.026;0.438;
57697;0.027;0.005;0.076;0.027;0.002;0.035;0.829;
57808;0.046;0.009;0.105;0.093;0.004;0.030;0.713;
57904;0.053;0.007;0.069;0.049;0.004;0.027;0.791;
57976;0.080;0.014;0.121;0.452;0.015;0.038;0.279;
58093;0.128;0.022;0.079;0.089;0.026;0.125;0.532;
58177;0.072;0.011;0.115;0.037;0.007;0.152;0.606;
58252;0.035;0.004;0.137;0.026;0.002;0.011;0.785;
58372;0.062;0.016;0.142;0.183;0.011;0.018;0.569;
58474;0.070;0.015;0.102;0.180;0.009;0.017;0.608;
58546;0.097;0.012;0.123;0.137;0.009;0.012;0.610;
58658;0.080;0.006;0.080;0.071;0.010;0.006;0.746;
58745;0.134;0.010;0.131;0.628;0.013;0.008;0.076;
58820;0.120;0.015;0.134;0.552;0.016;0.018;0.145;
58950;0.129;0.012;0.086;0.481;0.026;0.020;0.246;
59035;0.330;0.013;0.124;0.185;0.016;0.024;0.308;
59107;0.187;0.015;0.158;0.347;0.018;0.022;0.253;
59224;0.115;0.011;0.122;0.618;0.016;0.014;0.105;
59332;0.146;0.023;0.165;0.303;0.020;0.022;0.320;
59416;0.070;0.004;0.062;0.801;0.007;0.003;0.053;
59510;0.023;0.002;0.003;0.968;0.001;0.000;0.001;
59609;0.057;0.014;0.004;0.907;0.014;0.001;0.003;
59675;0.040;0.003;0.006;0.925;0.020;0.001;0.004;
59790;0.199;0.010;0.054;0.546;0.022;0.004;0.166;
59888;0.036;0.002;0.037;0.899;0.002;0.002;0.023;
59978;0.066;0.006;0.009;0.838;0.067;0.004;0.010;
60079;0.307;0.007;0.070;0.577;0.006;0.007;0.027;
60167;0.048;0.001;0.027;0.917;0.002;0.000;0.004;
60228;0.263;0.006;0.053;0.660;0.002;0.002;0.014;
60353;0.308;0.014;0.032;0.608;0.012;0.004;0.023;
60439;0.005;0.003;0.006;0.965;0.000;0.019;0.002;
60521;0.003;0.002;0.005;0.976;0.001;0.012;0.001;
60651;0.001;0.001;0.001;0.997;0.000;0.001;0.000;
60730;0.009;0.004;0.002;0.938;0.005;0.038;0.004;
60813;0.042;0.001;0.019;0.926;0.003;0.003;0.005;
60943;0.303;0.006;0.054;0.613;0.003;0.007;0.014;
61037;0.103;0.007;0.060;0.812;0.001;0.002;0.016;
61140;0.139;0.021;0.322;0.400;0.008;0.014;0.096;
61228;0.021;0.004;0.846;0.017;0.000;0.001;0.110;
61323;0.073;0.014;0.441;0.277;0.008;0.011;0.176;
61445;0.084;0.023;0.376;0.202;0.011;0.021;0.284;
61531;0.041;0.011;0.107;0.036;0.002;0.016;0.788;
61609;0.160;0.028;0.299;0.211;0.011;0.021;0.269;
61741;0.005;0.001;0.020;0.965;0.000;0.000;0.009;
61820;0.170;0.007;0.042;0.716;0.004;0.008;0.053;
61892;0.066;0.004;0.019;0.902;0.002;0.002;0.007;
62020;0.038;0.002;0.009;0.943;0.001;0.002;0.005;
62118;0.028;0.001;0.013;0.952;0.002;0.000;0.004;
62187;0.231;0.013;0.036;0.668;0.015;0.005;0.031;
62304;0.288;0.010;0.075;0.569;0.014;0.003;0.041;
62399;0.042;0.002;0.086;0.848;0.002;0.001;0.019;
62479;0.019;0.001;0.065;0.907;0.001;0.000;0.007;
62608;0.029;0.003;0.064;0.876;0.002;0.002;0.024;
62709;0.141;0.033;0.351;0.227;0.019;0.026;0.203;
62793;0.090;0.013;0.166;0.636;0.008;0.011;0.076;
62897;0.147;0.023;0.261;0.390;0.014;0.020;0.145;
62989;0.058;0.005;0.118;0.788;0.004;0.004;0.024;
63069;0.056;0.004;0.083;0.791;0.006;0.004;0.057;
63175;0.029;0.002;0.038;0.909;0.003;0.001;0.019;
63286;0.011;0.001;0.008;0.967;0.010;0.000;0.003;
63359;0.015;0.001;0.006;0.953;0.019;0.001;0.006;
63479;0.034;0.001;0.007;0.938;0.014;0.001;0.004;
63562;0.717;0.032;0.051;0.050;0.044;0.024;0.082;
63636;0.635;0.024;0.047;0.042;0.018;0.032;0.202;
63760;0.309;0.012;0.039;0.583;0.004;0.013;0.040;
63879;0.041;0.002;0.009;0.942;0.003;0.001;0.002;
63947;0.070;0.003;0.014;0.892;0.013;0.001;0.006;
64063;0.094;0.005;0.070;0.799;0.003;0.002;0.027;
64157;0.057;0.002;0.038;0.889;0.004;0.001;0.010;
64254;0.024;0.001;0.036;0.929;0.003;0.000;0.007;
64377;0.034;0.001;0.038;0.909;0.006;0.000;0.011;
64470;0.008;0.001;0.007;0.979;0.003;0.000;0.002;
64551;0.002;0.000;0.001;0.992;0.004;0.000;0.001;
64692;0.059;0.001;0.015;0.910;0.009;0.000;0.005;
64777;0.060;0.002;0.014;0.900;0.019;0.001;0.006;
64852;0.036;0.001;0.009;0.940;0.012;0.000;0.003;
64981;0.385;0.005;0.053;0.507;0.020;0.003;0.027;
65096;0.154;0.006;0.063;0.724;0.005;0.004;0.043;
65183;0.308;0.012;0.074;0.531;0.010;0.007;0.059;
65314;0.044;0.002;0.021;0.923;0.002;0.001;0.007;
65413;0.005;0.001;0.001;0.991;0.002;0.000;0.000;
65511;0.010;0.000;0.002;0.983;0.004;0.000;0.001;
65642;0.042;0.002;0.005;0.935;0.013;0.001;0.002;
65722;0.037;0.007;0.003;0.929;0.019;0.003;0.002;
65804;0.005;0.001;0.001;0.985;0.008;0.000;0.001;
65944;0.008;0.001;0.002;0.969;0.019;0.001;0.001;
66049;0.003;0.000;0.001;0.991;0.005;0.000;0.000;
66148;0.004;0.000;0.001;0.990;0.005;0.000;0.001;
66261;0.019;0.000;0.006;0.971;0.001;0.000;0.001;
66382;0.004;0.000;0.001;0.993;0.001;0.000;0.000;
66470;0.036;0.001;0.010;0.949;0.002;0.000;0.003;
66582;0.009;0.000;0.002;0.986;0.001;0.000;0.001;
66655;0.005;0.000;0.002;0.992;0.001;0.000;0.000;
66727;0.009;0.000;0.002;0.986;0.001;0.000;0.001;
66838;0.009;0.000;0.001;0.988;0.002;0.000;0.000;
66940;0.028;0.001;0.003;0.962;0.005;0.000;0.001;
67014;0.018;0.001;0.005;0.975;0.001;0.000;0.001;
67131;0.022;0.001;0.004;0.970;0.002;0.000;0.001;
67236;0.032;0.001;0.005;0.956;0.005;0.000;0.002;
67319;0.017;0.000;0.005;0.975;0.002;0.000;0.001;
67421;0.004;0.000;0.001;0.991;0.003;0.000;0.000;
67508;0.017;0.000;0.003;0.973;0.006;0.000;0.001;
67582;0.023;0.000;0.014;0.960;0.001;0.000;0.002;
67695;0.011;0.000;0.005;0.981;0.001;0.000;0.001;
67780;0.004;0.000;0.008;0.986;0.000;0.000;0.001;
67866;0.007;0.000;0.006;0.986;0.000;0.000;0.001;
67993;0.010;0.000;0.011;0.977;0.000;0.000;0.002;
68075;0.020;0.000;0.017;0.960;0.001;0.000;0.003;
68141;0.007;0.000;0.006;0.986;0.001;0.000;0.001;
68279;0.009;0.000;0.005;0.983;0.002;0.000;0.001;
68359;0.006;0.000;0.006;0.986;0.001;0.000;0.001;
68441;0.021;0.000;0.008;0.967;0.002;0.000;0.002;
68562;0.007;0.000;0.003;0.988;0.001;0.000;0.001;
68647;0.005;0.000;0.001;0.992;0.001;0.000;0.000;
68719;0.025;0.001;0.005;0.966;0.002;0.000;0.001;
68817;0.074;0.001;0.010;0.905;0.006;0.000;0.003;
68916;0.041;0.001;0.010;0.945;0.001;0.000;0.002;
68987;0.027;0.000;0.017;0.950;0.002;0.000;0.004;
69105;0.065;0.001;0.022;0.901;0.003;0.001;0.008;
69218;0.029;0.001;0.009;0.958;0.002;0.000;0.002;
69290;0.013;0.000;0.009;0.975;0.001;0.000;0.002;
69404;0.030;0.000;0.010;0.954;0.002;0.000;0.002;
69480;0.018;0.000;0.007;0.973;0.001;0.000;0.001;
69576;0.018;0.000;0.003;0.974;0.003;0.000;0.001;
69663;0.034;0.001;0.011;0.951;0.002;0.000;0.002;
69740;0.021;0.000;0.007;0.968;0.002;0.000;0.002;
69851;0.104;0.002;0.024;0.862;0.002;0.000;0.005;
69954;0.050;0.001;0.007;0.938;0.003;0.000;0.002;
70046;0.025;0.001;0.005;0.965;0.002;0.000;0.001;
70170;0.223;0.009;0.007;0.730;0.025;0.002;0.004;
70243;0.036;0.001;0.005;0.953;0.003;0.000;0.002;
70311;0.023;0.001;0.004;0.969;0.002;0.000;0.001;
70420;0.013;0.000;0.003;0.981;0.002;0.000;0.001;
70508;0.010;0.001;0.002;0.986;0.001;0.000;0.000;
70581;0.042;0.001;0.007;0.946;0.002;0.000;0.002;
70693;0.013;0.001;0.001;0.980;0.004;0.000;0.001;
70782;0.045;0.001;0.004;0.943;0.005;0.000;0.002;
70854;0.053;0.002;0.005;0.934;0.004;0.000;0.002;
70969;0.034;0.001;0.004;0.957;0.002;0.000;0.001;
71071;0.014;0.000;0.002;0.978;0.005;0.000;0.001;
71145;0.007;0.000;0.002;0.988;0.002;0.000;0.001;
71255;0.010;0.000;0.004;0.985;0.001;0.000;0.001;
71349;0.024;0.001;0.009;0.963;0.001;0.000;0.003;
71433;0.034;0.001;0.007;0.954;0.002;0.000;0.002;
71551;0.041;0.001;0.005;0.945;0.007;0.000;0.002;
71629;0.028;0.001;0.007;0.961;0.002;0.000;0.002;
71746;0.096;0.002;0.044;0.838;0.004;0.001;0.015;
71831;0.043;0.001;0.026;0.924;0.001;0.001;0.004;
71919;0.047;0.003;0.071;0.859;0.003;0.002;0.015;
72050;0.021;0.001;0.004;0.971;0.001;0.000;0.001;
72148;0.045;0.001;0.010;0.940;0.002;0.000;0.002;
72211;0.044;0.001;0.004;0.936;0.010;0.001;0.003;
72327;0.034;0.001;0.015;0.945;0.002;0.000;0.004;
72411;0.045;0.001;0.011;0.938;0.001;0.000;0.003;
72498;0.012;0.000;0.003;0.982;0.001;0.000;0.001;
72617;0.019;0.001;0.014;0.962;0.001;0.000;0.003;
72682;0.048;0.001;0.009;0.937;0.002;0.000;0.003;
72785;0.021;0.001;0.004;0.971;0.001;0.000;0.002;
72880;0.044;0.001;0.007;0.944;0.001;0.000;0.002;
72977;0.042;0.001;0.018;0.933;0.001;0.000;0.005;
73086;0.032;0.001;0.005;0.959;0.001;0.000;0.002;
73178;0.030;0.000;0.006;0.958;0.003;0.000;0.002;
73264;0.030;0.001;0.010;0.954;0.001;0.000;0.004;
73362;0.012;0.000;0.003;0.981;0.001;0.000;0.001;
73438;0.057;0.002;0.006;0.916;0.011;0.002;0.005;
73548;0.050;0.001;0.019;0.923;0.002;0.000;0.005;
73618;0.010;0.000;0.004;0.984;0.001;0.000;0.001;
73735;0.035;0.003;0.057;0.885;0.002;0.002;0.016;
73829;0.034;0.002;0.040;0.911;0.001;0.001;0.011;
73934;0.037;0.001;0.015;0.940;0.002;0.001;0.005;
74035;0.014;0.000;0.008;0.974;0.001;0.000;0.002;
74119;0.074;0.002;0.022;0.894;0.002;0.001;0.005;
74216;0.021;0.000;0.006;0.970;0.002;0.000;0.001;
74325;0.031;0.001;0.011;0.953;0.001;0.000;0.003;
74390;0.009;0.000;0.004;0.986;0.001;0.000;0.001;
74511;0.014;0.000;0.004;0.979;0.002;0.000;0.001;
74593;0.034;0.001;0.014;0.947;0.001;0.000;0.003;
74697;0.018;0.001;0.004;0.975;0.001;0.000;0.001;
74760;0.019;0.001;0.016;0.952;0.002;0.000;0.009;
74883;0.011;0.000;0.010;0.975;0.001;0.000;0.003;
74964;0.020;0.001;0.009;0.966;0.001;0.000;0.004;
75084;0.016;0.001;0.015;0.961;0.002;0.000;0.006;
75182;0.020;0.001;0.010;0.964;0.001;0.000;0.004;
75299;0.020;0.001;0.005;0.968;0.003;0.000;0.002;
75378;0.008;0.000;0.008;0.982;0.001;0.000;0.002;
75484;0.027;0.001;0.017;0.939;0.003;0.001;0.011;
75548;0.032;0.002;0.015;0.935;0.003;0.001;0.012;
75674;0.026;0.001;0.006;0.957;0.006;0.001;0.003;
