3;0.134;0.009;0.069;0.009;0.001;0.005;0.772;
46;0.330;0.016;0.078;0.071;0.002;0.005;0.498;
102;0.188;0.012;0.112;0.047;0.002;0.004;0.636;
165;0.300;0.010;0.117;0.062;0.002;0.006;0.502;
215;0.422;0.012;0.099;0.032;0.001;0.006;0.428;
299;0.278;0.017;0.098;0.218;0.004;0.010;0.376;
364;0.299;0.014;0.110;0.139;0.003;0.012;0.423;
427;0.303;0.012;0.121;0.029;0.002;0.004;0.530;
488;0.475;0.012;0.127;0.063;0.002;0.004;0.318;
552;0.175;0.011;0.137;0.034;0.002;0.007;0.634;
616;0.149;0.021;0.211;0.147;0.007;0.014;0.451;
695;0.162;0.011;0.081;0.022;0.002;0.005;0.718;
773;0.216;0.017;0.140;0.116;0.004;0.007;0.500;
825;0.397;0.017;0.108;0.124;0.003;0.006;0.346;
888;0.233;0.017;0.084;0.091;0.002;0.006;0.567;
953;0.174;0.017;0.103;0.046;0.002;0.006;0.651;
1032;0.287;0.014;0.081;0.233;0.004;0.006;0.375;
1096;0.178;0.021;0.148;0.298;0.007;0.012;0.336;
1162;0.414;0.016;0.089;0.073;0.002;0.003;0.403;
1224;0.164;0.011;0.060;0.109;0.003;0.004;0.649;
1290;0.206;0.013;0.083;0.196;0.003;0.005;0.493;
1355;0.412;0.012;0.107;0.094;0.002;0.005;0.366;
1446;0.405;0.016;0.055;0.006;0.002;0.021;0.495;
1495;0.214;0.017;0.062;0.007;0.014;0.023;0.662;
1563;0.601;0.012;0.060;0.100;0.007;0.007;0.212;
1625;0.353;0.011;0.075;0.048;0.003;0.008;0.502;
1691;0.298;0.017;0.132;0.017;0.002;0.005;0.529;
1772;0.150;0.014;0.118;0.064;0.003;0.008;0.642;
1832;0.141;0.009;0.088;0.028;0.002;0.006;0.728;
1896;0.155;0.012;0.089;0.020;0.002;0.007;0.716;
1964;0.407;0.015;0.093;0.063;0.002;0.008;0.412;
2024;0.284;0.015;0.167;0.061;0.003;0.006;0.464;
2101;0.356;0.019;0.126;0.226;0.005;0.007;0.260;
2167;0.205;0.010;0.086;0.544;0.004;0.007;0.145;
2232;0.089;0.012;0.087;0.050;0.002;0.007;0.752;
2296;0.160;0.019;0.141;0.242;0.006;0.014;0.417;
2360;0.250;0.023;0.179;0.271;0.008;0.013;0.256;
2427;0.098;0.012;0.121;0.079;0.003;0.007;0.679;
2497;0.180;0.023;0.151;0.487;0.007;0.015;0.137;
2568;0.201;0.023;0.197;0.218;0.010;0.015;0.336;
2633;0.311;0.024;0.162;0.322;0.008;0.010;0.163;
2695;0.160;0.019;0.144;0.190;0.006;0.011;0.470;
2771;0.156;0.022;0.189;0.084;0.005;0.010;0.534;
2825;0.402;0.015;0.132;0.119;0.004;0.009;0.319;
2903;0.141;0.018;0.216;0.116;0.005;0.009;0.496;
2967;0.199;0.029;0.224;0.238;0.010;0.015;0.286;
3033;0.271;0.016;0.103;0.247;0.005;0.014;0.343;
3100;0.118;0.009;0.111;0.015;0.002;0.008;0.737;
3168;0.359;0.014;0.165;0.081;0.003;0.009;0.369;
3228;0.187;0.017;0.105;0.070;0.002;0.008;0.610;
3308;0.380;0.012;0.111;0.071;0.003;0.008;0.414;
3370;0.372;0.014;0.091;0.149;0.004;0.009;0.361;
3459;0.308;0.011;0.101;0.073;0.002;0.006;0.500;
3501;0.605;0.014;0.114;0.091;0.002;0.004;0.171;
3567;0.413;0.013;0.135;0.047;0.002;0.014;0.376;
3641;0.506;0.017;0.092;0.219;0.003;0.010;0.153;
3704;0.209;0.012;0.088;0.029;0.002;0.004;0.657;
3767;0.410;0.019;0.099;0.043;0.002;0.009;0.419;
3832;0.738;0.009;0.111;0.059;0.001;0.002;0.079;
3895;0.525;0.013;0.089;0.066;0.002;0.007;0.298;
3963;0.154;0.013;0.154;0.028;0.002;0.008;0.641;
4040;0.154;0.016;0.176;0.025;0.004;0.010;0.615;
4115;0.463;0.016;0.123;0.049;0.002;0.014;0.333;
4178;0.289;0.012;0.127;0.057;0.002;0.010;0.502;
4232;0.509;0.013;0.100;0.023;0.001;0.006;0.348;
4295;0.133;0.008;0.097;0.006;0.003;0.008;0.746;
4375;0.445;0.013;0.163;0.117;0.003;0.007;0.252;
4440;0.210;0.015;0.153;0.048;0.002;0.013;0.559;
4503;0.205;0.010;0.074;0.033;0.002;0.011;0.663;
4568;0.290;0.010;0.090;0.029;0.002;0.012;0.566;
4634;0.453;0.012;0.094;0.114;0.003;0.009;0.314;
4695;0.194;0.016;0.098;0.429;0.005;0.016;0.242;
4787;0.319;0.014;0.119;0.168;0.006;0.010;0.365;
4840;0.542;0.010;0.084;0.032;0.002;0.005;0.324;
4903;0.453;0.013;0.094;0.074;0.003;0.021;0.343;
4968;0.333;0.019;0.149;0.268;0.007;0.020;0.203;
5033;0.214;0.023;0.198;0.170;0.008;0.023;0.365;
5112;0.251;0.016;0.170;0.136;0.005;0.016;0.406;
5176;0.328;0.011;0.075;0.013;0.002;0.010;0.562;
5240;0.259;0.012;0.150;0.074;0.003;0.009;0.492;
5306;0.358;0.021;0.170;0.163;0.007;0.021;0.259;
5369;0.168;0.011;0.121;0.050;0.003;0.016;0.631;
5446;0.227;0.011;0.160;0.039;0.002;0.011;0.550;
5512;0.108;0.009;0.119;0.015;0.002;0.024;0.724;
5574;0.144;0.010;0.134;0.017;0.002;0.028;0.664;
5640;0.153;0.012;0.081;0.019;0.003;0.044;0.688;
5703;0.106;0.009;0.101;0.023;0.002;0.014;0.744;
5767;0.417;0.017;0.123;0.152;0.005;0.015;0.270;
5848;0.153;0.013;0.109;0.039;0.002;0.015;0.669;
5911;0.131;0.008;0.095;0.022;0.002;0.010;0.731;
5974;0.123;0.012;0.127;0.024;0.002;0.017;0.695;
6040;0.108;0.009;0.146;0.025;0.003;0.031;0.679;
6115;0.294;0.012;0.176;0.080;0.004;0.014;0.420;
6178;0.186;0.009;0.172;0.010;0.002;0.013;0.608;
6249;0.477;0.013;0.143;0.099;0.003;0.014;0.251;
6312;0.149;0.009;0.121;0.013;0.003;0.014;0.692;
6374;0.234;0.009;0.136;0.016;0.002;0.010;0.593;
6440;0.436;0.017;0.154;0.167;0.006;0.016;0.204;
6504;0.196;0.008;0.142;0.017;0.002;0.016;0.619;
6568;0.321;0.009;0.135;0.029;0.002;0.008;0.495;
6649;0.190;0.009;0.103;0.032;0.003;0.010;0.652;
6712;0.513;0.014;0.091;0.026;0.001;0.006;0.349;
6787;0.302;0.013;0.157;0.054;0.003;0.009;0.462;
6840;0.405;0.013;0.127;0.171;0.005;0.010;0.268;
6904;0.313;0.012;0.147;0.042;0.002;0.014;0.471;
6983;0.291;0.013;0.181;0.058;0.003;0.020;0.434;
7048;0.407;0.009;0.154;0.019;0.001;0.017;0.392;
7112;0.327;0.012;0.215;0.067;0.003;0.010;0.366;
7177;0.284;0.010;0.161;0.054;0.002;0.010;0.479;
7241;0.356;0.013;0.109;0.082;0.002;0.006;0.433;
7306;0.184;0.017;0.130;0.241;0.005;0.016;0.407;
7383;0.116;0.011;0.162;0.009;0.002;0.018;0.682;
7462;0.126;0.009;0.111;0.011;0.002;0.035;0.706;
7511;0.512;0.012;0.114;0.123;0.004;0.009;0.226;
7576;0.595;0.012;0.103;0.062;0.002;0.008;0.218;
7641;0.586;0.011;0.119;0.116;0.003;0.011;0.154;
7720;0.683;0.013;0.113;0.030;0.001;0.008;0.152;
7784;0.418;0.015;0.158;0.081;0.003;0.007;0.317;
7848;0.199;0.009;0.114;0.014;0.002;0.008;0.653;
7913;0.496;0.009;0.117;0.021;0.001;0.013;0.342;
7975;0.152;0.009;0.102;0.028;0.002;0.015;0.693;
8040;0.103;0.009;0.079;0.009;0.002;0.018;0.780;
8132;0.140;0.009;0.084;0.013;0.004;0.023;0.728;
8193;0.439;0.010;0.145;0.037;0.001;0.003;0.364;
8247;0.415;0.028;0.209;0.203;0.008;0.014;0.123;
8312;0.399;0.013;0.180;0.068;0.002;0.010;0.327;
8375;0.400;0.011;0.101;0.009;0.001;0.006;0.471;
8455;0.565;0.011;0.122;0.127;0.004;0.008;0.163;
8519;0.298;0.015;0.141;0.180;0.005;0.018;0.342;
8583;0.495;0.013;0.148;0.061;0.002;0.012;0.269;
8648;0.515;0.018;0.137;0.126;0.004;0.022;0.178;
8712;0.282;0.014;0.161;0.094;0.004;0.016;0.430;
8786;0.437;0.022;0.212;0.169;0.007;0.018;0.134;
8854;0.414;0.011;0.131;0.040;0.002;0.012;0.390;
8919;0.606;0.012;0.107;0.059;0.002;0.014;0.200;
8983;0.373;0.017;0.129;0.136;0.006;0.017;0.321;
9048;0.341;0.011;0.125;0.209;0.005;0.011;0.298;
9112;0.341;0.010;0.104;0.043;0.004;0.015;0.483;
9194;0.222;0.010;0.135;0.019;0.002;0.010;0.602;
9255;0.473;0.013;0.094;0.101;0.003;0.016;0.300;
9320;0.580;0.015;0.090;0.131;0.005;0.024;0.155;
9384;0.268;0.021;0.121;0.334;0.005;0.016;0.235;
9461;0.311;0.009;0.136;0.043;0.002;0.009;0.490;
9869;0.600;0.012;0.152;0.112;0.003;0.012;0.109;
9933;0.505;0.009;0.157;0.033;0.002;0.009;0.286;
9992;0.480;0.011;0.104;0.077;0.002;0.006;0.320;
10055;0.144;0.009;0.096;0.023;0.002;0.017;0.708;
10119;0.231;0.015;0.145;0.160;0.006;0.022;0.423;
10183;0.233;0.013;0.114;0.053;0.003;0.017;0.566;
10248;0.412;0.011;0.134;0.052;0.002;0.012;0.378;
10328;0.478;0.015;0.170;0.163;0.005;0.009;0.160;
10391;0.551;0.015;0.139;0.133;0.004;0.006;0.153;
10466;0.163;0.022;0.206;0.339;0.008;0.019;0.244;
10529;0.222;0.010;0.107;0.067;0.003;0.010;0.581;
10584;0.084;0.006;0.107;0.009;0.002;0.016;0.774;
10649;0.255;0.018;0.134;0.318;0.006;0.013;0.256;
10729;0.214;0.014;0.157;0.315;0.007;0.016;0.277;
10795;0.371;0.014;0.143;0.063;0.002;0.010;0.398;
10856;0.293;0.023;0.194;0.267;0.008;0.016;0.200;
10921;0.249;0.011;0.124;0.059;0.003;0.019;0.535;
10984;0.114;0.014;0.178;0.068;0.004;0.016;0.606;
11063;0.225;0.015;0.163;0.089;0.004;0.025;0.480;
11142;0.526;0.014;0.106;0.127;0.003;0.010;0.214;
11194;0.245;0.010;0.089;0.052;0.004;0.012;0.589;
11256;0.347;0.014;0.124;0.203;0.004;0.008;0.300;
11320;0.229;0.010;0.108;0.041;0.002;0.012;0.596;
11383;0.142;0.012;0.107;0.061;0.003;0.015;0.660;
11465;0.165;0.013;0.181;0.126;0.004;0.014;0.496;
11531;0.247;0.020;0.163;0.227;0.006;0.016;0.321;
11593;0.180;0.013;0.132;0.084;0.003;0.012;0.576;
11655;0.143;0.007;0.112;0.024;0.002;0.009;0.702;
11719;0.196;0.011;0.156;0.061;0.002;0.012;0.562;
11813;0.237;0.013;0.141;0.079;0.003;0.022;0.504;
11865;0.118;0.011;0.175;0.056;0.005;0.034;0.601;
11929;0.113;0.016;0.143;0.311;0.005;0.022;0.390;
11992;0.355;0.012;0.180;0.053;0.003;0.010;0.388;
12055;0.189;0.011;0.157;0.047;0.002;0.010;0.583;
12121;0.308;0.016;0.092;0.064;0.004;0.019;0.497;
12200;0.290;0.018;0.177;0.142;0.005;0.017;0.351;
12264;0.361;0.011;0.168;0.029;0.002;0.011;0.419;
12328;0.209;0.012;0.113;0.056;0.003;0.013;0.593;
12393;0.069;0.010;0.105;0.048;0.003;0.024;0.741;
12467;0.239;0.014;0.101;0.104;0.003;0.018;0.521;
12535;0.267;0.010;0.098;0.017;0.002;0.010;0.597;
12600;0.274;0.011;0.140;0.090;0.003;0.009;0.473;
12664;0.100;0.010;0.102;0.030;0.003;0.029;0.725;
12728;0.208;0.009;0.156;0.020;0.002;0.019;0.586;
12792;0.116;0.013;0.156;0.092;0.004;0.022;0.597;
12855;0.111;0.009;0.110;0.018;0.002;0.022;0.728;
12935;0.477;0.007;0.143;0.015;0.002;0.009;0.348;
12999;0.181;0.009;0.132;0.018;0.002;0.018;0.640;
13063;0.070;0.006;0.123;0.008;0.002;0.017;0.774;
13140;0.269;0.008;0.118;0.026;0.002;0.005;0.572;
13193;0.263;0.009;0.126;0.044;0.002;0.009;0.546;
13272;0.147;0.009;0.105;0.011;0.002;0.030;0.696;
13334;0.138;0.016;0.137;0.083;0.004;0.022;0.601;
13759;0.120;0.008;0.127;0.023;0.003;0.015;0.704;
13805;0.163;0.011;0.109;0.081;0.004;0.017;0.616;
13871;0.095;0.007;0.117;0.011;0.002;0.011;0.756;
13928;0.635;0.010;0.082;0.014;0.002;0.021;0.236;
13992;0.257;0.010;0.163;0.041;0.004;0.023;0.502;
14071;0.458;0.014;0.138;0.089;0.003;0.019;0.280;
14147;0.457;0.017;0.126;0.264;0.005;0.013;0.119;
14200;0.618;0.013;0.094;0.061;0.005;0.012;0.197;
14264;0.133;0.010;0.145;0.030;0.002;0.015;0.666;
14328;0.311;0.012;0.116;0.020;0.002;0.018;0.520;
14409;0.227;0.013;0.163;0.078;0.003;0.022;0.494;
14473;0.199;0.011;0.098;0.056;0.003;0.008;0.626;
14536;0.260;0.011;0.116;0.040;0.003;0.015;0.554;
14600;0.439;0.013;0.155;0.119;0.004;0.011;0.260;
14664;0.657;0.013;0.109;0.034;0.001;0.009;0.178;
14729;0.534;0.014;0.129;0.170;0.004;0.010;0.138;
14824;0.585;0.013;0.124;0.061;0.002;0.021;0.195;
14886;0.316;0.013;0.136;0.088;0.003;0.008;0.436;
14938;0.201;0.013;0.108;0.142;0.004;0.013;0.519;
15001;0.251;0.008;0.141;0.020;0.003;0.013;0.563;
15063;0.274;0.011;0.158;0.055;0.002;0.010;0.491;
15145;0.447;0.013;0.101;0.103;0.003;0.010;0.323;
15210;0.589;0.011;0.119;0.043;0.001;0.007;0.231;
15273;0.132;0.011;0.175;0.023;0.003;0.011;0.645;
15336;0.166;0.008;0.108;0.010;0.003;0.017;0.688;
15401;0.129;0.012;0.216;0.038;0.004;0.021;0.580;
15479;0.251;0.017;0.163;0.197;0.006;0.021;0.345;
15544;0.282;0.016;0.253;0.129;0.006;0.017;0.296;
15609;0.386;0.009;0.156;0.038;0.002;0.008;0.402;
15673;0.253;0.011;0.116;0.050;0.002;0.005;0.562;
15736;0.187;0.012;0.105;0.032;0.003;0.017;0.644;
15802;0.176;0.008;0.129;0.010;0.002;0.006;0.670;
15880;0.229;0.009;0.114;0.246;0.005;0.007;0.390;
15945;0.274;0.011;0.134;0.024;0.002;0.016;0.539;
16009;0.402;0.013;0.115;0.125;0.004;0.022;0.318;
16073;0.147;0.012;0.090;0.063;0.003;0.019;0.665;
16147;0.435;0.011;0.098;0.072;0.003;0.012;0.369;
16200;0.212;0.014;0.150;0.073;0.003;0.013;0.535;
16281;0.452;0.013;0.102;0.031;0.002;0.009;0.392;
16343;0.289;0.013;0.133;0.058;0.003;0.029;0.475;
16409;0.274;0.017;0.197;0.199;0.008;0.015;0.290;
16473;0.411;0.014;0.097;0.088;0.003;0.010;0.376;
16536;0.265;0.010;0.148;0.012;0.002;0.009;0.555;
16615;0.465;0.010;0.157;0.058;0.002;0.008;0.299;
16681;0.327;0.013;0.130;0.183;0.006;0.012;0.329;
16743;0.236;0.009;0.107;0.036;0.002;0.007;0.603;
16823;0.202;0.009;0.096;0.026;0.002;0.008;0.657;
16883;0.195;0.014;0.191;0.122;0.005;0.016;0.457;
16935;0.053;0.008;0.230;0.021;0.003;0.015;0.670;
17015;0.219;0.018;0.285;0.086;0.006;0.016;0.370;
17079;0.161;0.013;0.263;0.038;0.004;0.011;0.509;
17143;0.075;0.009;0.243;0.033;0.003;0.011;0.626;
17210;0.130;0.010;0.179;0.058;0.003;0.009;0.611;
17272;0.167;0.012;0.199;0.043;0.004;0.021;0.555;
17351;0.198;0.014;0.179;0.212;0.008;0.012;0.377;
17415;0.097;0.009;0.139;0.030;0.002;0.010;0.714;
17495;0.336;0.010;0.170;0.025;0.002;0.016;0.443;
17548;0.191;0.009;0.166;0.013;0.002;0.011;0.608;
17608;0.359;0.010;0.140;0.061;0.002;0.007;0.421;
17673;0.144;0.010;0.112;0.059;0.003;0.028;0.643;
17752;0.461;0.013;0.124;0.169;0.004;0.010;0.219;
17815;0.168;0.008;0.107;0.017;0.003;0.018;0.678;
17894;0.592;0.009;0.171;0.067;0.002;0.006;0.152;
17948;0.100;0.008;0.108;0.006;0.002;0.020;0.756;
18008;0.298;0.018;0.168;0.188;0.006;0.014;0.309;
18072;0.397;0.015;0.163;0.116;0.004;0.016;0.289;
18163;0.456;0.009;0.113;0.026;0.002;0.009;0.386;
18215;0.247;0.009;0.110;0.025;0.004;0.014;0.592;
18284;0.075;0.007;0.100;0.005;0.002;0.008;0.804;
18343;0.142;0.008;0.162;0.025;0.003;0.013;0.648;
18411;0.305;0.009;0.103;0.031;0.002;0.007;0.543;
18490;0.256;0.013;0.109;0.044;0.002;0.014;0.562;
18552;0.116;0.011;0.167;0.136;0.004;0.015;0.551;
18616;0.339;0.008;0.125;0.043;0.006;0.009;0.470;
18681;0.313;0.012;0.095;0.033;0.002;0.011;0.534;
18744;0.373;0.010;0.096;0.098;0.004;0.012;0.406;
18823;0.144;0.009;0.122;0.037;0.002;0.012;0.674;
18887;0.610;0.010;0.093;0.050;0.003;0.005;0.230;
18951;0.409;0.010;0.089;0.072;0.005;0.007;0.407;
19015;0.223;0.008;0.105;0.033;0.003;0.010;0.618;
19079;0.245;0.011;0.096;0.031;0.004;0.008;0.605;
19143;0.322;0.010;0.119;0.143;0.005;0.004;0.397;
19222;0.112;0.008;0.106;0.009;0.002;0.011;0.753;
19288;0.418;0.013;0.135;0.100;0.003;0.012;0.318;
19351;0.102;0.006;0.085;0.005;0.002;0.010;0.790;
19414;0.444;0.011;0.133;0.046;0.002;0.009;0.355;
19493;0.622;0.010;0.070;0.030;0.004;0.009;0.255;
19547;0.388;0.012;0.109;0.103;0.003;0.011;0.374;
19626;0.190;0.009;0.090;0.021;0.004;0.016;0.670;
19691;0.242;0.008;0.165;0.026;0.002;0.016;0.541;
19756;0.273;0.018;0.176;0.387;0.007;0.021;0.118;
19818;0.172;0.011;0.103;0.031;0.003;0.028;0.651;
19887;0.159;0.011;0.094;0.030;0.004;0.029;0.673;
19962;0.122;0.010;0.068;0.029;0.006;0.020;0.745;
20025;0.214;0.010;0.123;0.028;0.002;0.007;0.616;
20090;0.153;0.013;0.147;0.126;0.005;0.016;0.541;
20168;0.095;0.007;0.116;0.015;0.002;0.007;0.759;
20582;0.281;0.010;0.122;0.017;0.002;0.025;0.542;
20650;0.622;0.011;0.112;0.091;0.003;0.009;0.153;
20707;0.225;0.011;0.145;0.045;0.003;0.035;0.536;
20762;0.073;0.006;0.097;0.026;0.002;0.009;0.787;
20827;0.458;0.017;0.157;0.154;0.005;0.017;0.192;
20888;0.559;0.012;0.079;0.160;0.004;0.008;0.178;
20954;0.329;0.010;0.184;0.066;0.003;0.011;0.397;
21022;0.285;0.013;0.160;0.150;0.005;0.009;0.378;
21098;0.196;0.007;0.182;0.030;0.002;0.007;0.576;
21177;0.173;0.012;0.216;0.050;0.004;0.016;0.528;
21242;0.272;0.013;0.126;0.147;0.004;0.009;0.429;
21297;0.394;0.011;0.181;0.064;0.003;0.019;0.328;
21356;0.238;0.010;0.167;0.074;0.004;0.014;0.494;
21428;0.436;0.007;0.132;0.031;0.002;0.009;0.382;
21498;0.192;0.010;0.164;0.039;0.003;0.021;0.573;
21563;0.602;0.009;0.107;0.102;0.004;0.012;0.163;
21627;0.154;0.009;0.120;0.027;0.002;0.012;0.676;
21690;0.151;0.010;0.168;0.026;0.002;0.012;0.631;
21754;0.129;0.010;0.111;0.026;0.002;0.014;0.707;
21847;0.181;0.015;0.161;0.044;0.003;0.041;0.555;
21903;0.196;0.010;0.206;0.025;0.004;0.014;0.545;
21965;0.329;0.015;0.216;0.093;0.005;0.021;0.322;
22031;0.161;0.010;0.124;0.056;0.003;0.014;0.632;
22091;0.273;0.008;0.130;0.040;0.002;0.011;0.536;
22154;0.146;0.008;0.118;0.011;0.002;0.013;0.702;
22235;0.316;0.009;0.159;0.021;0.001;0.012;0.483;
22298;0.173;0.010;0.122;0.011;0.002;0.014;0.668;
22361;0.084;0.007;0.097;0.012;0.003;0.025;0.770;
22428;0.332;0.009;0.119;0.022;0.002;0.016;0.500;
22503;0.460;0.011;0.108;0.079;0.003;0.018;0.321;
22571;0.359;0.009;0.124;0.024;0.002;0.012;0.472;
22637;0.666;0.009;0.103;0.048;0.002;0.006;0.166;
22701;0.334;0.012;0.093;0.083;0.004;0.011;0.462;
23125;0.412;0.009;0.112;0.047;0.002;0.006;0.411;
23193;0.433;0.009;0.119;0.032;0.002;0.010;0.395;
23253;0.513;0.010;0.080;0.042;0.003;0.010;0.342;
23307;0.537;0.010;0.082;0.056;0.004;0.017;0.294;
23379;0.286;0.009;0.118;0.012;0.002;0.010;0.563;
23436;0.336;0.012;0.096;0.077;0.003;0.017;0.459;
23522;0.173;0.012;0.100;0.030;0.002;0.013;0.670;
23588;0.317;0.010;0.120;0.031;0.002;0.013;0.506;
23643;0.120;0.008;0.118;0.010;0.002;0.013;0.729;
23710;0.344;0.011;0.103;0.007;0.001;0.012;0.522;
23782;0.745;0.011;0.068;0.062;0.002;0.006;0.106;
23838;0.480;0.012;0.130;0.069;0.002;0.012;0.294;
23900;0.597;0.011;0.079;0.054;0.003;0.017;0.239;
23967;0.424;0.014;0.085;0.263;0.004;0.005;0.205;
24043;0.539;0.010;0.121;0.041;0.001;0.008;0.279;
24107;0.225;0.010;0.119;0.009;0.002;0.011;0.625;
24193;0.186;0.011;0.113;0.028;0.002;0.010;0.650;
24251;0.320;0.012;0.185;0.009;0.002;0.012;0.458;
24301;0.322;0.010;0.135;0.028;0.002;0.012;0.491;
24369;0.317;0.009;0.122;0.026;0.003;0.011;0.513;
24447;0.119;0.007;0.130;0.009;0.002;0.008;0.726;
24507;0.314;0.011;0.096;0.022;0.003;0.017;0.538;
24578;0.404;0.011;0.118;0.024;0.003;0.028;0.412;
24637;0.158;0.011;0.085;0.015;0.004;0.020;0.707;
24702;0.092;0.008;0.068;0.004;0.002;0.025;0.801;
24781;0.190;0.010;0.079;0.014;0.003;0.021;0.682;
24873;0.377;0.012;0.110;0.011;0.002;0.023;0.465;
24918;0.455;0.009;0.110;0.076;0.004;0.007;0.341;
24985;0.128;0.010;0.114;0.012;0.002;0.060;0.674;
25041;0.201;0.010;0.150;0.027;0.003;0.011;0.598;
25101;0.287;0.012;0.137;0.044;0.002;0.015;0.502;
25182;0.449;0.012;0.094;0.047;0.002;0.008;0.388;
25243;0.191;0.009;0.112;0.045;0.004;0.013;0.626;
25308;0.621;0.009;0.109;0.078;0.003;0.009;0.170;
25374;0.277;0.009;0.130;0.035;0.003;0.014;0.532;
25438;0.332;0.011;0.073;0.039;0.003;0.012;0.530;
25513;0.286;0.014;0.123;0.170;0.004;0.011;0.392;
25581;0.222;0.013;0.178;0.032;0.002;0.012;0.541;
25644;0.223;0.015;0.113;0.023;0.002;0.028;0.596;
25707;0.220;0.011;0.105;0.045;0.003;0.011;0.606;
25773;0.561;0.009;0.128;0.057;0.001;0.005;0.237;
25835;0.159;0.008;0.119;0.012;0.002;0.012;0.689;
25914;0.355;0.011;0.092;0.040;0.003;0.008;0.493;
25982;0.371;0.011;0.129;0.013;0.002;0.011;0.464;
26045;0.355;0.012;0.103;0.020;0.003;0.009;0.497;
26106;0.328;0.013;0.098;0.055;0.008;0.017;0.482;
26188;0.310;0.013;0.110;0.039;0.003;0.010;0.515;
26243;0.212;0.011;0.120;0.034;0.004;0.022;0.598;
26317;0.464;0.013;0.092;0.063;0.004;0.016;0.348;
26381;0.138;0.010;0.088;0.005;0.002;0.025;0.733;
26446;0.134;0.010;0.105;0.006;0.002;0.019;0.724;
26507;0.316;0.010;0.147;0.021;0.002;0.019;0.485;
26578;0.218;0.009;0.116;0.009;0.006;0.017;0.626;
26651;0.361;0.012;0.146;0.084;0.003;0.014;0.381;
26713;0.259;0.013;0.114;0.150;0.004;0.007;0.454;
26779;0.149;0.009;0.079;0.010;0.002;0.014;0.738;
26851;0.113;0.008;0.097;0.012;0.002;0.006;0.762;
26903;0.194;0.014;0.186;0.068;0.003;0.017;0.517;
26968;0.190;0.008;0.142;0.021;0.002;0.006;0.632;
27049;0.286;0.014;0.141;0.057;0.002;0.006;0.495;
27113;0.408;0.013;0.109;0.051;0.002;0.007;0.410;
27175;0.261;0.011;0.119;0.017;0.002;0.004;0.587;
27240;0.059;0.006;0.070;0.003;0.001;0.011;0.850;
27307;0.341;0.011;0.099;0.049;0.005;0.010;0.486;
27383;0.243;0.011;0.110;0.025;0.002;0.006;0.603;
27448;0.256;0.013;0.095;0.050;0.002;0.013;0.571;
27523;0.183;0.015;0.071;0.017;0.002;0.027;0.686;
27585;0.358;0.012;0.090;0.032;0.002;0.006;0.500;
27640;0.217;0.010;0.079;0.029;0.003;0.005;0.658;
27703;0.129;0.007;0.076;0.005;0.002;0.008;0.774;
27783;0.047;0.005;0.067;0.003;0.002;0.006;0.870;
28215;0.116;0.007;0.093;0.003;0.001;0.011;0.769;
28256;0.040;0.005;0.050;0.002;0.002;0.006;0.895;
28320;0.040;0.005;0.071;0.003;0.001;0.007;0.873;
28377;0.067;0.011;0.146;0.018;0.002;0.007;0.749;
28442;0.021;0.004;0.056;0.001;0.001;0.004;0.913;
28533;0.163;0.012;0.120;0.008;0.002;0.015;0.680;
28584;0.108;0.009;0.138;0.012;0.002;0.013;0.718;
28650;0.361;0.010;0.103;0.019;0.002;0.010;0.495;
28713;0.288;0.010;0.096;0.037;0.002;0.013;0.554;
28775;0.387;0.009;0.086;0.047;0.003;0.008;0.459;
28840;0.188;0.009;0.096;0.006;0.002;0.008;0.691;
28919;0.212;0.012;0.113;0.007;0.002;0.008;0.645;
28983;0.050;0.008;0.078;0.011;0.002;0.006;0.846;
29047;0.073;0.008;0.104;0.005;0.002;0.008;0.800;
29111;0.100;0.011;0.156;0.008;0.003;0.010;0.713;
29186;0.255;0.014;0.136;0.035;0.002;0.008;0.551;
29255;0.206;0.011;0.120;0.012;0.002;0.006;0.644;
29323;0.085;0.010;0.169;0.014;0.003;0.009;0.711;
29384;0.036;0.005;0.089;0.004;0.001;0.017;0.848;
29452;0.077;0.008;0.146;0.006;0.002;0.009;0.752;
29515;0.445;0.009;0.101;0.012;0.001;0.006;0.424;
29577;0.068;0.007;0.060;0.006;0.002;0.005;0.852;
29666;0.032;0.004;0.065;0.004;0.001;0.003;0.891;
29740;0.339;0.009;0.102;0.104;0.005;0.009;0.432;
29803;0.245;0.011;0.070;0.013;0.003;0.014;0.646;
29875;0.323;0.017;0.083;0.007;0.002;0.005;0.562;
29942;0.394;0.011;0.099;0.060;0.006;0.006;0.423;
30000;0.208;0.010;0.084;0.016;0.002;0.008;0.672;
30059;0.480;0.010;0.085;0.036;0.003;0.008;0.377;
30127;0.219;0.009;0.091;0.010;0.002;0.012;0.657;
30183;0.180;0.010;0.072;0.009;0.002;0.011;0.717;
30254;0.260;0.012;0.059;0.017;0.003;0.004;0.643;
30335;0.319;0.011;0.068;0.017;0.003;0.011;0.571;
30391;0.257;0.013;0.084;0.013;0.002;0.012;0.620;
30454;0.134;0.012;0.132;0.010;0.002;0.006;0.704;
30532;0.140;0.008;0.115;0.016;0.002;0.006;0.712;
30583;0.380;0.011;0.092;0.061;0.002;0.010;0.444;
30648;0.153;0.011;0.129;0.056;0.002;0.007;0.642;
30728;0.257;0.016;0.134;0.022;0.002;0.010;0.560;
30792;0.204;0.008;0.109;0.022;0.002;0.011;0.644;
30856;0.087;0.006;0.075;0.004;0.001;0.008;0.819;
30920;0.314;0.014;0.116;0.050;0.002;0.006;0.498;
30983;0.114;0.007;0.080;0.004;0.001;0.009;0.785;
31048;0.209;0.012;0.083;0.021;0.002;0.012;0.661;
31127;0.175;0.011;0.073;0.011;0.002;0.008;0.721;
31206;0.134;0.008;0.064;0.015;0.003;0.006;0.770;
31254;0.129;0.009;0.085;0.010;0.002;0.005;0.762;
31319;0.032;0.004;0.062;0.004;0.001;0.011;0.886;
31382;0.086;0.007;0.101;0.007;0.002;0.005;0.791;
31464;0.063;0.006;0.080;0.004;0.002;0.007;0.838;
31528;0.148;0.009;0.079;0.005;0.001;0.010;0.747;
31592;0.045;0.006;0.075;0.004;0.001;0.005;0.864;
31655;0.077;0.007;0.078;0.023;0.002;0.004;0.810;
31720;0.053;0.008;0.087;0.005;0.001;0.008;0.837;
31783;0.084;0.007;0.136;0.008;0.002;0.009;0.754;
32252;0.098;0.008;0.069;0.009;0.003;0.012;0.801;
32319;0.230;0.015;0.116;0.026;0.002;0.006;0.605;
32371;0.034;0.005;0.073;0.003;0.001;0.012;0.872;
32412;0.300;0.017;0.061;0.104;0.006;0.010;0.502;
32474;0.270;0.011;0.088;0.006;0.002;0.008;0.615;
32527;0.143;0.014;0.057;0.004;0.001;0.013;0.768;
32600;0.103;0.010;0.075;0.003;0.001;0.009;0.798;
32664;0.097;0.009;0.077;0.005;0.002;0.006;0.806;
32728;0.126;0.010;0.062;0.004;0.001;0.012;0.786;
32792;0.174;0.010;0.083;0.008;0.002;0.010;0.713;
32866;0.185;0.011;0.105;0.006;0.002;0.006;0.685;
32919;0.080;0.008;0.041;0.003;0.002;0.012;0.854;
33344;0.227;0.010;0.090;0.008;0.002;0.013;0.649;
33413;0.315;0.015;0.062;0.009;0.004;0.007;0.587;
33468;0.103;0.011;0.047;0.003;0.002;0.009;0.825;
33528;0.137;0.011;0.080;0.008;0.002;0.005;0.757;
33591;0.104;0.008;0.088;0.004;0.002;0.011;0.783;
33656;0.186;0.012;0.064;0.011;0.002;0.005;0.720;
33736;0.420;0.010;0.106;0.008;0.001;0.006;0.449;
33809;0.265;0.014;0.064;0.015;0.003;0.027;0.611;
33874;0.204;0.011;0.116;0.006;0.002;0.008;0.654;
33936;0.071;0.007;0.074;0.003;0.001;0.007;0.837;
34003;0.088;0.009;0.076;0.006;0.002;0.030;0.788;
34071;0.085;0.009;0.057;0.003;0.001;0.010;0.835;
34136;0.275;0.014;0.165;0.008;0.002;0.008;0.527;
34200;0.103;0.008;0.062;0.004;0.002;0.011;0.810;
34266;0.257;0.012;0.083;0.009;0.003;0.024;0.613;
34330;0.110;0.008;0.099;0.014;0.002;0.005;0.762;
34393;0.313;0.009;0.086;0.007;0.002;0.012;0.571;
34476;0.118;0.008;0.083;0.004;0.002;0.011;0.774;
34548;0.146;0.009;0.078;0.007;0.002;0.011;0.747;
34612;0.065;0.006;0.071;0.004;0.001;0.011;0.842;
34666;0.146;0.008;0.084;0.004;0.001;0.009;0.748;
34729;0.060;0.007;0.062;0.003;0.001;0.007;0.860;
34812;0.076;0.009;0.042;0.003;0.002;0.009;0.859;
34872;0.116;0.010;0.053;0.008;0.006;0.012;0.795;
34935;0.064;0.006;0.046;0.003;0.002;0.008;0.871;
35000;0.093;0.007;0.074;0.030;0.006;0.009;0.782;
35065;0.264;0.013;0.080;0.014;0.004;0.031;0.595;
35130;0.186;0.014;0.085;0.012;0.002;0.035;0.665;
35222;0.160;0.008;0.076;0.015;0.003;0.011;0.726;
35272;0.226;0.010;0.118;0.037;0.002;0.004;0.604;
35335;0.249;0.010;0.073;0.004;0.002;0.012;0.650;
35400;0.046;0.006;0.069;0.003;0.001;0.026;0.849;
35466;0.172;0.007;0.095;0.005;0.003;0.005;0.713;
35543;0.311;0.010;0.081;0.019;0.003;0.009;0.567;
35610;0.184;0.010;0.079;0.008;0.002;0.007;0.711;
35671;0.220;0.013;0.058;0.012;0.003;0.010;0.684;
35734;0.118;0.009;0.058;0.004;0.002;0.010;0.798;
35801;0.172;0.011;0.065;0.005;0.002;0.013;0.732;
35877;0.163;0.011;0.068;0.006;0.002;0.009;0.742;
35944;0.527;0.013;0.059;0.079;0.007;0.008;0.307;
36008;0.493;0.011;0.079;0.018;0.004;0.009;0.385;
36073;0.367;0.013;0.088;0.019;0.004;0.017;0.491;
36137;0.338;0.013;0.095;0.038;0.002;0.007;0.508;
36201;0.531;0.020;0.060;0.015;0.004;0.014;0.356;
36281;0.486;0.014;0.088;0.063;0.002;0.017;0.329;
36343;0.484;0.013;0.076;0.024;0.002;0.010;0.390;
36411;0.044;0.005;0.053;0.003;0.001;0.012;0.882;
36471;0.095;0.008;0.072;0.005;0.001;0.013;0.806;
36549;0.122;0.012;0.157;0.030;0.003;0.016;0.659;
36613;0.073;0.007;0.086;0.008;0.002;0.013;0.812;
37038;0.152;0.008;0.086;0.006;0.001;0.013;0.734;
37082;0.167;0.011;0.116;0.036;0.002;0.016;0.653;
37146;0.046;0.006;0.062;0.003;0.001;0.009;0.873;
37210;0.368;0.011;0.102;0.019;0.001;0.006;0.492;
37271;0.186;0.010;0.078;0.016;0.009;0.011;0.691;
37334;0.158;0.009;0.088;0.014;0.002;0.008;0.722;
37414;0.195;0.010;0.123;0.028;0.003;0.016;0.626;
37479;0.055;0.007;0.055;0.004;0.002;0.011;0.866;
37555;0.043;0.006;0.059;0.004;0.001;0.016;0.872;
37608;0.155;0.009;0.077;0.025;0.003;0.008;0.723;
37673;0.075;0.007;0.061;0.005;0.003;0.020;0.828;
37736;0.194;0.008;0.082;0.006;0.004;0.011;0.696;
37815;0.176;0.009;0.119;0.007;0.002;0.012;0.676;
37880;0.136;0.008;0.185;0.019;0.003;0.013;0.635;
37945;0.061;0.006;0.113;0.013;0.002;0.012;0.792;
38007;0.078;0.006;0.076;0.006;0.003;0.013;0.817;
38072;0.091;0.008;0.095;0.019;0.002;0.017;0.767;
38151;0.079;0.009;0.143;0.034;0.003;0.019;0.714;
38594;0.285;0.012;0.092;0.012;0.001;0.011;0.588;
38645;0.122;0.009;0.098;0.021;0.002;0.009;0.739;
38710;0.133;0.007;0.114;0.015;0.002;0.009;0.719;
38760;0.078;0.008;0.129;0.011;0.002;0.017;0.756;
38810;0.278;0.011;0.099;0.032;0.002;0.005;0.573;
38888;0.168;0.010;0.098;0.023;0.002;0.012;0.686;
38952;0.202;0.009;0.139;0.022;0.002;0.010;0.615;
39015;0.101;0.007;0.065;0.003;0.001;0.008;0.814;
39081;0.075;0.005;0.082;0.003;0.001;0.013;0.820;
39143;0.164;0.008;0.129;0.014;0.002;0.007;0.675;
39222;0.087;0.007;0.106;0.008;0.002;0.027;0.763;
39288;0.398;0.012;0.091;0.087;0.003;0.008;0.402;
39357;0.271;0.009;0.108;0.021;0.002;0.010;0.580;
39418;0.162;0.010;0.088;0.022;0.002;0.005;0.711;
39482;0.057;0.005;0.061;0.005;0.003;0.008;0.860;
39544;0.084;0.006;0.083;0.005;0.002;0.012;0.808;
39634;0.110;0.008;0.054;0.012;0.004;0.011;0.800;
39702;0.173;0.008;0.108;0.016;0.003;0.008;0.684;
39757;0.022;0.003;0.049;0.002;0.001;0.007;0.916;
39822;0.287;0.009;0.088;0.006;0.002;0.012;0.596;
39902;0.069;0.006;0.077;0.015;0.003;0.007;0.823;
39955;0.094;0.006;0.069;0.006;0.002;0.005;0.819;
40023;0.051;0.007;0.059;0.005;0.002;0.011;0.865;
40088;0.049;0.004;0.083;0.004;0.002;0.005;0.854;
40152;0.060;0.006;0.046;0.003;0.001;0.005;0.878;
40215;0.231;0.010;0.070;0.012;0.002;0.011;0.664;
40283;0.208;0.012;0.100;0.011;0.002;0.025;0.642;
40344;0.131;0.009;0.055;0.010;0.002;0.008;0.786;
40425;0.128;0.010;0.086;0.039;0.002;0.008;0.726;
40487;0.045;0.005;0.098;0.003;0.001;0.009;0.839;
40563;0.318;0.010;0.086;0.010;0.002;0.005;0.569;
40614;0.107;0.009;0.067;0.007;0.001;0.007;0.802;
40680;0.256;0.011;0.098;0.012;0.002;0.007;0.615;
40759;0.104;0.009;0.120;0.007;0.002;0.010;0.747;
40827;0.148;0.013;0.111;0.011;0.002;0.009;0.706;
40892;0.069;0.009;0.114;0.006;0.002;0.008;0.792;
40951;0.074;0.010;0.084;0.006;0.002;0.010;0.814;
41014;0.125;0.010;0.077;0.004;0.002;0.007;0.776;
41079;0.195;0.010;0.078;0.006;0.001;0.011;0.699;
41159;0.142;0.012;0.070;0.007;0.001;0.009;0.758;
41235;0.109;0.008;0.067;0.009;0.001;0.005;0.801;
41297;0.433;0.012;0.081;0.009;0.001;0.008;0.457;
41353;0.081;0.012;0.106;0.019;0.002;0.006;0.774;
41787;0.144;0.010;0.088;0.009;0.002;0.008;0.739;
41857;0.177;0.012;0.048;0.010;0.002;0.008;0.744;
41909;0.428;0.016;0.046;0.021;0.003;0.009;0.478;
41963;0.270;0.010;0.086;0.009;0.003;0.010;0.612;
42023;0.319;0.011;0.061;0.004;0.003;0.011;0.592;
42087;0.288;0.010;0.080;0.013;0.003;0.009;0.598;
42151;0.308;0.013;0.055;0.014;0.002;0.008;0.600;
42244;0.288;0.013;0.059;0.010;0.003;0.013;0.614;
42295;0.203;0.013;0.045;0.007;0.003;0.008;0.720;
42362;0.188;0.013;0.065;0.011;0.002;0.018;0.704;
42431;0.242;0.013;0.059;0.006;0.002;0.013;0.665;
42487;0.531;0.014;0.053;0.006;0.004;0.016;0.376;
42551;0.166;0.012;0.053;0.009;0.003;0.013;0.744;
42631;0.038;0.006;0.031;0.002;0.002;0.006;0.916;
42694;0.192;0.011;0.058;0.006;0.002;0.008;0.722;
42761;0.277;0.012;0.062;0.018;0.002;0.016;0.614;
42825;0.162;0.012;0.053;0.006;0.002;0.006;0.759;
42904;0.082;0.009;0.069;0.003;0.001;0.005;0.829;
42969;0.168;0.011;0.053;0.006;0.002;0.007;0.753;
43035;0.043;0.006;0.094;0.003;0.001;0.012;0.839;
43095;0.367;0.013;0.085;0.031;0.002;0.013;0.489;
43161;0.392;0.014;0.065;0.041;0.002;0.010;0.476;
43224;0.264;0.013;0.070;0.008;0.002;0.012;0.631;
43289;0.258;0.012;0.061;0.013;0.002;0.011;0.643;
43370;0.134;0.010;0.058;0.017;0.003;0.015;0.764;
43435;0.204;0.010;0.053;0.018;0.004;0.007;0.705;
43496;0.135;0.012;0.127;0.019;0.002;0.009;0.696;
43574;0.268;0.013;0.110;0.046;0.002;0.010;0.552;
43638;0.196;0.010;0.084;0.005;0.002;0.023;0.680;
43703;0.117;0.014;0.044;0.004;0.007;0.023;0.791;
43768;0.262;0.018;0.049;0.005;0.009;0.026;0.632;
43833;0.154;0.010;0.046;0.006;0.004;0.006;0.775;
43896;0.111;0.006;0.067;0.006;0.002;0.004;0.804;
43961;0.180;0.010;0.089;0.007;0.001;0.020;0.693;
44026;0.469;0.010;0.081;0.075;0.005;0.011;0.349;
44102;0.158;0.010;0.058;0.007;0.004;0.015;0.747;
44169;0.125;0.007;0.076;0.003;0.002;0.007;0.780;
44257;0.122;0.007;0.137;0.010;0.002;0.021;0.701;
44323;0.073;0.007;0.137;0.008;0.002;0.014;0.759;
44363;0.235;0.012;0.213;0.011;0.003;0.010;0.516;
44430;0.163;0.010;0.138;0.018;0.003;0.008;0.661;
44503;0.079;0.008;0.084;0.009;0.001;0.004;0.815;
44568;0.244;0.011;0.179;0.026;0.002;0.017;0.519;
44632;0.166;0.008;0.118;0.006;0.002;0.012;0.689;
44694;0.068;0.006;0.080;0.009;0.001;0.007;0.828;
44759;0.085;0.008;0.085;0.006;0.001;0.010;0.805;
44839;0.043;0.005;0.083;0.004;0.001;0.005;0.860;
44914;0.291;0.011;0.073;0.007;0.002;0.007;0.610;
44968;0.179;0.008;0.130;0.010;0.002;0.006;0.665;
45032;0.112;0.008;0.082;0.007;0.002;0.007;0.783;
45094;0.359;0.010;0.091;0.030;0.002;0.004;0.505;
45160;0.138;0.015;0.170;0.014;0.003;0.009;0.651;
45241;0.241;0.013;0.065;0.006;0.001;0.019;0.655;
45307;0.422;0.013;0.081;0.037;0.002;0.011;0.433;
45368;0.040;0.005;0.048;0.002;0.001;0.012;0.892;
45435;0.081;0.006;0.100;0.004;0.001;0.012;0.797;
45496;0.224;0.011;0.086;0.010;0.001;0.010;0.656;
45585;0.180;0.008;0.122;0.005;0.002;0.008;0.675;
45652;0.271;0.011;0.076;0.006;0.009;0.008;0.619;
45703;0.311;0.010;0.098;0.023;0.004;0.008;0.545;
45770;0.374;0.012;0.087;0.009;0.001;0.011;0.506;
45838;0.135;0.007;0.067;0.007;0.002;0.006;0.776;
45895;0.102;0.008;0.077;0.004;0.001;0.010;0.797;
45975;0.363;0.015;0.075;0.010;0.001;0.007;0.529;
46044;0.108;0.008;0.087;0.006;0.002;0.011;0.777;
46103;0.088;0.011;0.159;0.040;0.003;0.008;0.691;
46168;0.177;0.009;0.139;0.024;0.002;0.007;0.641;
46595;0.228;0.009;0.093;0.019;0.002;0.012;0.636;
46648;0.158;0.009;0.120;0.016;0.002;0.013;0.682;
46711;0.226;0.010;0.139;0.012;0.002;0.015;0.596;
46775;0.061;0.006;0.056;0.004;0.002;0.019;0.852;
46840;0.041;0.006;0.052;0.005;0.001;0.008;0.887;
46903;0.100;0.010;0.069;0.007;0.001;0.005;0.808;
46969;0.076;0.006;0.060;0.003;0.002;0.004;0.849;
47048;0.064;0.007;0.059;0.003;0.001;0.015;0.851;
47110;0.113;0.013;0.052;0.008;0.002;0.013;0.799;
47175;0.066;0.009;0.053;0.004;0.001;0.009;0.857;
47251;0.249;0.012;0.074;0.009;0.003;0.031;0.623;
47307;0.047;0.006;0.057;0.005;0.001;0.011;0.873;
47372;0.058;0.006;0.064;0.003;0.001;0.009;0.860;
47451;0.028;0.004;0.060;0.006;0.001;0.041;0.860;
47512;0.044;0.005;0.058;0.004;0.003;0.009;0.878;
47575;0.059;0.008;0.058;0.009;0.002;0.019;0.847;
47640;0.149;0.007;0.125;0.006;0.002;0.007;0.704;
47703;0.096;0.008;0.134;0.009;0.002;0.004;0.746;
47767;0.079;0.007;0.084;0.005;0.001;0.007;0.817;
47849;0.050;0.007;0.057;0.006;0.001;0.011;0.868;
47924;0.413;0.010;0.117;0.026;0.001;0.006;0.426;
47985;0.061;0.005;0.059;0.006;0.001;0.005;0.862;
48040;0.191;0.011;0.099;0.016;0.001;0.011;0.670;
48103;0.058;0.008;0.123;0.012;0.002;0.011;0.787;
48183;0.189;0.010;0.108;0.013;0.002;0.006;0.673;
48247;0.051;0.006;0.073;0.005;0.001;0.010;0.854;
48312;0.105;0.008;0.091;0.015;0.001;0.006;0.773;
48374;0.077;0.007;0.065;0.009;0.002;0.006;0.834;
48440;0.048;0.006;0.070;0.004;0.001;0.005;0.866;
48503;0.246;0.011;0.115;0.020;0.001;0.004;0.602;
48594;0.073;0.009;0.151;0.014;0.002;0.011;0.740;
48648;0.139;0.013;0.240;0.013;0.004;0.008;0.582;
48711;0.047;0.005;0.056;0.005;0.001;0.004;0.880;
48775;0.086;0.007;0.076;0.006;0.002;0.008;0.816;
48840;0.096;0.007;0.073;0.004;0.001;0.006;0.812;
48920;0.101;0.008;0.056;0.013;0.002;0.016;0.804;
48984;0.051;0.007;0.066;0.006;0.001;0.004;0.865;
49047;0.071;0.007;0.099;0.004;0.002;0.007;0.812;
49112;0.151;0.009;0.086;0.026;0.003;0.008;0.718;
49177;0.072;0.007;0.080;0.004;0.001;0.011;0.825;
49251;0.106;0.011;0.033;0.012;0.006;0.006;0.825;
49320;0.108;0.007;0.071;0.006;0.002;0.007;0.799;
49383;0.226;0.011;0.123;0.021;0.002;0.008;0.609;
49449;0.240;0.014;0.076;0.042;0.003;0.012;0.613;
49512;0.107;0.010;0.085;0.008;0.002;0.014;0.774;
49575;0.226;0.011;0.064;0.048;0.006;0.008;0.638;
49655;0.279;0.009;0.116;0.008;0.003;0.006;0.579;
49720;0.055;0.007;0.044;0.005;0.002;0.009;0.877;
49783;0.094;0.008;0.067;0.020;0.003;0.008;0.801;
49848;0.066;0.006;0.122;0.006;0.002;0.006;0.793;
49922;0.121;0.008;0.120;0.010;0.002;0.010;0.729;
49986;0.084;0.008;0.067;0.004;0.001;0.013;0.823;
50054;0.057;0.007;0.115;0.004;0.002;0.004;0.811;
50119;0.035;0.004;0.115;0.003;0.001;0.011;0.832;
50183;0.069;0.010;0.120;0.005;0.002;0.009;0.785;
50248;0.055;0.007;0.085;0.005;0.001;0.008;0.840;
50312;0.030;0.004;0.063;0.003;0.001;0.012;0.889;
50391;0.198;0.011;0.054;0.017;0.004;0.011;0.706;
50455;0.037;0.006;0.082;0.008;0.002;0.047;0.818;
50520;0.071;0.010;0.099;0.028;0.002;0.007;0.784;
50596;0.202;0.013;0.110;0.028;0.002;0.005;0.640;
50650;0.161;0.015;0.104;0.031;0.002;0.005;0.681;
50712;0.130;0.008;0.099;0.054;0.003;0.006;0.701;
50793;0.067;0.006;0.076;0.004;0.001;0.007;0.838;
50855;0.078;0.010;0.146;0.010;0.002;0.009;0.745;
50920;0.298;0.009;0.141;0.043;0.002;0.007;0.501;
50983;0.161;0.011;0.089;0.027;0.002;0.011;0.698;
51051;0.166;0.011;0.062;0.003;0.001;0.023;0.733;
51130;0.249;0.012;0.052;0.006;0.003;0.015;0.662;
51193;0.185;0.011;0.056;0.007;0.002;0.009;0.730;
51266;0.038;0.005;0.066;0.003;0.001;0.009;0.878;
51319;0.082;0.006;0.074;0.004;0.002;0.014;0.819;
51383;0.089;0.011;0.168;0.009;0.003;0.012;0.708;
51451;0.048;0.005;0.142;0.008;0.002;0.005;0.789;
51527;0.106;0.008;0.068;0.009;0.002;0.010;0.799;
51591;0.136;0.006;0.135;0.007;0.003;0.010;0.704;
51655;0.117;0.010;0.127;0.011;0.002;0.006;0.727;
51719;0.161;0.011;0.183;0.012;0.003;0.013;0.617;
51784;0.169;0.009;0.092;0.007;0.002;0.039;0.682;
51848;0.223;0.010;0.064;0.009;0.002;0.030;0.662;
51942;0.057;0.007;0.056;0.004;0.001;0.022;0.853;
52005;0.212;0.010;0.101;0.010;0.001;0.011;0.654;
52058;0.063;0.009;0.077;0.008;0.001;0.007;0.834;
52120;0.038;0.005;0.060;0.002;0.001;0.009;0.887;
52183;0.152;0.008;0.096;0.009;0.002;0.008;0.724;
52263;0.083;0.008;0.073;0.013;0.001;0.006;0.815;
52328;0.099;0.006;0.093;0.004;0.001;0.010;0.786;
52391;0.108;0.007;0.113;0.012;0.002;0.015;0.743;
52455;0.053;0.007;0.067;0.005;0.002;0.024;0.843;
52520;0.076;0.005;0.092;0.007;0.001;0.007;0.810;
52594;0.154;0.010;0.136;0.037;0.003;0.015;0.645;
52663;0.175;0.010;0.108;0.015;0.002;0.006;0.684;
52727;0.215;0.013;0.213;0.022;0.004;0.010;0.522;
52792;0.139;0.010;0.169;0.012;0.002;0.009;0.658;
52854;0.123;0.009;0.105;0.010;0.002;0.010;0.742;
52919;0.086;0.010;0.098;0.017;0.002;0.019;0.768;
53000;0.080;0.008;0.104;0.006;0.001;0.012;0.789;
53063;0.037;0.006;0.060;0.004;0.001;0.024;0.869;
53128;0.064;0.008;0.084;0.004;0.001;0.012;0.827;
53195;0.065;0.006;0.077;0.008;0.002;0.010;0.833;
53270;0.143;0.011;0.115;0.047;0.003;0.021;0.660;
53320;0.311;0.011;0.124;0.051;0.002;0.012;0.489;
53401;0.344;0.010;0.086;0.021;0.002;0.007;0.530;
53466;0.041;0.006;0.093;0.011;0.002;0.094;0.754;
53528;0.097;0.009;0.104;0.015;0.002;0.022;0.750;
53592;0.069;0.006;0.086;0.005;0.002;0.025;0.807;
53657;0.039;0.004;0.066;0.003;0.001;0.005;0.881;
53735;0.122;0.009;0.107;0.011;0.002;0.013;0.735;
53801;0.075;0.005;0.107;0.009;0.002;0.009;0.793;
53864;0.155;0.010;0.102;0.015;0.002;0.010;0.706;
53942;0.131;0.006;0.114;0.008;0.002;0.004;0.735;
54003;0.125;0.007;0.114;0.017;0.002;0.006;0.728;
54056;0.074;0.007;0.146;0.011;0.002;0.015;0.745;
54206;0.138;0.009;0.118;0.007;0.002;0.009;0.718;
54269;0.056;0.007;0.076;0.005;0.001;0.016;0.838;
54328;0.086;0.012;0.149;0.008;0.002;0.017;0.725;
54391;0.054;0.006;0.137;0.010;0.002;0.012;0.780;
54470;0.079;0.006;0.078;0.006;0.002;0.008;0.822;
54535;0.100;0.008;0.121;0.009;0.002;0.035;0.726;
54599;0.043;0.005;0.084;0.006;0.001;0.012;0.848;
54675;0.086;0.007;0.086;0.009;0.002;0.017;0.793;
54727;0.265;0.012;0.113;0.043;0.003;0.020;0.545;
54793;0.041;0.004;0.093;0.004;0.001;0.011;0.846;
54872;0.147;0.009;0.074;0.012;0.002;0.011;0.746;
54935;0.090;0.006;0.075;0.025;0.003;0.007;0.795;
55000;0.042;0.004;0.095;0.005;0.001;0.007;0.847;
55063;0.025;0.004;0.067;0.008;0.001;0.008;0.887;
55128;0.103;0.007;0.061;0.003;0.002;0.009;0.815;
55194;0.082;0.007;0.098;0.017;0.002;0.008;0.786;
55272;0.079;0.007;0.068;0.005;0.001;0.014;0.825;
55348;0.286;0.011;0.075;0.021;0.003;0.019;0.584;
55400;0.213;0.009;0.090;0.010;0.002;0.009;0.667;
55470;0.285;0.009;0.110;0.011;0.002;0.007;0.576;
55528;0.283;0.010;0.093;0.049;0.002;0.008;0.555;
55607;0.734;0.010;0.079;0.043;0.004;0.004;0.126;
55672;0.221;0.012;0.065;0.024;0.005;0.008;0.667;
55737;0.317;0.015;0.100;0.097;0.013;0.014;0.444;
55800;0.123;0.010;0.088;0.013;0.002;0.015;0.749;
55867;0.181;0.013;0.120;0.088;0.003;0.018;0.577;
55928;0.123;0.008;0.084;0.016;0.004;0.014;0.751;
56021;0.093;0.010;0.066;0.014;0.007;0.022;0.788;
56083;0.091;0.009;0.053;0.006;0.004;0.016;0.820;
56135;0.214;0.010;0.076;0.010;0.008;0.013;0.669;
56200;0.399;0.008;0.095;0.063;0.006;0.008;0.421;
56263;0.420;0.010;0.109;0.020;0.001;0.007;0.433;
56343;0.313;0.010;0.084;0.009;0.003;0.008;0.572;
56409;0.053;0.006;0.052;0.007;0.003;0.008;0.873;
56473;0.103;0.006;0.123;0.013;0.002;0.005;0.748;
56535;0.078;0.007;0.073;0.004;0.002;0.004;0.831;
56600;0.163;0.010;0.116;0.018;0.004;0.013;0.678;
56677;0.205;0.011;0.098;0.028;0.002;0.008;0.648;
56743;0.247;0.010;0.118;0.018;0.002;0.007;0.598;
56811;0.191;0.010;0.106;0.083;0.003;0.004;0.603;
56874;0.153;0.010;0.078;0.013;0.003;0.010;0.734;
56935;0.313;0.010;0.077;0.056;0.004;0.004;0.535;
57000;0.262;0.014;0.066;0.021;0.006;0.012;0.619;
57079;0.168;0.009;0.080;0.061;0.003;0.006;0.673;
57143;0.402;0.013;0.075;0.145;0.004;0.010;0.350;
57210;0.371;0.014;0.094;0.040;0.002;0.016;0.463;
57272;0.301;0.010;0.109;0.055;0.003;0.008;0.513;
57347;0.147;0.010;0.101;0.109;0.003;0.005;0.626;
