316;0.723;0.055;0.031;0.026;0.018;0.003;0.144;
484;0.800;0.037;0.038;0.029;0.006;0.002;0.088;
590;0.791;0.049;0.026;0.047;0.014;0.002;0.071;
663;0.729;0.056;0.031;0.037;0.010;0.003;0.134;
787;0.682;0.048;0.037;0.018;0.009;0.004;0.202;
863;0.674;0.053;0.038;0.024;0.011;0.003;0.197;
948;0.662;0.028;0.055;0.060;0.010;0.002;0.184;
1053;0.727;0.029;0.047;0.055;0.008;0.002;0.132;
1122;0.673;0.028;0.048;0.048;0.010;0.002;0.192;
1201;0.674;0.023;0.048;0.060;0.016;0.002;0.177;
1293;0.732;0.022;0.044;0.050;0.011;0.002;0.139;
1379;0.772;0.027;0.038;0.063;0.013;0.002;0.086;
1476;0.724;0.023;0.041;0.076;0.014;0.002;0.120;
1574;0.771;0.024;0.042;0.066;0.010;0.002;0.085;
1675;0.683;0.030;0.050;0.049;0.005;0.003;0.180;
1767;0.728;0.031;0.043;0.065;0.007;0.002;0.123;
1872;0.677;0.029;0.042;0.094;0.014;0.002;0.142;
1942;0.663;0.025;0.049;0.067;0.012;0.002;0.182;
2016;0.587;0.037;0.056;0.053;0.011;0.002;0.254;
2135;0.660;0.027;0.059;0.033;0.006;0.002;0.211;
2225;0.637;0.028;0.055;0.046;0.012;0.002;0.220;
2285;0.675;0.038;0.042;0.046;0.014;0.002;0.183;
2392;0.714;0.029;0.045;0.049;0.017;0.002;0.145;
2488;0.781;0.026;0.044;0.040;0.008;0.002;0.099;
2583;0.643;0.029;0.043;0.018;0.013;0.003;0.251;
2733;0.715;0.029;0.048;0.058;0.010;0.002;0.139;
2817;0.639;0.022;0.060;0.037;0.005;0.002;0.235;
2882;0.481;0.034;0.053;0.047;0.013;0.003;0.369;
2989;0.645;0.041;0.045;0.038;0.013;0.002;0.216;
3082;0.651;0.033;0.047;0.084;0.015;0.002;0.168;
3162;0.705;0.043;0.037;0.040;0.013;0.002;0.159;
3259;0.714;0.043;0.035;0.067;0.021;0.002;0.118;
3344;0.715;0.039;0.042;0.060;0.011;0.002;0.133;
3419;0.749;0.030;0.038;0.055;0.018;0.002;0.108;
3552;0.662;0.027;0.050;0.055;0.010;0.002;0.194;
3645;0.644;0.034;0.046;0.039;0.011;0.002;0.224;
3719;0.712;0.031;0.035;0.079;0.019;0.002;0.121;
3826;0.713;0.032;0.033;0.045;0.024;0.003;0.150;
3917;0.739;0.038;0.036;0.042;0.010;0.003;0.132;
3992;0.710;0.026;0.046;0.037;0.010;0.002;0.169;
4095;0.712;0.021;0.047;0.038;0.012;0.002;0.167;
4182;0.609;0.032;0.042;0.029;0.010;0.003;0.274;
4280;0.620;0.032;0.046;0.041;0.013;0.002;0.247;
4372;0.661;0.027;0.038;0.057;0.025;0.002;0.191;
4486;0.632;0.030;0.044;0.038;0.024;0.002;0.231;
4576;0.691;0.029;0.043;0.029;0.015;0.002;0.191;
4678;0.658;0.033;0.042;0.022;0.009;0.003;0.233;
4758;0.797;0.036;0.032;0.034;0.019;0.002;0.081;
4828;0.671;0.037;0.041;0.026;0.028;0.002;0.194;
4937;0.626;0.039;0.038;0.042;0.037;0.003;0.216;
5037;0.613;0.045;0.041;0.036;0.023;0.003;0.239;
5108;0.591;0.034;0.053;0.033;0.013;0.002;0.273;
5220;0.674;0.035;0.040;0.023;0.019;0.003;0.206;
5312;0.701;0.040;0.045;0.041;0.011;0.002;0.161;
5447;0.469;0.040;0.057;0.052;0.024;0.003;0.355;
5537;0.547;0.035;0.054;0.039;0.016;0.002;0.308;
5619;0.542;0.042;0.049;0.049;0.023;0.002;0.293;
5696;0.661;0.036;0.043;0.063;0.025;0.002;0.170;
5818;0.536;0.041;0.048;0.055;0.018;0.002;0.299;
5911;0.498;0.048;0.047;0.052;0.025;0.003;0.328;
5984;0.520;0.041;0.047;0.035;0.029;0.002;0.325;
6092;0.618;0.046;0.046;0.031;0.019;0.002;0.236;
6175;0.505;0.032;0.061;0.022;0.011;0.003;0.367;
6249;0.607;0.033;0.058;0.034;0.014;0.002;0.253;
6390;0.646;0.036;0.049;0.028;0.015;0.002;0.223;
6474;0.654;0.031;0.046;0.036;0.020;0.002;0.210;
6541;0.645;0.036;0.043;0.052;0.018;0.002;0.204;
6645;0.606;0.034;0.054;0.031;0.010;0.002;0.265;
6736;0.651;0.033;0.051;0.034;0.011;0.002;0.218;
6811;0.600;0.052;0.046;0.037;0.021;0.002;0.243;
6932;0.628;0.037;0.055;0.032;0.015;0.002;0.230;
7015;0.650;0.046;0.044;0.042;0.019;0.002;0.198;
7075;0.697;0.053;0.039;0.082;0.021;0.002;0.107;
7184;0.665;0.037;0.040;0.065;0.021;0.002;0.170;
7298;0.747;0.037;0.035;0.040;0.022;0.002;0.117;
7377;0.690;0.035;0.039;0.034;0.026;0.002;0.174;
7488;0.740;0.040;0.036;0.027;0.014;0.003;0.139;
7604;0.703;0.034;0.035;0.056;0.015;0.002;0.155;
7680;0.705;0.032;0.041;0.043;0.013;0.002;0.163;
7792;0.565;0.035;0.045;0.045;0.017;0.002;0.291;
7909;0.608;0.031;0.045;0.069;0.017;0.002;0.228;
7987;0.584;0.029;0.046;0.044;0.021;0.002;0.273;
8092;0.583;0.030;0.038;0.075;0.031;0.002;0.240;
8179;0.555;0.026;0.048;0.035;0.027;0.003;0.306;
8272;0.662;0.026;0.047;0.045;0.018;0.002;0.200;
8379;0.545;0.025;0.054;0.033;0.020;0.002;0.322;
8472;0.664;0.034;0.041;0.037;0.017;0.002;0.204;
8547;0.629;0.037;0.042;0.044;0.016;0.003;0.228;
8654;0.740;0.032;0.044;0.040;0.008;0.002;0.135;
8756;0.666;0.030;0.046;0.017;0.010;0.003;0.228;
8829;0.788;0.024;0.043;0.051;0.009;0.002;0.083;
8936;0.678;0.033;0.041;0.023;0.016;0.003;0.207;
9043;0.654;0.037;0.038;0.037;0.025;0.002;0.207;
9114;0.709;0.030;0.044;0.048;0.020;0.002;0.147;
9228;0.654;0.031;0.039;0.037;0.033;0.002;0.203;
9316;0.692;0.034;0.036;0.037;0.028;0.002;0.172;
9399;0.608;0.043;0.049;0.019;0.009;0.003;0.268;
9512;0.641;0.050;0.036;0.017;0.015;0.003;0.237;
9608;0.613;0.044;0.046;0.020;0.007;0.004;0.266;
9690;0.592;0.044;0.041;0.031;0.028;0.002;0.262;
9799;0.677;0.038;0.031;0.070;0.036;0.002;0.146;
9906;0.599;0.066;0.031;0.061;0.045;0.003;0.196;
9973;0.682;0.049;0.039;0.017;0.020;0.003;0.190;
10094;0.628;0.059;0.044;0.022;0.015;0.003;0.230;
10195;0.663;0.056;0.039;0.033;0.019;0.002;0.187;
10293;0.708;0.050;0.033;0.029;0.016;0.003;0.161;
10396;0.735;0.044;0.031;0.039;0.026;0.002;0.123;
10498;0.742;0.055;0.033;0.032;0.020;0.002;0.116;
10569;0.783;0.038;0.027;0.037;0.022;0.002;0.092;
10680;0.765;0.047;0.034;0.034;0.017;0.002;0.101;
10763;0.681;0.042;0.041;0.024;0.014;0.003;0.196;
10846;0.791;0.038;0.033;0.039;0.019;0.001;0.079;
10953;0.706;0.046;0.035;0.030;0.020;0.002;0.160;
11053;0.685;0.045;0.040;0.034;0.019;0.002;0.175;
11147;0.702;0.041;0.039;0.017;0.013;0.003;0.185;
11273;0.776;0.034;0.037;0.029;0.019;0.002;0.103;
11362;0.597;0.060;0.043;0.027;0.022;0.003;0.247;
11453;0.663;0.045;0.043;0.024;0.016;0.003;0.206;
11569;0.767;0.038;0.038;0.024;0.013;0.002;0.119;
11663;0.746;0.050;0.036;0.020;0.014;0.003;0.132;
11740;0.742;0.052;0.034;0.023;0.013;0.002;0.133;
11851;0.632;0.046;0.043;0.021;0.017;0.003;0.237;
11942;0.787;0.031;0.031;0.057;0.032;0.002;0.060;
12031;0.734;0.034;0.040;0.050;0.021;0.002;0.120;
12150;0.712;0.034;0.038;0.035;0.024;0.002;0.156;
12245;0.683;0.026;0.037;0.038;0.033;0.002;0.182;
12322;0.743;0.032;0.028;0.042;0.033;0.003;0.118;
12438;0.664;0.037;0.041;0.044;0.018;0.002;0.195;
12520;0.694;0.033;0.038;0.065;0.028;0.003;0.140;
12614;0.660;0.029;0.049;0.061;0.015;0.002;0.184;
12722;0.716;0.041;0.034;0.048;0.030;0.002;0.129;
12814;0.685;0.032;0.043;0.030;0.022;0.003;0.187;
12896;0.563;0.035;0.050;0.027;0.030;0.003;0.291;
13002;0.622;0.031;0.047;0.036;0.025;0.003;0.235;
13135;0.645;0.033;0.038;0.048;0.022;0.003;0.211;
13210;0.630;0.042;0.040;0.032;0.035;0.004;0.216;
13336;0.681;0.029;0.048;0.019;0.015;0.005;0.204;
13419;0.690;0.028;0.053;0.020;0.013;0.003;0.193;
13502;0.676;0.029;0.048;0.031;0.017;0.003;0.196;
13623;0.638;0.036;0.041;0.040;0.024;0.003;0.218;
13706;0.714;0.036;0.042;0.020;0.017;0.005;0.166;
13778;0.617;0.028;0.048;0.032;0.019;0.003;0.253;
13882;0.671;0.033;0.044;0.030;0.018;0.004;0.201;
13972;0.691;0.032;0.044;0.044;0.023;0.002;0.164;
14084;0.706;0.034;0.042;0.039;0.023;0.003;0.153;
14186;0.619;0.040;0.043;0.023;0.021;0.004;0.249;
14256;0.635;0.030;0.046;0.028;0.020;0.004;0.237;
14347;0.741;0.035;0.035;0.050;0.020;0.003;0.115;
14457;0.685;0.034;0.039;0.045;0.027;0.004;0.166;
14552;0.586;0.029;0.050;0.020;0.014;0.004;0.297;
14632;0.667;0.028;0.043;0.023;0.013;0.004;0.221;
14748;0.689;0.038;0.034;0.034;0.025;0.003;0.177;
14839;0.585;0.042;0.047;0.031;0.013;0.003;0.278;
14911;0.673;0.038;0.046;0.036;0.015;0.003;0.189;
15040;0.666;0.036;0.039;0.049;0.026;0.003;0.182;
15127;0.733;0.033;0.041;0.045;0.022;0.003;0.124;
15205;0.495;0.039;0.050;0.032;0.023;0.003;0.357;
15319;0.657;0.033;0.038;0.049;0.035;0.002;0.184;
15422;0.520;0.044;0.044;0.043;0.026;0.003;0.321;
15507;0.611;0.035;0.039;0.030;0.033;0.003;0.249;
15601;0.587;0.045;0.044;0.034;0.021;0.003;0.266;
15705;0.575;0.035;0.045;0.028;0.030;0.003;0.284;
15784;0.585;0.027;0.052;0.027;0.019;0.002;0.286;
15878;0.699;0.038;0.036;0.046;0.034;0.002;0.145;
15992;0.745;0.055;0.029;0.045;0.027;0.002;0.097;
16067;0.803;0.042;0.028;0.040;0.026;0.002;0.059;
16181;0.751;0.045;0.037;0.018;0.016;0.003;0.130;
16270;0.664;0.065;0.034;0.023;0.025;0.003;0.186;
16349;0.623;0.054;0.046;0.020;0.015;0.003;0.239;
16465;0.653;0.057;0.042;0.018;0.018;0.003;0.210;
16554;0.647;0.033;0.047;0.012;0.010;0.004;0.247;
16629;0.744;0.036;0.047;0.009;0.003;0.004;0.156;
16729;0.717;0.044;0.039;0.018;0.012;0.003;0.168;
16818;0.657;0.031;0.034;0.068;0.032;0.002;0.176;
16917;0.720;0.032;0.036;0.031;0.016;0.004;0.161;
17037;0.634;0.046;0.039;0.018;0.024;0.005;0.235;
17118;0.580;0.040;0.040;0.024;0.025;0.004;0.287;
17192;0.669;0.038;0.037;0.036;0.030;0.003;0.186;
17316;0.625;0.031;0.042;0.034;0.017;0.004;0.248;
17399;0.607;0.031;0.039;0.045;0.031;0.003;0.243;
17479;0.479;0.043;0.048;0.033;0.026;0.004;0.369;
17592;0.693;0.037;0.033;0.082;0.032;0.002;0.121;
17691;0.708;0.039;0.037;0.049;0.020;0.003;0.144;
17769;0.641;0.036;0.036;0.047;0.032;0.003;0.205;
17887;0.633;0.040;0.035;0.082;0.036;0.002;0.171;
17984;0.633;0.031;0.041;0.045;0.045;0.003;0.202;
18057;0.661;0.035;0.037;0.041;0.030;0.002;0.193;
18225;0.668;0.037;0.041;0.032;0.024;0.003;0.194;
18326;0.677;0.036;0.040;0.051;0.028;0.003;0.165;
18413;0.671;0.030;0.042;0.045;0.033;0.002;0.176;
18510;0.720;0.037;0.038;0.036;0.023;0.002;0.144;
18613;0.596;0.039;0.041;0.039;0.040;0.003;0.242;
18688;0.714;0.034;0.033;0.049;0.031;0.002;0.136;
18789;0.749;0.039;0.035;0.030;0.023;0.003;0.121;
18900;0.774;0.035;0.032;0.046;0.026;0.002;0.085;
18973;0.693;0.034;0.039;0.031;0.027;0.003;0.173;
19078;0.721;0.037;0.043;0.024;0.018;0.003;0.153;
19168;0.704;0.035;0.043;0.047;0.020;0.002;0.149;
19248;0.603;0.036;0.045;0.042;0.023;0.003;0.249;
19368;0.709;0.042;0.030;0.058;0.035;0.002;0.124;
19454;0.753;0.036;0.039;0.037;0.017;0.002;0.116;
19532;0.793;0.029;0.030;0.047;0.029;0.002;0.070;
19652;0.681;0.037;0.038;0.039;0.030;0.002;0.172;
19739;0.671;0.035;0.048;0.050;0.020;0.002;0.173;
19832;0.646;0.035;0.050;0.039;0.028;0.002;0.200;
19945;0.625;0.033;0.052;0.047;0.017;0.002;0.224;
20038;0.595;0.035;0.054;0.020;0.018;0.003;0.276;
20122;0.722;0.032;0.042;0.053;0.019;0.002;0.131;
20242;0.716;0.038;0.044;0.035;0.016;0.002;0.148;
20322;0.669;0.029;0.054;0.030;0.012;0.002;0.203;
20415;0.762;0.029;0.045;0.038;0.017;0.002;0.107;
20529;0.781;0.031;0.036;0.060;0.016;0.002;0.074;
20627;0.758;0.030;0.036;0.065;0.026;0.001;0.083;
20692;0.649;0.035;0.058;0.070;0.015;0.002;0.171;
20836;0.728;0.035;0.040;0.034;0.018;0.002;0.143;
20913;0.769;0.034;0.044;0.031;0.010;0.002;0.111;
20990;0.721;0.032;0.044;0.028;0.017;0.002;0.157;
21098;0.706;0.030;0.051;0.039;0.014;0.002;0.159;
21187;0.673;0.037;0.051;0.027;0.011;0.002;0.200;
21260;0.671;0.026;0.052;0.036;0.017;0.002;0.196;
21366;0.771;0.025;0.038;0.027;0.017;0.002;0.121;
21457;0.723;0.031;0.051;0.025;0.009;0.002;0.159;
21533;0.504;0.046;0.051;0.035;0.029;0.004;0.332;
21644;0.573;0.047;0.046;0.049;0.031;0.003;0.252;
21754;0.664;0.041;0.037;0.050;0.037;0.002;0.168;
21833;0.664;0.029;0.041;0.043;0.032;0.002;0.188;
21943;0.717;0.030;0.037;0.035;0.029;0.002;0.150;
22039;0.765;0.027;0.034;0.061;0.031;0.002;0.081;
22122;0.761;0.031;0.036;0.052;0.026;0.002;0.092;
22215;0.740;0.034;0.033;0.054;0.023;0.002;0.114;
22299;0.722;0.041;0.031;0.052;0.037;0.002;0.114;
22399;0.672;0.045;0.033;0.044;0.046;0.002;0.158;
22516;0.629;0.046;0.038;0.032;0.038;0.003;0.214;
22608;0.728;0.036;0.030;0.098;0.034;0.002;0.072;
22701;0.704;0.028;0.034;0.117;0.031;0.001;0.085;
22825;0.684;0.032;0.032;0.111;0.038;0.002;0.103;
22916;0.612;0.042;0.034;0.050;0.045;0.003;0.213;
22999;0.693;0.036;0.032;0.063;0.045;0.002;0.129;
23099;0.685;0.033;0.036;0.064;0.033;0.002;0.147;
23214;0.653;0.036;0.039;0.047;0.039;0.003;0.185;
23289;0.655;0.035;0.037;0.043;0.047;0.003;0.181;
23428;0.711;0.032;0.033;0.080;0.031;0.002;0.111;
23518;0.682;0.032;0.041;0.066;0.036;0.002;0.142;
23611;0.700;0.033;0.036;0.078;0.026;0.002;0.126;
23736;0.717;0.036;0.035;0.041;0.033;0.003;0.135;
23822;0.731;0.033;0.034;0.060;0.028;0.002;0.113;
23900;0.663;0.031;0.034;0.056;0.048;0.003;0.164;
24005;0.608;0.042;0.032;0.041;0.064;0.003;0.210;
24098;0.647;0.044;0.033;0.043;0.054;0.002;0.176;
24190;0.663;0.047;0.027;0.040;0.065;0.003;0.156;
24301;0.735;0.033;0.028;0.062;0.055;0.002;0.085;
24377;0.721;0.045;0.027;0.065;0.040;0.002;0.099;
24454;0.624;0.037;0.037;0.065;0.057;0.002;0.179;
24557;0.628;0.056;0.032;0.040;0.039;0.003;0.203;
24682;0.698;0.051;0.030;0.048;0.038;0.002;0.134;
24756;0.616;0.049;0.036;0.050;0.041;0.002;0.206;
24865;0.516;0.043;0.052;0.042;0.039;0.003;0.306;
24946;0.638;0.038;0.042;0.046;0.033;0.002;0.200;
25025;0.561;0.045;0.050;0.032;0.027;0.002;0.283;
25148;0.691;0.036;0.044;0.037;0.021;0.002;0.169;
25241;0.502;0.041;0.051;0.035;0.036;0.003;0.332;
25312;0.538;0.039;0.050;0.025;0.022;0.003;0.323;
25418;0.547;0.034;0.051;0.025;0.023;0.002;0.318;
25509;0.643;0.029;0.045;0.036;0.030;0.002;0.215;
25605;0.680;0.045;0.044;0.046;0.023;0.002;0.161;
25718;0.674;0.043;0.038;0.038;0.034;0.002;0.170;
25811;0.716;0.044;0.032;0.034;0.026;0.002;0.147;
25891;0.680;0.054;0.039;0.027;0.019;0.002;0.178;
26001;0.757;0.054;0.024;0.047;0.044;0.002;0.072;
26083;0.715;0.038;0.035;0.032;0.025;0.003;0.152;
26154;0.624;0.045;0.038;0.032;0.045;0.004;0.212;
26269;0.729;0.031;0.031;0.056;0.052;0.003;0.099;
26365;0.656;0.042;0.029;0.038;0.063;0.004;0.168;
26430;0.580;0.058;0.035;0.048;0.044;0.003;0.230;
26575;0.668;0.042;0.039;0.040;0.022;0.002;0.187;
26654;0.596;0.057;0.040;0.038;0.036;0.003;0.230;
26726;0.647;0.044;0.036;0.045;0.043;0.002;0.182;
26829;0.735;0.040;0.027;0.040;0.053;0.002;0.104;
26914;0.691;0.041;0.027;0.061;0.054;0.002;0.123;
26990;0.669;0.040;0.036;0.057;0.026;0.003;0.169;
27113;0.710;0.056;0.029;0.049;0.039;0.002;0.116;
27190;0.674;0.043;0.025;0.046;0.079;0.003;0.131;
27262;0.641;0.042;0.035;0.032;0.048;0.003;0.199;
27369;0.735;0.050;0.032;0.032;0.028;0.003;0.121;
27497;0.736;0.047;0.034;0.031;0.026;0.002;0.125;
27560;0.542;0.054;0.038;0.024;0.046;0.004;0.293;
27669;0.466;0.042;0.043;0.029;0.080;0.004;0.336;
27748;0.666;0.037;0.037;0.036;0.048;0.003;0.174;
27826;0.654;0.052;0.035;0.029;0.037;0.003;0.190;
27940;0.589;0.060;0.036;0.035;0.042;0.003;0.234;
28029;0.594;0.056;0.033;0.029;0.057;0.004;0.228;
28108;0.640;0.043;0.030;0.046;0.058;0.003;0.180;
28207;0.526;0.044;0.035;0.022;0.085;0.006;0.282;
28294;0.531;0.066;0.040;0.012;0.020;0.006;0.325;
28418;0.501;0.084;0.028;0.026;0.066;0.005;0.290;
28543;0.641;0.057;0.027;0.052;0.050;0.003;0.171;
28653;0.689;0.049;0.033;0.045;0.031;0.002;0.150;
28728;0.468;0.066;0.045;0.023;0.025;0.004;0.370;
28830;0.574;0.059;0.040;0.032;0.034;0.003;0.258;
28912;0.585;0.053;0.037;0.033;0.046;0.003;0.242;
29000;0.504;0.053;0.042;0.032;0.048;0.004;0.318;
29113;0.589;0.064;0.035;0.024;0.047;0.004;0.237;
29205;0.550;0.046;0.044;0.026;0.032;0.003;0.299;
29284;0.650;0.048;0.034;0.037;0.039;0.003;0.190;
29434;0.667;0.054;0.031;0.039;0.053;0.003;0.154;
29525;0.595;0.039;0.039;0.034;0.044;0.003;0.247;
29613;0.676;0.064;0.031;0.032;0.039;0.003;0.156;
29740;0.608;0.061;0.039;0.031;0.028;0.003;0.230;
29835;0.572;0.044;0.035;0.035;0.065;0.003;0.245;
29915;0.709;0.031;0.043;0.025;0.022;0.002;0.169;
30026;0.733;0.044;0.034;0.025;0.026;0.002;0.136;
30120;0.655;0.057;0.035;0.025;0.040;0.003;0.184;
30203;0.660;0.033;0.044;0.034;0.019;0.002;0.208;
30311;0.675;0.035;0.046;0.037;0.018;0.002;0.187;
30443;0.621;0.026;0.048;0.046;0.020;0.003;0.236;
30524;0.592;0.026;0.051;0.031;0.020;0.003;0.277;
30632;0.639;0.038;0.043;0.037;0.022;0.003;0.218;
30737;0.604;0.040;0.035;0.097;0.041;0.003;0.181;
30813;0.674;0.044;0.034;0.042;0.039;0.003;0.164;
30957;0.646;0.039;0.042;0.024;0.038;0.003;0.207;
31056;0.720;0.047;0.039;0.030;0.028;0.002;0.135;
31129;0.637;0.044;0.038;0.032;0.032;0.003;0.214;
31233;0.444;0.051;0.043;0.028;0.046;0.005;0.382;
31340;0.642;0.039;0.049;0.034;0.015;0.002;0.219;
31460;0.714;0.034;0.037;0.028;0.028;0.003;0.156;
31554;0.595;0.037;0.046;0.037;0.033;0.003;0.249;
31640;0.622;0.041;0.037;0.039;0.039;0.003;0.219;
31727;0.741;0.036;0.040;0.029;0.019;0.002;0.133;
31825;0.701;0.039;0.047;0.027;0.015;0.002;0.169;
31918;0.642;0.034;0.046;0.047;0.026;0.002;0.202;
31993;0.695;0.032;0.051;0.033;0.013;0.002;0.174;
32111;0.745;0.029;0.044;0.041;0.017;0.002;0.121;
32199;0.785;0.040;0.032;0.050;0.025;0.002;0.067;
32272;0.710;0.039;0.041;0.049;0.027;0.002;0.132;
32412;0.706;0.028;0.044;0.045;0.025;0.002;0.150;
32504;0.647;0.027;0.048;0.053;0.027;0.002;0.197;
32578;0.720;0.027;0.044;0.064;0.025;0.002;0.118;
32688;0.742;0.022;0.054;0.046;0.015;0.002;0.120;
32774;0.663;0.030;0.057;0.047;0.015;0.002;0.187;
32853;0.726;0.020;0.050;0.058;0.012;0.002;0.133;
32957;0.752;0.019;0.048;0.038;0.015;0.002;0.127;
33058;0.815;0.024;0.039;0.036;0.014;0.002;0.070;
33131;0.759;0.031;0.040;0.037;0.010;0.002;0.121;
33233;0.722;0.035;0.041;0.048;0.014;0.002;0.138;
33351;0.702;0.026;0.051;0.050;0.012;0.002;0.157;
33463;0.772;0.030;0.038;0.042;0.016;0.002;0.100;
33570;0.661;0.038;0.047;0.023;0.016;0.003;0.212;
33657;0.753;0.030;0.040;0.041;0.013;0.002;0.121;
33765;0.708;0.036;0.037;0.040;0.020;0.003;0.156;
33872;0.735;0.031;0.048;0.027;0.008;0.002;0.149;
33955;0.761;0.032;0.033;0.064;0.022;0.002;0.086;
34032;0.759;0.032;0.039;0.031;0.014;0.002;0.122;
34138;0.774;0.029;0.039;0.052;0.012;0.002;0.090;
34237;0.712;0.028;0.042;0.030;0.013;0.002;0.172;
34340;0.723;0.031;0.042;0.021;0.013;0.002;0.168;
34455;0.723;0.027;0.046;0.038;0.015;0.002;0.150;
34547;0.739;0.039;0.032;0.041;0.024;0.003;0.122;
34628;0.719;0.037;0.042;0.044;0.017;0.002;0.138;
34724;0.704;0.037;0.041;0.042;0.020;0.002;0.153;
34814;0.731;0.044;0.041;0.018;0.013;0.003;0.152;
34888;0.693;0.033;0.042;0.027;0.018;0.003;0.184;
34992;0.580;0.032;0.050;0.014;0.019;0.003;0.301;
35079;0.728;0.026;0.046;0.038;0.018;0.002;0.141;
35160;0.618;0.028;0.053;0.021;0.016;0.003;0.261;
35282;0.582;0.025;0.055;0.032;0.015;0.003;0.288;
35372;0.688;0.023;0.045;0.037;0.022;0.003;0.183;
35449;0.669;0.034;0.046;0.019;0.015;0.003;0.213;
35554;0.672;0.039;0.042;0.027;0.018;0.003;0.199;
35649;0.524;0.040;0.050;0.019;0.017;0.004;0.347;
35732;0.658;0.033;0.046;0.022;0.009;0.003;0.228;
35844;0.662;0.033;0.045;0.021;0.012;0.003;0.224;
35933;0.734;0.039;0.041;0.020;0.008;0.004;0.154;
36009;0.653;0.042;0.044;0.030;0.016;0.003;0.212;
36118;0.565;0.039;0.051;0.035;0.013;0.003;0.295;
36223;0.557;0.030;0.054;0.018;0.014;0.003;0.324;
36299;0.597;0.027;0.049;0.024;0.013;0.003;0.286;
36408;0.521;0.030;0.051;0.019;0.024;0.004;0.351;
36527;0.611;0.030;0.050;0.018;0.016;0.004;0.271;
36590;0.654;0.032;0.047;0.016;0.013;0.003;0.234;
36708;0.746;0.030;0.042;0.027;0.017;0.002;0.136;
36798;0.757;0.033;0.035;0.037;0.017;0.002;0.119;
36861;0.635;0.031;0.047;0.017;0.021;0.003;0.246;
37003;0.701;0.038;0.042;0.021;0.018;0.003;0.178;
37093;0.747;0.024;0.041;0.032;0.017;0.002;0.137;
37183;0.744;0.038;0.043;0.033;0.014;0.002;0.127;
37299;0.755;0.043;0.036;0.037;0.017;0.002;0.111;
37401;0.648;0.032;0.047;0.022;0.008;0.003;0.240;
37465;0.695;0.030;0.046;0.029;0.013;0.002;0.184;
37581;0.737;0.023;0.045;0.014;0.011;0.004;0.166;
37664;0.686;0.033;0.038;0.055;0.021;0.002;0.166;
37737;0.715;0.027;0.048;0.034;0.012;0.002;0.161;
37867;0.714;0.024;0.050;0.018;0.008;0.003;0.183;
37955;0.624;0.023;0.051;0.051;0.014;0.002;0.235;
38020;0.769;0.021;0.049;0.022;0.007;0.002;0.129;
38160;0.702;0.023;0.047;0.059;0.011;0.002;0.156;
38241;0.690;0.026;0.049;0.061;0.011;0.002;0.161;
38313;0.717;0.026;0.047;0.021;0.007;0.003;0.179;
38413;0.659;0.026;0.055;0.025;0.008;0.002;0.225;
38502;0.628;0.028;0.046;0.024;0.010;0.003;0.262;
38580;0.671;0.032;0.047;0.030;0.010;0.002;0.208;
38694;0.670;0.030;0.047;0.025;0.009;0.002;0.217;
38793;0.657;0.024;0.054;0.018;0.010;0.003;0.234;
38880;0.722;0.024;0.052;0.038;0.013;0.002;0.148;
39001;0.609;0.023;0.050;0.037;0.016;0.003;0.262;
39105;0.629;0.024;0.049;0.059;0.016;0.003;0.220;
39178;0.649;0.017;0.063;0.034;0.017;0.003;0.217;
39298;0.639;0.017;0.061;0.028;0.008;0.003;0.244;
39388;0.664;0.019;0.055;0.038;0.015;0.003;0.206;
39459;0.587;0.018;0.060;0.027;0.010;0.004;0.295;
39581;0.660;0.026;0.049;0.034;0.010;0.003;0.218;
39669;0.601;0.024;0.056;0.039;0.011;0.003;0.268;
39733;0.687;0.025;0.050;0.036;0.010;0.002;0.189;
39843;0.648;0.025;0.052;0.041;0.010;0.003;0.221;
39940;0.672;0.024;0.048;0.056;0.012;0.002;0.185;
40031;0.646;0.043;0.045;0.029;0.017;0.002;0.218;
40139;0.535;0.051;0.051;0.027;0.029;0.003;0.304;
40243;0.514;0.051;0.054;0.029;0.021;0.003;0.328;
40314;0.693;0.044;0.043;0.033;0.026;0.002;0.160;
40433;0.670;0.053;0.044;0.027;0.026;0.002;0.178;
40514;0.731;0.030;0.047;0.013;0.011;0.003;0.165;
40591;0.790;0.039;0.040;0.028;0.010;0.003;0.090;
40700;0.537;0.039;0.051;0.012;0.009;0.004;0.347;
40785;0.670;0.032;0.048;0.022;0.012;0.002;0.214;
40857;0.637;0.039;0.046;0.016;0.015;0.003;0.245;
40993;0.574;0.048;0.054;0.020;0.008;0.003;0.293;
41087;0.770;0.041;0.041;0.023;0.008;0.002;0.115;
41170;0.664;0.045;0.050;0.019;0.008;0.003;0.212;
41260;0.701;0.039;0.045;0.015;0.007;0.003;0.191;
41350;0.668;0.036;0.048;0.015;0.006;0.003;0.223;
41420;0.657;0.028;0.052;0.013;0.005;0.004;0.240;
41544;0.768;0.034;0.043;0.024;0.006;0.002;0.124;
41635;0.748;0.039;0.041;0.021;0.009;0.002;0.140;
41695;0.698;0.042;0.047;0.015;0.007;0.003;0.187;
41816;0.770;0.029;0.048;0.017;0.005;0.003;0.129;
41913;0.606;0.026;0.052;0.013;0.007;0.003;0.293;
41989;0.645;0.033;0.046;0.012;0.006;0.004;0.255;
42092;0.738;0.036;0.042;0.018;0.010;0.004;0.154;
42185;0.759;0.033;0.046;0.013;0.005;0.003;0.140;
42271;0.779;0.032;0.040;0.025;0.005;0.003;0.116;
42384;0.714;0.028;0.049;0.016;0.004;0.003;0.186;
42471;0.694;0.025;0.051;0.010;0.004;0.004;0.213;
42552;0.661;0.031;0.053;0.016;0.006;0.005;0.229;
42656;0.698;0.033;0.047;0.015;0.007;0.005;0.196;
42742;0.655;0.032;0.049;0.018;0.006;0.003;0.238;
42834;0.634;0.031;0.051;0.022;0.008;0.004;0.250;
42955;0.628;0.032;0.054;0.014;0.006;0.003;0.264;
43055;0.746;0.029;0.046;0.018;0.006;0.003;0.152;
43115;0.794;0.034;0.045;0.018;0.009;0.003;0.098;
43224;0.652;0.025;0.049;0.016;0.010;0.004;0.245;
43324;0.676;0.030;0.045;0.022;0.008;0.003;0.216;
43394;0.609;0.024;0.051;0.019;0.005;0.004;0.288;
43513;0.727;0.028;0.045;0.027;0.008;0.003;0.163;
43609;0.552;0.027;0.053;0.010;0.006;0.004;0.348;
43668;0.708;0.028;0.052;0.020;0.008;0.003;0.181;
43790;0.722;0.027;0.043;0.054;0.015;0.002;0.137;
43896;0.738;0.029;0.041;0.038;0.017;0.002;0.133;
43982;0.743;0.026;0.041;0.052;0.021;0.002;0.115;
44112;0.340;0.038;0.054;0.010;0.035;0.006;0.518;
44204;0.041;0.006;0.116;0.004;0.018;0.002;0.814;
44275;0.010;0.002;0.038;0.002;0.016;0.000;0.932;
44414;0.022;0.001;0.170;0.001;0.001;0.001;0.805;
44516;0.060;0.003;0.412;0.004;0.008;0.003;0.511;
44600;0.074;0.007;0.125;0.005;0.020;0.003;0.764;
44722;0.429;0.022;0.106;0.004;0.005;0.003;0.431;
44836;0.674;0.057;0.040;0.016;0.014;0.002;0.197;
44910;0.290;0.064;0.051;0.015;0.019;0.003;0.558;
45021;0.361;0.048;0.052;0.011;0.028;0.004;0.496;
45110;0.393;0.063;0.054;0.013;0.019;0.003;0.454;
45182;0.263;0.065;0.059;0.016;0.034;0.004;0.559;
45302;0.495;0.061;0.050;0.018;0.017;0.003;0.357;
45397;0.359;0.043;0.052;0.012;0.018;0.003;0.514;
45478;0.303;0.041;0.056;0.009;0.012;0.003;0.575;
45596;0.426;0.038;0.050;0.012;0.025;0.004;0.445;
45692;0.304;0.029;0.068;0.006;0.009;0.003;0.581;
45787;0.433;0.039;0.065;0.013;0.018;0.002;0.430;
45893;0.441;0.063;0.050;0.022;0.027;0.003;0.395;
45999;0.655;0.038;0.049;0.010;0.015;0.002;0.231;
46068;0.566;0.039;0.059;0.008;0.016;0.003;0.310;
46186;0.530;0.033;0.055;0.012;0.023;0.003;0.345;
46262;0.476;0.038;0.053;0.014;0.027;0.003;0.390;
46345;0.539;0.046;0.050;0.014;0.026;0.003;0.321;
46443;0.642;0.039;0.048;0.017;0.019;0.002;0.233;
46527;0.436;0.048;0.071;0.014;0.016;0.003;0.413;
46620;0.704;0.035;0.046;0.018;0.021;0.002;0.175;
46746;0.607;0.044;0.049;0.015;0.022;0.002;0.259;
46826;0.586;0.041;0.062;0.014;0.013;0.002;0.282;
46913;0.450;0.058;0.051;0.014;0.024;0.003;0.400;
47019;0.414;0.055;0.055;0.017;0.027;0.003;0.429;
47093;0.585;0.052;0.038;0.020;0.042;0.003;0.260;
47171;0.417;0.058;0.055;0.016;0.027;0.003;0.424;
47294;0.463;0.053;0.061;0.012;0.021;0.003;0.387;
47379;0.483;0.052;0.055;0.013;0.024;0.003;0.370;
47459;0.554;0.051;0.049;0.016;0.024;0.002;0.304;
47565;0.473;0.054;0.055;0.015;0.031;0.003;0.368;
47680;0.367;0.045;0.061;0.013;0.033;0.004;0.478;
47749;0.399;0.059;0.060;0.011;0.022;0.003;0.445;
47843;0.302;0.038;0.066;0.007;0.012;0.003;0.571;
47932;0.251;0.039;0.058;0.007;0.016;0.003;0.626;
48003;0.449;0.040;0.065;0.009;0.014;0.003;0.419;
48129;0.332;0.033;0.059;0.008;0.025;0.004;0.538;
48218;0.353;0.054;0.055;0.018;0.041;0.004;0.475;
48295;0.392;0.044;0.066;0.015;0.024;0.003;0.456;
48395;0.356;0.046;0.067;0.015;0.030;0.004;0.483;
48474;0.419;0.054;0.057;0.020;0.030;0.003;0.416;
48568;0.328;0.046;0.054;0.010;0.024;0.004;0.535;
48677;0.339;0.046;0.068;0.012;0.023;0.003;0.509;
48767;0.254;0.042;0.060;0.013;0.024;0.003;0.603;
48838;0.281;0.043;0.056;0.012;0.032;0.004;0.573;
48946;0.182;0.036;0.057;0.009;0.032;0.004;0.680;
49034;0.248;0.041;0.053;0.012;0.046;0.004;0.596;
49103;0.170;0.044;0.052;0.011;0.043;0.004;0.675;
49232;0.155;0.046;0.056;0.008;0.015;0.003;0.717;
49331;0.352;0.046;0.055;0.011;0.024;0.003;0.509;
49413;0.233;0.040;0.058;0.008;0.021;0.003;0.636;
49537;0.118;0.025;0.060;0.005;0.015;0.004;0.773;
49632;0.229;0.038;0.065;0.010;0.029;0.004;0.624;
49703;0.431;0.040;0.065;0.013;0.022;0.003;0.426;
49808;0.402;0.039;0.070;0.010;0.014;0.003;0.462;
49908;0.306;0.058;0.070;0.010;0.015;0.004;0.537;
50002;0.352;0.048;0.064;0.011;0.022;0.003;0.500;
50096;0.394;0.053;0.066;0.012;0.026;0.003;0.445;
50179;0.214;0.043;0.067;0.009;0.022;0.004;0.641;
50247;0.385;0.043;0.070;0.016;0.025;0.003;0.459;
50357;0.384;0.040;0.059;0.013;0.044;0.004;0.455;
50466;0.261;0.041;0.077;0.012;0.027;0.004;0.578;
50540;0.471;0.047;0.064;0.017;0.022;0.003;0.378;
50649;0.330;0.056;0.059;0.015;0.023;0.003;0.514;
50744;0.401;0.034;0.072;0.011;0.021;0.003;0.459;
50829;0.240;0.030;0.065;0.009;0.027;0.003;0.625;
50930;0.321;0.034;0.064;0.008;0.014;0.003;0.557;
51016;0.356;0.038;0.071;0.008;0.016;0.003;0.508;
51091;0.238;0.030;0.072;0.006;0.012;0.003;0.640;
51204;0.228;0.043;0.062;0.009;0.019;0.003;0.636;
51315;0.240;0.046;0.065;0.011;0.031;0.004;0.603;
51400;0.307;0.034;0.076;0.008;0.018;0.003;0.553;
51506;0.226;0.047;0.070;0.014;0.033;0.004;0.607;
51601;0.416;0.049;0.062;0.013;0.035;0.004;0.422;
51684;0.301;0.045;0.066;0.012;0.032;0.004;0.541;
51788;0.291;0.034;0.067;0.012;0.031;0.003;0.561;
51872;0.399;0.034;0.071;0.009;0.017;0.003;0.468;
51945;0.541;0.038;0.056;0.013;0.022;0.002;0.328;
52056;0.565;0.045;0.045;0.022;0.033;0.002;0.288;
52138;0.435;0.038;0.056;0.011;0.021;0.003;0.436;
52209;0.260;0.039;0.053;0.007;0.020;0.005;0.617;
52332;0.369;0.030;0.058;0.008;0.022;0.003;0.510;
52424;0.336;0.037;0.053;0.012;0.024;0.003;0.534;
52513;0.361;0.035;0.066;0.011;0.014;0.002;0.510;
52613;0.274;0.032;0.067;0.008;0.011;0.002;0.604;
52699;0.236;0.025;0.059;0.007;0.009;0.003;0.661;
52789;0.427;0.033;0.066;0.014;0.012;0.002;0.445;
52886;0.370;0.044;0.058;0.012;0.017;0.003;0.496;
52963;0.372;0.041;0.059;0.011;0.015;0.003;0.499;
53041;0.417;0.038;0.058;0.010;0.021;0.003;0.453;
53165;0.484;0.034;0.050;0.016;0.029;0.003;0.382;
53260;0.367;0.037;0.058;0.008;0.018;0.003;0.509;
53335;0.509;0.043;0.054;0.010;0.015;0.003;0.366;
53447;0.511;0.041;0.053;0.011;0.022;0.003;0.358;
53540;0.367;0.042;0.063;0.014;0.031;0.003;0.478;
53610;0.270;0.040;0.063;0.009;0.022;0.004;0.591;
53720;0.344;0.046;0.061;0.010;0.028;0.005;0.507;
53812;0.338;0.049;0.057;0.012;0.031;0.004;0.508;
53900;0.525;0.028;0.065;0.013;0.030;0.002;0.336;
54001;0.453;0.037;0.059;0.013;0.029;0.003;0.406;
54097;0.516;0.033;0.055;0.015;0.035;0.003;0.343;
54198;0.435;0.044;0.045;0.015;0.045;0.004;0.412;
54330;0.424;0.045;0.053;0.016;0.030;0.003;0.430;
54429;0.573;0.045;0.048;0.016;0.023;0.002;0.292;
54512;0.357;0.036;0.055;0.008;0.011;0.003;0.529;
54623;0.285;0.030;0.057;0.012;0.014;0.002;0.599;
54723;0.319;0.034;0.061;0.012;0.018;0.002;0.553;
54805;0.165;0.027;0.059;0.006;0.009;0.003;0.730;
54918;0.252;0.036;0.056;0.009;0.014;0.003;0.630;
55000;0.353;0.036;0.058;0.013;0.014;0.003;0.523;
55071;0.188;0.031;0.064;0.006;0.007;0.003;0.701;
55194;0.406;0.041;0.057;0.014;0.012;0.003;0.467;
55288;0.334;0.037;0.061;0.010;0.011;0.003;0.545;
55372;0.383;0.031;0.057;0.008;0.010;0.003;0.508;
55496;0.364;0.029;0.065;0.006;0.009;0.003;0.524;
55587;0.279;0.030;0.055;0.009;0.011;0.003;0.614;
55671;0.514;0.027;0.058;0.013;0.008;0.002;0.378;
55770;0.301;0.032;0.058;0.011;0.014;0.003;0.582;
55860;0.482;0.038;0.057;0.018;0.018;0.002;0.384;
55932;0.325;0.036;0.057;0.012;0.020;0.003;0.547;
56066;0.429;0.039;0.055;0.015;0.022;0.003;0.438;
56178;0.389;0.045;0.056;0.015;0.014;0.003;0.479;
56256;0.300;0.039;0.055;0.015;0.029;0.003;0.560;
56357;0.467;0.045;0.058;0.016;0.022;0.003;0.389;
56445;0.417;0.041;0.064;0.020;0.021;0.002;0.435;
56522;0.497;0.038;0.060;0.024;0.018;0.002;0.361;
56634;0.462;0.035;0.056;0.017;0.018;0.003;0.409;
56729;0.347;0.041;0.053;0.014;0.022;0.003;0.520;
56796;0.300;0.032;0.066;0.007;0.015;0.003;0.577;
56909;0.421;0.037;0.061;0.007;0.009;0.003;0.461;
57013;0.461;0.034;0.058;0.007;0.008;0.004;0.428;
57102;0.436;0.029;0.054;0.007;0.005;0.004;0.465;
57210;0.456;0.029;0.068;0.007;0.007;0.003;0.430;
57299;0.293;0.024;0.060;0.005;0.007;0.004;0.607;
57372;0.548;0.039;0.058;0.012;0.018;0.003;0.321;
57502;0.510;0.040;0.057;0.019;0.019;0.002;0.352;
57567;0.458;0.036;0.054;0.017;0.032;0.003;0.401;
57641;0.376;0.035;0.055;0.011;0.022;0.003;0.498;
57746;0.434;0.031;0.059;0.012;0.008;0.003;0.453;
57834;0.386;0.041;0.054;0.015;0.019;0.003;0.483;
57909;0.511;0.048;0.056;0.013;0.015;0.003;0.354;
58045;0.406;0.036;0.065;0.008;0.010;0.003;0.471;
58134;0.241;0.034;0.071;0.008;0.010;0.003;0.633;
58208;0.528;0.040;0.064;0.014;0.008;0.002;0.344;
58315;0.422;0.042;0.059;0.013;0.016;0.003;0.444;
58410;0.363;0.051;0.056;0.015;0.021;0.003;0.490;
58486;0.369;0.041;0.060;0.011;0.018;0.003;0.498;
58591;0.260;0.044;0.058;0.008;0.014;0.004;0.611;
58676;0.307;0.040;0.057;0.009;0.011;0.004;0.572;
58745;0.351;0.035;0.077;0.009;0.013;0.003;0.512;
58853;0.377;0.034;0.060;0.011;0.014;0.003;0.500;
58965;0.360;0.031;0.059;0.007;0.007;0.003;0.532;
59034;0.413;0.043;0.061;0.014;0.017;0.003;0.449;
59139;0.421;0.045;0.056;0.012;0.015;0.003;0.447;
59226;0.327;0.035;0.064;0.011;0.010;0.003;0.550;
59322;0.314;0.030;0.069;0.006;0.005;0.004;0.574;
59421;0.394;0.032;0.062;0.008;0.009;0.003;0.492;
59529;0.360;0.035;0.070;0.009;0.008;0.003;0.514;
59621;0.333;0.025;0.061;0.005;0.006;0.004;0.565;
59721;0.290;0.024;0.065;0.006;0.005;0.003;0.606;
59811;0.353;0.032;0.056;0.009;0.014;0.003;0.533;
59911;0.294;0.033;0.057;0.006;0.010;0.004;0.595;
60030;0.291;0.030;0.061;0.006;0.005;0.004;0.604;
60113;0.321;0.025;0.066;0.006;0.008;0.003;0.571;
60186;0.389;0.025;0.068;0.006;0.005;0.004;0.504;
60286;0.251;0.026;0.068;0.005;0.006;0.004;0.639;
60370;0.199;0.023;0.064;0.004;0.005;0.004;0.701;
60444;0.284;0.031;0.062;0.004;0.006;0.006;0.607;
60565;0.214;0.026;0.061;0.005;0.007;0.004;0.682;
60650;0.239;0.028;0.056;0.005;0.007;0.005;0.660;
60717;0.192;0.029;0.054;0.005;0.006;0.005;0.709;
60848;0.330;0.047;0.062;0.008;0.009;0.004;0.541;
60937;0.263;0.029;0.056;0.005;0.008;0.004;0.634;
61020;0.306;0.028;0.056;0.006;0.014;0.004;0.586;
61114;0.257;0.032;0.055;0.006;0.009;0.004;0.636;
61201;0.279;0.030;0.052;0.006;0.012;0.005;0.616;
61270;0.334;0.038;0.055;0.008;0.015;0.005;0.545;
61377;0.206;0.035;0.053;0.007;0.011;0.004;0.683;
61471;0.333;0.033;0.057;0.005;0.007;0.005;0.560;
61542;0.273;0.026;0.054;0.005;0.006;0.005;0.631;
61667;0.261;0.030;0.059;0.005;0.006;0.005;0.634;
61773;0.315;0.031;0.070;0.006;0.006;0.003;0.569;
61835;0.212;0.035;0.062;0.005;0.007;0.005;0.674;
61940;0.296;0.038;0.061;0.008;0.012;0.004;0.582;
62044;0.344;0.033;0.064;0.006;0.008;0.004;0.541;
62118;0.439;0.035;0.062;0.006;0.008;0.003;0.446;
62207;0.360;0.049;0.056;0.007;0.007;0.005;0.515;
62298;0.291;0.032;0.060;0.006;0.010;0.004;0.596;
62372;0.320;0.047;0.054;0.008;0.012;0.005;0.555;
62479;0.352;0.058;0.052;0.009;0.009;0.005;0.515;
62568;0.187;0.045;0.047;0.008;0.012;0.004;0.697;
62674;0.194;0.032;0.054;0.006;0.009;0.004;0.701;
62784;0.385;0.044;0.057;0.008;0.014;0.005;0.488;
62857;0.285;0.039;0.063;0.009;0.012;0.003;0.589;
62930;0.328;0.034;0.057;0.006;0.009;0.005;0.562;
63036;0.238;0.046;0.061;0.006;0.009;0.006;0.634;
63130;0.406;0.035;0.066;0.007;0.006;0.004;0.476;
63221;0.172;0.026;0.048;0.004;0.004;0.005;0.740;
63308;0.485;0.042;0.052;0.012;0.010;0.003;0.396;
63396;0.317;0.053;0.053;0.009;0.012;0.005;0.552;
63471;0.327;0.036;0.054;0.007;0.007;0.004;0.566;
63593;0.210;0.040;0.060;0.007;0.005;0.004;0.674;
63687;0.335;0.040;0.056;0.009;0.010;0.003;0.547;
63761;0.353;0.026;0.061;0.008;0.008;0.003;0.541;
63880;0.331;0.047;0.053;0.010;0.016;0.004;0.538;
63960;0.308;0.030;0.060;0.007;0.006;0.003;0.586;
64023;0.298;0.037;0.059;0.007;0.010;0.004;0.584;
64132;0.503;0.033;0.059;0.007;0.008;0.004;0.387;
64224;0.479;0.050;0.057;0.012;0.008;0.003;0.391;
64305;0.310;0.052;0.057;0.009;0.011;0.004;0.558;
64404;0.432;0.053;0.052;0.011;0.010;0.004;0.438;
64519;0.449;0.040;0.058;0.008;0.008;0.003;0.433;
64605;0.309;0.035;0.065;0.005;0.004;0.005;0.576;
64722;0.299;0.041;0.053;0.006;0.008;0.006;0.587;
64825;0.297;0.049;0.053;0.008;0.009;0.005;0.579;
64902;0.336;0.044;0.059;0.007;0.006;0.004;0.545;
65006;0.281;0.031;0.055;0.005;0.006;0.005;0.618;
65110;0.245;0.034;0.056;0.005;0.007;0.005;0.649;
65196;0.279;0.045;0.059;0.007;0.009;0.004;0.596;
65292;0.382;0.037;0.058;0.007;0.011;0.004;0.501;
65378;0.564;0.030;0.060;0.007;0.008;0.003;0.328;
65483;0.442;0.040;0.056;0.007;0.010;0.004;0.441;
65605;0.395;0.049;0.052;0.007;0.008;0.005;0.483;
65687;0.391;0.051;0.054;0.010;0.014;0.003;0.476;
65747;0.444;0.041;0.058;0.007;0.008;0.004;0.439;
65858;0.425;0.043;0.052;0.010;0.013;0.004;0.454;
65947;0.300;0.032;0.067;0.006;0.009;0.003;0.581;
66029;0.361;0.031;0.064;0.008;0.008;0.003;0.524;
66150;0.415;0.026;0.071;0.007;0.006;0.003;0.472;
66241;0.424;0.034;0.071;0.008;0.008;0.003;0.452;
66314;0.270;0.042;0.062;0.009;0.015;0.004;0.599;
66478;0.329;0.038;0.062;0.013;0.018;0.003;0.537;
66568;0.478;0.026;0.064;0.013;0.017;0.002;0.400;
66631;0.414;0.033;0.059;0.009;0.008;0.003;0.474;
66734;0.327;0.035;0.065;0.007;0.010;0.004;0.553;
66825;0.434;0.028;0.076;0.007;0.006;0.003;0.448;
66906;0.440;0.040;0.061;0.008;0.010;0.003;0.439;
67005;0.599;0.036;0.060;0.009;0.010;0.003;0.283;
67091;0.539;0.031;0.062;0.009;0.010;0.002;0.348;
67179;0.536;0.028;0.067;0.009;0.006;0.002;0.351;
67287;0.314;0.030;0.065;0.006;0.011;0.003;0.570;
67384;0.672;0.034;0.055;0.013;0.008;0.002;0.215;
67465;0.425;0.032;0.068;0.014;0.016;0.002;0.443;
67569;0.329;0.047;0.076;0.013;0.020;0.004;0.512;
67659;0.153;0.049;0.055;0.011;0.030;0.004;0.698;
67729;0.340;0.044;0.065;0.011;0.020;0.003;0.516;
67839;0.276;0.034;0.057;0.011;0.021;0.003;0.598;
67931;0.218;0.035;0.052;0.007;0.014;0.004;0.669;
68011;0.232;0.028;0.068;0.006;0.015;0.004;0.648;
68108;0.306;0.044;0.062;0.012;0.022;0.004;0.551;
68211;0.168;0.041;0.057;0.009;0.024;0.004;0.697;
68299;0.285;0.041;0.068;0.011;0.017;0.003;0.575;
68401;0.397;0.046;0.062;0.021;0.018;0.003;0.454;
68488;0.334;0.054;0.064;0.015;0.021;0.003;0.510;
68566;0.252;0.037;0.060;0.009;0.019;0.003;0.620;
68680;0.303;0.039;0.064;0.011;0.021;0.003;0.560;
68756;0.351;0.035;0.065;0.010;0.024;0.003;0.512;
68826;0.203;0.050;0.061;0.010;0.015;0.004;0.658;
68929;0.271;0.048;0.061;0.013;0.023;0.004;0.579;
69015;0.304;0.037;0.061;0.011;0.021;0.004;0.563;
69095;0.325;0.045;0.062;0.014;0.030;0.004;0.519;
69226;0.231;0.045;0.059;0.010;0.021;0.004;0.631;
69305;0.366;0.043;0.061;0.010;0.017;0.003;0.501;
69393;0.357;0.044;0.065;0.009;0.013;0.004;0.509;
69501;0.201;0.041;0.062;0.008;0.012;0.005;0.671;
69576;0.253;0.043;0.066;0.009;0.012;0.004;0.612;
69648;0.161;0.045;0.049;0.007;0.011;0.005;0.722;
69756;0.416;0.045;0.055;0.011;0.013;0.004;0.456;
69858;0.314;0.042;0.065;0.009;0.008;0.003;0.560;
69954;0.325;0.038;0.059;0.008;0.016;0.005;0.550;
70079;0.286;0.038;0.054;0.009;0.014;0.004;0.596;
70189;0.159;0.034;0.058;0.007;0.014;0.003;0.726;
70250;0.318;0.037;0.063;0.013;0.011;0.003;0.556;
70355;0.327;0.037;0.061;0.008;0.009;0.004;0.554;
70455;0.298;0.032;0.058;0.008;0.009;0.004;0.591;
70529;0.232;0.029;0.055;0.007;0.011;0.003;0.663;
70633;0.287;0.033;0.057;0.011;0.011;0.003;0.598;
70721;0.270;0.031;0.059;0.006;0.007;0.004;0.623;
70805;0.310;0.037;0.057;0.011;0.010;0.003;0.572;
70912;0.206;0.026;0.060;0.007;0.013;0.003;0.685;
71001;0.183;0.024;0.079;0.006;0.005;0.003;0.700;
71097;0.261;0.025;0.070;0.006;0.007;0.004;0.628;
71202;0.285;0.044;0.064;0.010;0.016;0.004;0.576;
71290;0.171;0.034;0.057;0.009;0.020;0.003;0.706;
71361;0.297;0.039;0.065;0.009;0.023;0.004;0.564;
71477;0.197;0.038;0.050;0.010;0.029;0.005;0.672;
71587;0.288;0.047;0.053;0.020;0.053;0.004;0.535;
71654;0.176;0.036;0.061;0.009;0.015;0.003;0.700;
71766;0.329;0.031;0.060;0.015;0.024;0.003;0.537;
71856;0.231;0.036;0.062;0.009;0.017;0.003;0.643;
71930;0.182;0.029;0.067;0.006;0.007;0.004;0.705;
72067;0.341;0.035;0.061;0.007;0.009;0.004;0.542;
72167;0.248;0.037;0.064;0.008;0.013;0.004;0.625;
72233;0.215;0.025;0.073;0.005;0.004;0.004;0.674;
72355;0.446;0.040;0.050;0.013;0.016;0.003;0.432;
72444;0.408;0.039;0.057;0.010;0.018;0.003;0.465;
72529;0.348;0.041;0.061;0.010;0.013;0.003;0.525;
72642;0.331;0.032;0.066;0.006;0.007;0.004;0.554;
72721;0.401;0.031;0.064;0.008;0.010;0.003;0.484;
72798;0.363;0.034;0.064;0.010;0.012;0.003;0.514;
72912;0.275;0.037;0.060;0.009;0.014;0.004;0.601;
73020;0.448;0.039;0.060;0.013;0.011;0.003;0.426;
73092;0.301;0.039;0.065;0.010;0.010;0.003;0.572;
73212;0.285;0.041;0.064;0.009;0.014;0.003;0.583;
73299;0.500;0.036;0.065;0.014;0.009;0.002;0.375;
73366;0.321;0.046;0.057;0.013;0.018;0.004;0.542;
73481;0.266;0.052;0.054;0.021;0.025;0.003;0.579;
73575;0.401;0.041;0.067;0.015;0.015;0.003;0.457;
73659;0.110;0.035;0.053;0.009;0.027;0.004;0.763;
73765;0.238;0.036;0.063;0.009;0.013;0.003;0.637;
73871;0.202;0.025;0.074;0.005;0.007;0.004;0.683;
73962;0.219;0.034;0.065;0.007;0.010;0.003;0.662;
74055;0.343;0.040;0.062;0.013;0.009;0.003;0.529;
74152;0.243;0.030;0.053;0.005;0.005;0.006;0.658;
74237;0.247;0.042;0.048;0.006;0.010;0.007;0.640;
74346;0.454;0.039;0.052;0.007;0.007;0.005;0.436;
74436;0.299;0.036;0.050;0.006;0.009;0.005;0.595;
74513;0.303;0.033;0.053;0.007;0.008;0.004;0.594;
74632;0.334;0.035;0.062;0.006;0.007;0.005;0.551;
74719;0.311;0.035;0.057;0.006;0.009;0.004;0.577;
74780;0.309;0.024;0.068;0.008;0.007;0.003;0.582;
74903;0.428;0.030;0.060;0.009;0.011;0.003;0.459;
74999;0.585;0.033;0.056;0.018;0.012;0.002;0.294;
75096;0.658;0.034;0.056;0.014;0.008;0.002;0.228;
75218;0.583;0.038;0.054;0.018;0.018;0.002;0.287;
75307;0.542;0.037;0.064;0.011;0.010;0.002;0.334;
75384;0.426;0.030;0.070;0.012;0.012;0.002;0.448;
75497;0.564;0.028;0.060;0.009;0.007;0.003;0.329;
75584;0.450;0.035;0.060;0.008;0.011;0.003;0.433;
75660;0.429;0.036;0.059;0.010;0.020;0.003;0.443;
75774;0.574;0.032;0.062;0.010;0.010;0.003;0.310;
75859;0.438;0.032;0.056;0.008;0.013;0.004;0.448;
75937;0.534;0.040;0.052;0.012;0.015;0.003;0.344;
76034;0.600;0.031;0.059;0.011;0.010;0.002;0.287;
76119;0.423;0.030;0.073;0.008;0.006;0.003;0.458;
76194;0.538;0.029;0.065;0.009;0.007;0.002;0.350;
76314;0.347;0.036;0.085;0.016;0.014;0.003;0.499;
76391;0.461;0.041;0.064;0.018;0.017;0.002;0.397;
76488;0.331;0.043;0.057;0.015;0.021;0.003;0.530;
