1227;0.873;0.020;0.038;0.012;0.005;0.005;0.048;
1412;0.648;0.027;0.080;0.021;0.002;0.002;0.220;
1571;0.831;0.018;0.053;0.025;0.006;0.002;0.066;
1749;0.793;0.018;0.053;0.009;0.005;0.002;0.120;
1919;0.756;0.017;0.057;0.017;0.003;0.003;0.148;
2085;0.838;0.019;0.041;0.022;0.005;0.004;0.072;
2288;0.700;0.021;0.075;0.007;0.002;0.003;0.192;
2471;0.834;0.021;0.052;0.005;0.005;0.004;0.078;
2648;0.855;0.022;0.044;0.009;0.005;0.004;0.062;
2860;0.773;0.017;0.056;0.005;0.002;0.005;0.141;
3042;0.711;0.017;0.057;0.008;0.004;0.003;0.200;
3199;0.861;0.018;0.051;0.020;0.004;0.003;0.044;
3363;0.857;0.019;0.045;0.007;0.004;0.004;0.064;
3569;0.859;0.020;0.043;0.011;0.009;0.003;0.055;
3791;0.843;0.018;0.050;0.008;0.007;0.003;0.071;
4024;0.817;0.016;0.064;0.007;0.003;0.003;0.089;
4245;0.825;0.015;0.056;0.012;0.005;0.002;0.084;
4431;0.798;0.022;0.061;0.007;0.004;0.002;0.105;
4648;0.827;0.010;0.068;0.016;0.002;0.002;0.074;
4944;0.846;0.016;0.062;0.017;0.004;0.002;0.053;
5148;0.790;0.016;0.064;0.013;0.003;0.002;0.111;
5367;0.780;0.009;0.076;0.013;0.003;0.002;0.118;
5582;0.853;0.021;0.047;0.007;0.003;0.005;0.066;
5822;0.744;0.013;0.078;0.013;0.003;0.004;0.145;
5992;0.773;0.012;0.086;0.015;0.002;0.002;0.112;
6201;0.832;0.017;0.050;0.017;0.008;0.002;0.073;
6394;0.826;0.011;0.058;0.020;0.011;0.002;0.072;
6567;0.835;0.018;0.054;0.019;0.006;0.003;0.064;
6803;0.790;0.014;0.073;0.017;0.007;0.003;0.097;
6993;0.827;0.012;0.072;0.011;0.003;0.003;0.072;
7223;0.779;0.014;0.058;0.024;0.010;0.002;0.113;
7430;0.764;0.009;0.079;0.017;0.002;0.002;0.125;
7633;0.632;0.018;0.073;0.006;0.003;0.003;0.265;
7865;0.732;0.012;0.079;0.009;0.003;0.003;0.163;
8113;0.685;0.012;0.078;0.010;0.002;0.004;0.208;
8302;0.641;0.013;0.101;0.010;0.002;0.002;0.231;
8523;0.556;0.014;0.091;0.021;0.002;0.002;0.314;
8691;0.651;0.007;0.116;0.009;0.001;0.003;0.212;
8924;0.737;0.017;0.073;0.011;0.004;0.002;0.156;
9148;0.767;0.015;0.067;0.006;0.004;0.003;0.137;
9347;0.780;0.013;0.067;0.008;0.003;0.003;0.126;
9544;0.739;0.018;0.063;0.009;0.002;0.002;0.168;
9737;0.841;0.021;0.042;0.014;0.006;0.003;0.074;
9923;0.819;0.013;0.077;0.017;0.001;0.002;0.071;
10161;0.834;0.011;0.084;0.019;0.002;0.001;0.048;
10341;0.788;0.015;0.070;0.018;0.003;0.001;0.104;
10569;0.659;0.019;0.072;0.011;0.004;0.002;0.234;
10742;0.706;0.016;0.090;0.014;0.002;0.001;0.171;
11009;0.776;0.009;0.095;0.009;0.002;0.001;0.107;
11206;0.807;0.016;0.070;0.009;0.002;0.005;0.090;
11364;0.760;0.014;0.099;0.008;0.002;0.003;0.114;
11575;0.523;0.014;0.121;0.004;0.001;0.003;0.333;
11739;0.705;0.016;0.090;0.011;0.003;0.002;0.173;
11895;0.787;0.017;0.071;0.008;0.002;0.003;0.112;
12101;0.734;0.010;0.100;0.010;0.002;0.002;0.141;
12301;0.297;0.018;0.114;0.004;0.001;0.003;0.563;
12480;0.217;0.011;0.210;0.005;0.002;0.003;0.553;
12711;0.805;0.011;0.071;0.019;0.003;0.003;0.089;
12964;0.619;0.037;0.057;0.004;0.007;0.008;0.269;
13226;0.783;0.031;0.058;0.006;0.015;0.007;0.100;
13429;0.744;0.008;0.118;0.015;0.004;0.002;0.110;
13664;0.832;0.019;0.056;0.016;0.006;0.002;0.069;
13879;0.641;0.016;0.092;0.010;0.002;0.002;0.238;
14120;0.513;0.011;0.102;0.010;0.006;0.002;0.356;
14314;0.748;0.015;0.079;0.012;0.003;0.002;0.141;
14490;0.654;0.018;0.090;0.006;0.002;0.003;0.227;
14683;0.741;0.016;0.080;0.004;0.002;0.004;0.154;
14868;0.823;0.017;0.083;0.011;0.005;0.002;0.059;
15062;0.810;0.014;0.074;0.006;0.002;0.003;0.091;
15223;0.817;0.010;0.087;0.015;0.006;0.002;0.063;
15410;0.834;0.022;0.048;0.016;0.010;0.003;0.067;
15580;0.822;0.027;0.059;0.006;0.004;0.003;0.079;
15812;0.841;0.020;0.054;0.019;0.004;0.002;0.059;
16086;0.766;0.010;0.089;0.009;0.002;0.001;0.123;
16262;0.449;0.014;0.107;0.014;0.002;0.002;0.412;
16454;0.635;0.014;0.112;0.012;0.002;0.001;0.224;
16749;0.651;0.013;0.102;0.016;0.002;0.001;0.215;
16932;0.582;0.010;0.090;0.010;0.002;0.002;0.305;
17129;0.779;0.011;0.091;0.015;0.004;0.002;0.099;
17356;0.740;0.010;0.096;0.015;0.002;0.001;0.137;
17540;0.724;0.011;0.110;0.020;0.002;0.001;0.132;
17719;0.759;0.007;0.110;0.012;0.002;0.002;0.108;
17924;0.702;0.019;0.100;0.020;0.004;0.001;0.153;
18086;0.596;0.025;0.091;0.008;0.005;0.002;0.273;
18249;0.716;0.015;0.092;0.033;0.005;0.001;0.138;
18455;0.502;0.014;0.113;0.013;0.003;0.001;0.353;
18616;0.805;0.011;0.084;0.009;0.004;0.002;0.083;
18773;0.857;0.022;0.049;0.009;0.008;0.003;0.053;
18962;0.809;0.013;0.089;0.020;0.002;0.001;0.066;
19113;0.753;0.013;0.096;0.032;0.004;0.001;0.101;
19280;0.850;0.011;0.068;0.022;0.002;0.002;0.045;
19518;0.742;0.012;0.085;0.017;0.002;0.002;0.141;
19740;0.783;0.011;0.076;0.017;0.003;0.002;0.110;
19966;0.817;0.013;0.065;0.009;0.003;0.002;0.091;
20150;0.861;0.013;0.050;0.024;0.004;0.002;0.046;
20305;0.784;0.017;0.086;0.009;0.001;0.001;0.101;
20459;0.442;0.020;0.127;0.011;0.002;0.002;0.396;
20614;0.542;0.011;0.134;0.009;0.001;0.003;0.302;
20871;0.530;0.010;0.156;0.010;0.002;0.001;0.291;
21192;0.755;0.014;0.100;0.011;0.003;0.002;0.116;
21441;0.576;0.020;0.083;0.013;0.002;0.002;0.304;
21702;0.433;0.017;0.114;0.008;0.001;0.002;0.425;
21923;0.294;0.020;0.091;0.003;0.001;0.005;0.586;
22187;0.640;0.022;0.072;0.004;0.002;0.004;0.256;
22406;0.676;0.015;0.089;0.006;0.002;0.002;0.210;
22591;0.675;0.009;0.119;0.011;0.001;0.001;0.182;
22775;0.659;0.009;0.115;0.011;0.001;0.002;0.202;
23019;0.759;0.012;0.074;0.010;0.003;0.002;0.139;
23209;0.795;0.009;0.078;0.016;0.004;0.002;0.096;
23369;0.623;0.012;0.092;0.016;0.002;0.002;0.253;
23565;0.652;0.016;0.108;0.010;0.003;0.002;0.209;
23748;0.623;0.010;0.126;0.022;0.001;0.002;0.217;
23918;0.803;0.013;0.082;0.015;0.002;0.003;0.081;
24119;0.746;0.013;0.089;0.010;0.005;0.002;0.134;
24285;0.721;0.015;0.081;0.005;0.002;0.002;0.173;
24469;0.860;0.015;0.056;0.009;0.006;0.005;0.051;
24656;0.875;0.019;0.050;0.011;0.006;0.004;0.035;
24826;0.790;0.016;0.078;0.008;0.002;0.002;0.104;
25009;0.820;0.021;0.062;0.007;0.009;0.003;0.079;
25233;0.747;0.016;0.066;0.011;0.007;0.003;0.150;
25407;0.620;0.016;0.107;0.006;0.002;0.002;0.247;
25562;0.724;0.011;0.086;0.007;0.002;0.002;0.168;
25807;0.646;0.010;0.094;0.002;0.002;0.006;0.241;
25970;0.760;0.013;0.078;0.005;0.002;0.006;0.135;
26128;0.824;0.012;0.066;0.003;0.003;0.005;0.087;
26375;0.865;0.030;0.046;0.009;0.010;0.005;0.035;
26541;0.773;0.013;0.100;0.003;0.002;0.002;0.107;
26702;0.853;0.009;0.066;0.013;0.009;0.003;0.048;
26889;0.797;0.012;0.062;0.006;0.005;0.004;0.114;
27044;0.810;0.017;0.070;0.012;0.007;0.003;0.081;
27212;0.785;0.010;0.088;0.008;0.002;0.003;0.103;
27417;0.734;0.016;0.081;0.006;0.002;0.003;0.158;
27588;0.770;0.018;0.070;0.003;0.002;0.004;0.133;
27750;0.825;0.014;0.065;0.007;0.006;0.007;0.076;
27957;0.827;0.013;0.064;0.006;0.007;0.005;0.078;
28111;0.717;0.008;0.131;0.019;0.003;0.002;0.120;
28254;0.753;0.010;0.119;0.028;0.002;0.001;0.088;
28425;0.761;0.011;0.081;0.017;0.005;0.002;0.124;
28600;0.807;0.016;0.084;0.018;0.003;0.002;0.071;
28756;0.830;0.013;0.075;0.026;0.005;0.002;0.051;
28922;0.803;0.009;0.091;0.024;0.003;0.002;0.068;
29077;0.639;0.012;0.115;0.013;0.002;0.002;0.218;
29224;0.816;0.010;0.086;0.017;0.007;0.002;0.063;
29413;0.708;0.013;0.098;0.014;0.003;0.002;0.163;
29578;0.777;0.010;0.110;0.032;0.003;0.001;0.066;
29750;0.793;0.008;0.103;0.025;0.005;0.001;0.063;
29923;0.855;0.009;0.078;0.013;0.002;0.002;0.042;
30074;0.752;0.010;0.095;0.016;0.004;0.002;0.121;
30257;0.603;0.013;0.108;0.007;0.002;0.002;0.265;
30427;0.515;0.012;0.127;0.004;0.001;0.002;0.339;
30585;0.821;0.011;0.068;0.009;0.003;0.002;0.086;
30741;0.767;0.012;0.081;0.009;0.002;0.002;0.127;
30913;0.509;0.014;0.089;0.008;0.005;0.002;0.372;
31086;0.831;0.011;0.084;0.025;0.003;0.002;0.044;
31276;0.842;0.018;0.073;0.009;0.002;0.002;0.054;
31458;0.781;0.011;0.091;0.009;0.007;0.002;0.099;
31618;0.806;0.011;0.096;0.010;0.004;0.001;0.072;
31794;0.774;0.012;0.126;0.012;0.003;0.001;0.071;
31994;0.750;0.018;0.108;0.007;0.003;0.002;0.112;
32148;0.749;0.011;0.125;0.008;0.002;0.002;0.103;
32314;0.603;0.010;0.119;0.009;0.001;0.002;0.255;
32507;0.650;0.010;0.128;0.016;0.002;0.001;0.191;
32669;0.734;0.013;0.104;0.017;0.004;0.002;0.127;
32840;0.521;0.013;0.100;0.008;0.005;0.002;0.351;
33020;0.783;0.010;0.080;0.033;0.010;0.002;0.083;
33199;0.813;0.018;0.067;0.021;0.007;0.002;0.072;
33367;0.806;0.014;0.079;0.030;0.005;0.001;0.065;
