117;0.028;0.109;0.612;0.056;0.063;0.108;0.023;
197;0.030;0.112;0.597;0.061;0.070;0.108;0.023;
343;0.025;0.084;0.664;0.048;0.055;0.105;0.020;
410;0.025;0.084;0.663;0.050;0.053;0.107;0.019;
530;0.023;0.080;0.686;0.039;0.047;0.106;0.019;
596;0.018;0.058;0.743;0.029;0.035;0.101;0.016;
663;0.017;0.044;0.761;0.022;0.043;0.098;0.015;
767;0.023;0.077;0.691;0.042;0.055;0.095;0.017;
871;0.026;0.086;0.648;0.055;0.060;0.105;0.020;
945;0.025;0.082;0.655;0.057;0.060;0.102;0.019;
1076;0.025;0.085;0.655;0.051;0.066;0.099;0.019;
1164;0.029;0.100;0.605;0.060;0.069;0.114;0.023;
1278;0.030;0.112;0.590;0.061;0.069;0.115;0.024;
1387;0.021;0.065;0.728;0.036;0.053;0.082;0.015;
1473;0.019;0.059;0.743;0.030;0.042;0.091;0.015;
1586;0.018;0.052;0.775;0.029;0.042;0.071;0.013;
1670;0.023;0.030;0.802;0.014;0.032;0.081;0.018;
1794;0.020;0.023;0.789;0.009;0.021;0.114;0.023;
1916;0.028;0.025;0.725;0.012;0.030;0.150;0.030;
1982;0.019;0.044;0.802;0.014;0.035;0.073;0.014;
2099;0.016;0.040;0.814;0.013;0.026;0.078;0.013;
2181;0.012;0.030;0.841;0.008;0.017;0.079;0.012;
2264;0.016;0.031;0.813;0.009;0.030;0.086;0.014;
2390;0.011;0.035;0.847;0.010;0.027;0.059;0.011;
2492;0.017;0.017;0.812;0.005;0.015;0.103;0.030;
2563;0.028;0.018;0.743;0.009;0.029;0.124;0.049;
2679;0.010;0.028;0.838;0.008;0.013;0.090;0.013;
2768;0.020;0.021;0.751;0.010;0.012;0.156;0.029;
2861;0.015;0.040;0.806;0.020;0.030;0.077;0.012;
3015;0.014;0.025;0.829;0.014;0.020;0.085;0.013;
3099;0.025;0.039;0.721;0.015;0.031;0.148;0.021;
3166;0.034;0.018;0.655;0.030;0.032;0.181;0.050;
3272;0.043;0.023;0.623;0.033;0.042;0.191;0.046;
3342;0.060;0.025;0.499;0.035;0.091;0.204;0.085;
3536;0.029;0.018;0.694;0.013;0.031;0.162;0.053;
3874;0.028;0.019;0.718;0.010;0.029;0.155;0.040;
4056;0.011;0.019;0.855;0.010;0.017;0.074;0.013;
4197;0.027;0.018;0.670;0.020;0.032;0.188;0.043;
4358;0.017;0.014;0.838;0.006;0.019;0.080;0.027;
4455;0.026;0.016;0.736;0.012;0.019;0.142;0.049;
4594;0.038;0.018;0.792;0.015;0.017;0.074;0.046;
4683;0.024;0.027;0.810;0.012;0.031;0.078;0.018;
4791;0.019;0.037;0.804;0.013;0.020;0.092;0.015;
4896;0.017;0.026;0.715;0.013;0.029;0.180;0.020;
5033;0.015;0.028;0.726;0.011;0.020;0.183;0.017;
5104;0.025;0.018;0.609;0.012;0.020;0.272;0.044;
5215;0.017;0.024;0.756;0.017;0.023;0.143;0.020;
5310;0.021;0.031;0.794;0.021;0.040;0.078;0.015;
5378;0.044;0.022;0.658;0.016;0.048;0.160;0.052;
5480;0.041;0.028;0.726;0.013;0.076;0.083;0.032;
5553;0.092;0.024;0.326;0.030;0.088;0.169;0.270;
5664;0.070;0.033;0.533;0.020;0.105;0.178;0.060;
5732;0.110;0.030;0.432;0.017;0.071;0.172;0.167;
5886;0.129;0.030;0.333;0.031;0.135;0.101;0.241;
5991;0.108;0.036;0.279;0.013;0.093;0.093;0.377;
6103;0.080;0.029;0.505;0.026;0.111;0.143;0.107;
6180;0.021;0.037;0.761;0.023;0.056;0.086;0.015;
6299;0.030;0.032;0.713;0.029;0.051;0.122;0.023;
6411;0.020;0.045;0.754;0.025;0.054;0.088;0.014;
6520;0.016;0.033;0.787;0.016;0.040;0.094;0.013;
6603;0.015;0.045;0.759;0.026;0.025;0.117;0.013;
6672;0.020;0.040;0.775;0.024;0.040;0.087;0.014;
6776;0.015;0.027;0.819;0.020;0.026;0.080;0.013;
6859;0.021;0.035;0.816;0.017;0.026;0.071;0.015;
7011;0.045;0.021;0.658;0.025;0.050;0.151;0.049;
7096;0.074;0.024;0.587;0.034;0.066;0.130;0.086;
7167;0.053;0.037;0.678;0.024;0.086;0.095;0.028;
7300;0.063;0.031;0.647;0.020;0.052;0.142;0.045;
7386;0.059;0.029;0.565;0.038;0.108;0.154;0.046;
7489;0.063;0.024;0.479;0.059;0.062;0.228;0.086;
7631;0.101;0.026;0.328;0.081;0.077;0.130;0.257;
7716;0.056;0.020;0.568;0.027;0.029;0.219;0.082;
7785;0.084;0.029;0.346;0.140;0.066;0.230;0.104;
7905;0.112;0.027;0.212;0.279;0.079;0.123;0.168;
7998;0.169;0.042;0.168;0.143;0.143;0.142;0.192;
8121;0.118;0.036;0.188;0.107;0.076;0.239;0.236;
8225;0.137;0.030;0.187;0.267;0.066;0.112;0.201;
8307;0.159;0.034;0.199;0.200;0.093;0.097;0.219;
8424;0.231;0.039;0.235;0.074;0.116;0.130;0.175;
8512;0.279;0.044;0.213;0.071;0.221;0.099;0.074;
8644;0.120;0.047;0.453;0.046;0.152;0.141;0.041;
8757;0.085;0.045;0.416;0.052;0.142;0.202;0.059;
8879;0.203;0.041;0.272;0.094;0.166;0.111;0.112;
9016;0.183;0.044;0.187;0.111;0.246;0.115;0.113;
9149;0.169;0.060;0.187;0.036;0.362;0.131;0.055;
9223;0.132;0.037;0.271;0.037;0.096;0.299;0.128;
9351;0.137;0.035;0.215;0.076;0.033;0.265;0.240;
9434;0.094;0.034;0.428;0.068;0.060;0.237;0.079;
9548;0.131;0.036;0.225;0.164;0.132;0.195;0.117;
9636;0.098;0.040;0.364;0.039;0.104;0.259;0.097;
9709;0.064;0.031;0.555;0.079;0.097;0.130;0.044;
9841;0.047;0.023;0.639;0.037;0.030;0.159;0.066;
9935;0.058;0.027;0.503;0.045;0.061;0.226;0.081;
10010;0.027;0.033;0.702;0.020;0.053;0.142;0.022;
10134;0.037;0.033;0.624;0.034;0.041;0.198;0.033;
10218;0.057;0.035;0.508;0.050;0.144;0.167;0.039;
10294;0.070;0.028;0.395;0.062;0.056;0.304;0.086;
10414;0.189;0.043;0.156;0.077;0.171;0.192;0.173;
10516;0.148;0.034;0.355;0.085;0.117;0.156;0.105;
10597;0.136;0.032;0.254;0.141;0.264;0.080;0.093;
10715;0.048;0.030;0.578;0.080;0.106;0.130;0.028;
10803;0.046;0.025;0.428;0.079;0.078;0.289;0.054;
10927;0.025;0.040;0.660;0.055;0.057;0.147;0.015;
11036;0.025;0.028;0.622;0.066;0.052;0.186;0.020;
11127;0.031;0.038;0.647;0.040;0.082;0.143;0.020;
11239;0.084;0.036;0.390;0.086;0.173;0.162;0.069;
11325;0.056;0.041;0.497;0.065;0.112;0.195;0.033;
11394;0.035;0.041;0.465;0.191;0.094;0.158;0.016;
11527;0.076;0.051;0.352;0.074;0.262;0.156;0.028;
11732;0.068;0.047;0.537;0.052;0.101;0.162;0.032;
11865;0.051;0.044;0.594;0.040;0.098;0.144;0.029;
11938;0.051;0.046;0.546;0.033;0.112;0.184;0.027;
12105;0.040;0.034;0.598;0.074;0.096;0.137;0.021;
12223;0.074;0.036;0.578;0.044;0.127;0.104;0.039;
12323;0.103;0.038;0.486;0.053;0.089;0.170;0.060;
12453;0.034;0.027;0.695;0.031;0.053;0.134;0.027;
12539;0.059;0.024;0.503;0.065;0.047;0.225;0.078;
12659;0.096;0.032;0.417;0.060;0.112;0.186;0.097;
12759;0.029;0.023;0.738;0.031;0.055;0.097;0.027;
12841;0.063;0.023;0.506;0.060;0.055;0.212;0.081;
12998;0.159;0.035;0.355;0.144;0.112;0.105;0.090;
13106;0.132;0.030;0.212;0.246;0.248;0.076;0.057;
13184;0.101;0.022;0.199;0.386;0.109;0.069;0.114;
13355;0.107;0.030;0.240;0.208;0.261;0.078;0.076;
13457;0.062;0.008;0.062;0.725;0.053;0.012;0.078;
13581;0.120;0.024;0.107;0.364;0.305;0.035;0.045;
13683;0.148;0.041;0.290;0.144;0.237;0.074;0.066;
13842;0.181;0.036;0.145;0.308;0.198;0.052;0.080;
13917;0.259;0.024;0.110;0.190;0.252;0.020;0.145;
14063;0.444;0.023;0.036;0.257;0.164;0.008;0.068;
14177;0.213;0.031;0.046;0.441;0.196;0.025;0.047;
14284;0.344;0.009;0.031;0.392;0.128;0.005;0.090;
14356;0.431;0.025;0.041;0.085;0.270;0.007;0.143;
14466;0.423;0.021;0.026;0.384;0.082;0.007;0.057;
14552;0.245;0.027;0.044;0.432;0.162;0.018;0.072;
14677;0.133;0.018;0.012;0.610;0.199;0.009;0.020;
14780;0.206;0.044;0.035;0.400;0.252;0.027;0.036;
14907;0.230;0.040;0.036;0.345;0.297;0.018;0.034;
15086;0.383;0.027;0.030;0.312;0.182;0.014;0.054;
15178;0.289;0.028;0.045;0.309;0.245;0.022;0.061;
15301;0.259;0.039;0.133;0.172;0.148;0.093;0.156;
15401;0.307;0.035;0.121;0.208;0.129;0.066;0.134;
15530;0.417;0.039;0.065;0.190;0.142;0.063;0.084;
15601;0.383;0.028;0.062;0.163;0.107;0.047;0.210;
15725;0.367;0.049;0.168;0.072;0.096;0.116;0.131;
15822;0.360;0.042;0.097;0.217;0.110;0.071;0.104;
15917;0.053;0.008;0.036;0.818;0.040;0.016;0.029;
16197;0.252;0.030;0.078;0.167;0.373;0.041;0.060;
16492;0.140;0.026;0.133;0.391;0.181;0.061;0.068;
16606;0.057;0.056;0.474;0.028;0.160;0.200;0.025;
16756;0.043;0.045;0.552;0.051;0.162;0.123;0.025;
16852;0.022;0.040;0.731;0.031;0.054;0.106;0.015;
16989;0.021;0.064;0.726;0.039;0.049;0.085;0.015;
17093;0.019;0.057;0.737;0.031;0.046;0.095;0.015;
17219;0.024;0.082;0.677;0.042;0.049;0.108;0.019;
