86;0.001;0.003;0.001;0.015;0.978;0.001;0.000;
156;0.002;0.013;0.001;0.059;0.923;0.002;0.000;
286;0.009;0.039;0.006;0.136;0.795;0.012;0.002;
392;0.031;0.131;0.027;0.329;0.439;0.032;0.012;
447;0.002;0.001;0.000;0.003;0.994;0.001;0.000;
563;0.000;0.000;0.000;0.000;1.000;0.000;0.000;
635;0.000;0.000;0.000;0.001;0.999;0.000;0.000;
691;0.000;0.000;0.000;0.000;1.000;0.000;0.000;
785;0.000;0.000;0.000;0.000;0.999;0.000;0.000;
846;0.000;0.000;0.000;0.001;0.997;0.001;0.000;
896;0.001;0.000;0.000;0.003;0.990;0.005;0.000;
1021;0.005;0.012;0.006;0.022;0.908;0.042;0.005;
1069;0.024;0.124;0.081;0.184;0.439;0.111;0.036;
1166;0.038;0.188;0.156;0.200;0.241;0.126;0.052;
1300;0.039;0.189;0.172;0.207;0.215;0.128;0.051;
1405;0.041;0.176;0.199;0.212;0.184;0.134;0.053;
1563;0.039;0.159;0.187;0.232;0.193;0.135;0.054;
1624;0.041;0.181;0.185;0.209;0.196;0.133;0.055;
1697;0.042;0.204;0.205;0.194;0.174;0.131;0.052;
1811;0.043;0.240;0.240;0.165;0.140;0.127;0.046;
1882;0.042;0.256;0.223;0.163;0.146;0.124;0.046;
1955;0.040;0.270;0.189;0.165;0.166;0.121;0.050;
2056;0.041;0.257;0.201;0.168;0.160;0.124;0.050;
2142;0.042;0.239;0.204;0.172;0.164;0.127;0.052;
2202;0.042;0.252;0.200;0.167;0.163;0.125;0.051;
2285;0.042;0.261;0.197;0.164;0.162;0.124;0.051;
2335;0.043;0.252;0.211;0.162;0.154;0.126;0.051;
2433;0.043;0.252;0.215;0.162;0.152;0.127;0.050;
2491;0.043;0.238;0.214;0.168;0.158;0.129;0.051;
2593;0.042;0.228;0.193;0.179;0.176;0.128;0.054;
2675;0.043;0.230;0.206;0.173;0.164;0.130;0.054;
2755;0.043;0.194;0.205;0.191;0.176;0.134;0.056;
2837;0.043;0.200;0.200;0.188;0.182;0.132;0.055;
2889;0.042;0.181;0.191;0.204;0.191;0.133;0.058;
2987;0.042;0.203;0.187;0.191;0.190;0.130;0.056;
3042;0.043;0.210;0.197;0.183;0.180;0.131;0.057;
3149;0.044;0.200;0.204;0.187;0.174;0.134;0.057;
3220;0.044;0.203;0.198;0.186;0.179;0.132;0.058;
3267;0.044;0.177;0.188;0.200;0.193;0.132;0.065;
3364;0.042;0.177;0.170;0.189;0.227;0.127;0.069;
3418;0.040;0.227;0.164;0.160;0.228;0.119;0.062;
3535;0.042;0.270;0.189;0.148;0.183;0.114;0.053;
3590;0.043;0.250;0.265;0.148;0.130;0.120;0.043;
3685;0.044;0.227;0.279;0.154;0.129;0.124;0.043;
3737;0.043;0.240;0.267;0.153;0.132;0.122;0.044;
3840;0.043;0.260;0.256;0.146;0.132;0.118;0.043;
3896;0.043;0.259;0.248;0.150;0.138;0.118;0.044;
3995;0.043;0.280;0.232;0.145;0.140;0.115;0.046;
4053;0.042;0.265;0.204;0.150;0.176;0.113;0.049;
4148;0.042;0.225;0.190;0.156;0.216;0.117;0.054;
4221;0.037;0.168;0.145;0.151;0.336;0.112;0.052;
4321;0.037;0.165;0.157;0.176;0.294;0.118;0.053;
4387;0.037;0.182;0.150;0.163;0.302;0.114;0.052;
4446;0.039;0.185;0.165;0.176;0.263;0.119;0.054;
4543;0.040;0.231;0.176;0.162;0.224;0.115;0.052;
4636;0.041;0.251;0.193;0.163;0.188;0.115;0.048;
4685;0.043;0.206;0.219;0.179;0.178;0.126;0.051;
4773;0.043;0.189;0.221;0.190;0.174;0.129;0.052;
4832;0.043;0.206;0.209;0.178;0.183;0.127;0.054;
4936;0.043;0.195;0.220;0.185;0.175;0.129;0.053;
5011;0.042;0.230;0.212;0.173;0.172;0.122;0.049;
5109;0.043;0.212;0.209;0.173;0.184;0.125;0.055;
5177;0.042;0.231;0.206;0.170;0.179;0.121;0.051;
5242;0.043;0.213;0.215;0.175;0.176;0.125;0.053;
5338;0.043;0.212;0.237;0.179;0.155;0.127;0.048;
5412;0.042;0.203;0.205;0.183;0.188;0.125;0.054;
5504;0.042;0.224;0.209;0.171;0.179;0.122;0.051;
5640;0.043;0.205;0.203;0.175;0.196;0.125;0.054;
5731;0.043;0.209;0.219;0.176;0.175;0.126;0.051;
5853;0.043;0.212;0.237;0.181;0.152;0.128;0.047;
5924;0.043;0.207;0.238;0.181;0.154;0.129;0.048;
5993;0.043;0.211;0.235;0.179;0.155;0.128;0.048;
6092;0.042;0.212;0.223;0.183;0.164;0.127;0.049;
6150;0.042;0.240;0.223;0.172;0.155;0.122;0.046;
6250;0.042;0.236;0.239;0.169;0.144;0.125;0.046;
6324;0.043;0.229;0.248;0.168;0.140;0.126;0.046;
6424;0.043;0.207;0.260;0.176;0.139;0.130;0.046;
6474;0.043;0.203;0.256;0.179;0.141;0.131;0.046;
6565;0.043;0.215;0.249;0.176;0.143;0.128;0.046;
6624;0.043;0.212;0.257;0.178;0.138;0.128;0.045;
6730;0.043;0.221;0.255;0.170;0.138;0.128;0.045;
6818;0.043;0.213;0.265;0.172;0.134;0.129;0.044;
6873;0.043;0.212;0.271;0.170;0.132;0.128;0.044;
6987;0.043;0.210;0.269;0.170;0.134;0.129;0.045;
7038;0.043;0.205;0.282;0.170;0.128;0.130;0.043;
7133;0.043;0.205;0.277;0.171;0.130;0.130;0.044;
7189;0.043;0.209;0.279;0.170;0.128;0.129;0.043;
7373;0.043;0.215;0.268;0.169;0.133;0.128;0.044;
7446;0.043;0.215;0.230;0.181;0.153;0.129;0.050;
7575;0.043;0.215;0.253;0.176;0.139;0.128;0.046;
7678;0.043;0.218;0.248;0.173;0.143;0.128;0.047;
7764;0.043;0.218;0.243;0.172;0.147;0.128;0.049;
7884;0.044;0.213;0.254;0.169;0.142;0.130;0.048;
7962;0.044;0.220;0.247;0.167;0.146;0.128;0.049;
8067;0.044;0.222;0.225;0.168;0.163;0.125;0.053;
8233;0.044;0.217;0.233;0.172;0.157;0.126;0.051;
8303;0.044;0.188;0.237;0.185;0.161;0.131;0.053;
8407;0.044;0.221;0.238;0.166;0.155;0.126;0.051;
8467;0.044;0.169;0.231;0.201;0.166;0.135;0.055;
8566;0.043;0.160;0.214;0.210;0.182;0.135;0.057;
8640;0.043;0.156;0.234;0.213;0.162;0.137;0.055;
8721;0.043;0.154;0.236;0.217;0.158;0.139;0.054;
8816;0.042;0.149;0.237;0.224;0.157;0.139;0.052;
8878;0.043;0.153;0.237;0.216;0.158;0.139;0.053;
8976;0.042;0.147;0.230;0.226;0.163;0.139;0.054;
9052;0.042;0.148;0.232;0.223;0.162;0.139;0.054;
9150;0.043;0.151;0.230;0.220;0.164;0.138;0.054;
9198;0.044;0.161;0.239;0.204;0.159;0.138;0.055;
9307;0.045;0.172;0.234;0.192;0.166;0.135;0.056;
9443;0.044;0.175;0.248;0.194;0.153;0.135;0.052;
9516;0.044;0.178;0.243;0.192;0.155;0.135;0.053;
9643;0.044;0.190;0.247;0.184;0.150;0.134;0.051;
9712;0.044;0.183;0.234;0.190;0.160;0.135;0.055;
9799;0.043;0.196;0.218;0.187;0.169;0.131;0.055;
9886;0.043;0.178;0.206;0.195;0.185;0.132;0.060;
9955;0.042;0.210;0.211;0.185;0.174;0.127;0.052;
10050;0.042;0.202;0.222;0.193;0.162;0.130;0.050;
10155;0.042;0.222;0.217;0.181;0.157;0.127;0.053;
10324;0.041;0.250;0.201;0.167;0.163;0.123;0.056;
10386;0.042;0.250;0.221;0.168;0.149;0.122;0.049;
10532;0.042;0.247;0.221;0.169;0.150;0.123;0.049;
10643;0.042;0.253;0.215;0.164;0.152;0.123;0.051;
10702;0.042;0.224;0.220;0.177;0.157;0.127;0.052;
10824;0.042;0.240;0.209;0.169;0.162;0.124;0.055;
10899;0.040;0.296;0.180;0.148;0.164;0.115;0.057;
10984;0.038;0.297;0.159;0.147;0.190;0.111;0.058;
11099;0.038;0.316;0.151;0.140;0.190;0.108;0.057;
11157;0.039;0.309;0.157;0.139;0.186;0.110;0.059;
11275;0.036;0.308;0.140;0.140;0.215;0.105;0.056;
11334;0.037;0.320;0.146;0.137;0.197;0.106;0.058;
11420;0.038;0.301;0.152;0.142;0.197;0.110;0.060;
11510;0.036;0.329;0.145;0.142;0.190;0.104;0.054;
11567;0.038;0.327;0.180;0.153;0.140;0.113;0.050;
11668;0.035;0.387;0.152;0.140;0.137;0.102;0.047;
11727;0.037;0.330;0.148;0.135;0.185;0.106;0.058;
11828;0.040;0.311;0.169;0.143;0.174;0.109;0.054;
11903;0.043;0.242;0.208;0.166;0.162;0.124;0.056;
11963;0.041;0.265;0.210;0.168;0.149;0.119;0.048;
12069;0.042;0.259;0.207;0.162;0.158;0.120;0.052;
12124;0.043;0.220;0.214;0.178;0.164;0.127;0.055;
12227;0.042;0.201;0.208;0.192;0.172;0.129;0.055;
12314;0.040;0.157;0.186;0.231;0.195;0.133;0.058;
12383;0.038;0.155;0.164;0.225;0.226;0.131;0.061;
12518;0.040;0.144;0.183;0.238;0.199;0.135;0.062;
12605;0.034;0.126;0.149;0.274;0.228;0.129;0.059;
12724;0.036;0.129;0.173;0.279;0.194;0.132;0.056;
12811;0.035;0.129;0.168;0.276;0.205;0.130;0.056;
12885;0.034;0.130;0.155;0.273;0.225;0.128;0.055;
13059;0.029;0.114;0.131;0.310;0.244;0.122;0.050;
13174;0.038;0.153;0.190;0.250;0.183;0.132;0.053;
13352;0.036;0.150;0.165;0.250;0.218;0.128;0.053;
13451;0.038;0.151;0.170;0.237;0.218;0.131;0.056;
13522;0.040;0.176;0.170;0.205;0.222;0.129;0.058;
13642;0.040;0.180;0.167;0.201;0.224;0.128;0.060;
13757;0.042;0.183;0.181;0.202;0.199;0.132;0.060;
13810;0.044;0.008;0.012;0.026;0.904;0.004;0.003;
13901;0.059;0.018;0.063;0.143;0.685;0.020;0.013;
13989;0.008;0.032;0.023;0.864;0.051;0.017;0.006;
14057;0.005;0.036;0.009;0.905;0.030;0.012;0.003;
14192;0.009;0.067;0.016;0.858;0.024;0.021;0.005;
14265;0.008;0.052;0.015;0.877;0.026;0.018;0.004;
14352;0.013;0.068;0.024;0.820;0.041;0.029;0.007;
14469;0.012;0.055;0.035;0.817;0.035;0.039;0.008;
14558;0.026;0.023;0.070;0.585;0.237;0.048;0.013;
14625;0.040;0.021;0.093;0.173;0.635;0.023;0.016;
14737;0.074;0.033;0.123;0.099;0.629;0.025;0.018;
14811;0.046;0.023;0.100;0.049;0.762;0.011;0.009;
14882;0.019;0.071;0.716;0.053;0.065;0.061;0.013;
14984;0.011;0.041;0.826;0.028;0.054;0.031;0.008;
15071;0.011;0.012;0.822;0.015;0.124;0.006;0.009;
15135;0.018;0.009;0.807;0.030;0.108;0.010;0.018;
15251;0.029;0.010;0.727;0.088;0.101;0.017;0.028;
15317;0.032;0.008;0.360;0.225;0.324;0.011;0.041;
15442;0.034;0.008;0.140;0.359;0.408;0.010;0.041;
15519;0.048;0.008;0.073;0.429;0.395;0.011;0.037;
15571;0.024;0.003;0.028;0.589;0.329;0.003;0.024;
15683;0.032;0.005;0.054;0.456;0.419;0.005;0.029;
15779;0.046;0.005;0.023;0.500;0.404;0.003;0.021;
15835;0.042;0.004;0.013;0.664;0.259;0.004;0.014;
15937;0.034;0.004;0.014;0.703;0.233;0.003;0.010;
16018;0.017;0.002;0.008;0.810;0.152;0.001;0.010;
16095;0.030;0.003;0.010;0.732;0.210;0.001;0.014;
16216;0.026;0.002;0.006;0.815;0.138;0.001;0.012;
16302;0.049;0.005;0.014;0.532;0.365;0.002;0.033;
16369;0.025;0.003;0.009;0.790;0.152;0.001;0.020;
16491;0.017;0.002;0.006;0.804;0.155;0.000;0.015;
16559;0.035;0.003;0.006;0.321;0.622;0.001;0.012;
16666;0.021;0.002;0.003;0.402;0.562;0.000;0.009;
16725;0.021;0.002;0.004;0.367;0.599;0.000;0.008;
16837;0.019;0.002;0.003;0.473;0.497;0.000;0.006;
16927;0.017;0.002;0.003;0.351;0.623;0.000;0.005;
17022;0.018;0.002;0.002;0.459;0.513;0.001;0.005;
17123;0.038;0.008;0.010;0.761;0.156;0.003;0.024;
17223;0.038;0.005;0.010;0.342;0.589;0.003;0.012;
17290;0.015;0.003;0.005;0.809;0.162;0.001;0.005;
17392;0.003;0.001;0.005;0.956;0.030;0.001;0.004;
17472;0.017;0.002;0.014;0.867;0.090;0.002;0.008;
17559;0.013;0.001;0.011;0.735;0.230;0.001;0.008;
17644;0.006;0.001;0.004;0.961;0.025;0.001;0.003;
17726;0.030;0.003;0.017;0.786;0.153;0.001;0.010;
17824;0.018;0.002;0.014;0.743;0.215;0.001;0.006;
17912;0.025;0.003;0.021;0.790;0.152;0.002;0.008;
17994;0.015;0.002;0.013;0.750;0.214;0.001;0.005;
18111;0.006;0.001;0.005;0.876;0.110;0.000;0.002;
18166;0.008;0.001;0.007;0.887;0.093;0.001;0.003;
18288;0.012;0.001;0.007;0.630;0.343;0.001;0.005;
18366;0.012;0.002;0.012;0.632;0.336;0.002;0.004;
18437;0.011;0.001;0.010;0.720;0.252;0.001;0.005;
18530;0.019;0.002;0.017;0.567;0.383;0.001;0.011;
18635;0.005;0.001;0.005;0.420;0.566;0.000;0.003;
18702;0.008;0.001;0.002;0.464;0.521;0.000;0.003;
18809;0.015;0.001;0.009;0.696;0.269;0.000;0.010;
18897;0.009;0.001;0.002;0.745;0.240;0.000;0.002;
18963;0.003;0.000;0.002;0.198;0.795;0.000;0.001;
19074;0.011;0.001;0.006;0.328;0.648;0.000;0.006;
19153;0.003;0.000;0.001;0.156;0.836;0.000;0.003;
19223;0.006;0.001;0.001;0.141;0.843;0.000;0.007;
19344;0.002;0.000;0.000;0.078;0.919;0.000;0.001;
19419;0.005;0.000;0.001;0.218;0.771;0.000;0.004;
19486;0.002;0.000;0.000;0.068;0.929;0.000;0.001;
19608;0.003;0.000;0.000;0.128;0.867;0.000;0.001;
19679;0.006;0.000;0.000;0.117;0.875;0.000;0.001;
19780;0.041;0.004;0.003;0.242;0.694;0.001;0.014;
19867;0.006;0.001;0.000;0.140;0.852;0.000;0.001;
19937;0.006;0.001;0.000;0.263;0.729;0.000;0.001;
20044;0.009;0.001;0.000;0.316;0.671;0.000;0.001;
20126;0.003;0.000;0.000;0.879;0.116;0.000;0.001;
20242;0.003;0.000;0.001;0.950;0.045;0.000;0.001;
20314;0.002;0.000;0.001;0.981;0.016;0.000;0.000;
20406;0.002;0.000;0.000;0.980;0.018;0.000;0.001;
20516;0.003;0.000;0.001;0.869;0.125;0.000;0.001;
20616;0.007;0.000;0.001;0.867;0.123;0.000;0.001;
20676;0.005;0.000;0.000;0.756;0.238;0.000;0.000;
20787;0.008;0.001;0.000;0.630;0.360;0.000;0.000;
20874;0.051;0.008;0.002;0.532;0.402;0.001;0.004;
20928;0.037;0.005;0.002;0.676;0.275;0.001;0.003;
21040;0.070;0.009;0.007;0.635;0.267;0.003;0.010;
21109;0.050;0.006;0.002;0.502;0.434;0.001;0.005;
21214;0.023;0.003;0.002;0.822;0.147;0.001;0.003;
21282;0.012;0.002;0.002;0.926;0.057;0.000;0.001;
21401;0.018;0.003;0.001;0.489;0.488;0.001;0.001;
21486;0.012;0.001;0.001;0.188;0.798;0.000;0.001;
21609;0.016;0.001;0.002;0.242;0.737;0.000;0.002;
21670;0.017;0.001;0.001;0.204;0.776;0.000;0.002;
21781;0.015;0.001;0.001;0.274;0.707;0.000;0.002;
21871;0.031;0.003;0.002;0.469;0.493;0.001;0.003;
21934;0.055;0.005;0.007;0.431;0.487;0.002;0.014;
22054;0.028;0.003;0.002;0.703;0.261;0.001;0.003;
22123;0.033;0.002;0.002;0.598;0.360;0.001;0.003;
22225;0.022;0.001;0.002;0.468;0.503;0.000;0.003;
22280;0.051;0.006;0.013;0.650;0.255;0.002;0.023;
22408;0.031;0.003;0.007;0.623;0.326;0.001;0.009;
22484;0.035;0.003;0.005;0.382;0.568;0.001;0.006;
22546;0.031;0.003;0.006;0.589;0.362;0.001;0.008;
22652;0.021;0.002;0.002;0.658;0.315;0.000;0.003;
22727;0.021;0.001;0.001;0.735;0.237;0.000;0.005;
22806;0.016;0.001;0.001;0.570;0.409;0.000;0.004;
22913;0.042;0.002;0.002;0.708;0.233;0.000;0.013;
23005;0.101;0.004;0.005;0.780;0.070;0.000;0.039;
23067;0.079;0.007;0.004;0.810;0.084;0.001;0.016;
23176;0.085;0.005;0.003;0.754;0.142;0.001;0.011;
23284;0.145;0.006;0.009;0.733;0.046;0.001;0.059;
23342;0.471;0.011;0.027;0.266;0.034;0.003;0.188;
23467;0.261;0.021;0.032;0.063;0.042;0.005;0.575;
23562;0.047;0.008;0.048;0.003;0.001;0.002;0.891;
23624;0.433;0.011;0.063;0.051;0.007;0.003;0.432;
23752;0.314;0.013;0.050;0.078;0.011;0.002;0.531;
23834;0.322;0.011;0.029;0.274;0.046;0.003;0.314;
23904;0.322;0.010;0.026;0.362;0.037;0.002;0.241;
24017;0.303;0.016;0.045;0.106;0.009;0.003;0.517;
24100;0.093;0.008;0.079;0.011;0.003;0.004;0.801;
24247;0.158;0.006;0.090;0.346;0.006;0.003;0.391;
24336;0.078;0.007;0.151;0.018;0.004;0.007;0.734;
24404;0.089;0.009;0.180;0.015;0.005;0.010;0.692;
24507;0.151;0.013;0.230;0.027;0.007;0.013;0.560;
24607;0.244;0.012;0.194;0.114;0.009;0.009;0.419;
24689;0.128;0.011;0.192;0.027;0.007;0.012;0.622;
24810;0.116;0.010;0.177;0.062;0.006;0.007;0.622;
24877;0.155;0.012;0.216;0.083;0.006;0.009;0.518;
24977;0.121;0.006;0.138;0.264;0.006;0.004;0.461;
25081;0.062;0.008;0.180;0.217;0.007;0.006;0.521;
25180;0.067;0.005;0.142;0.299;0.006;0.003;0.477;
25299;0.078;0.011;0.207;0.177;0.008;0.007;0.512;
25376;0.026;0.001;0.027;0.884;0.001;0.000;0.060;
25444;0.023;0.001;0.007;0.927;0.005;0.000;0.037;
25566;0.024;0.001;0.006;0.957;0.001;0.000;0.011;
25631;0.028;0.001;0.008;0.896;0.036;0.000;0.031;
25766;0.016;0.001;0.007;0.907;0.051;0.001;0.016;
25832;0.060;0.005;0.019;0.625;0.218;0.002;0.070;
25964;0.027;0.002;0.011;0.812;0.126;0.001;0.022;
26028;0.022;0.002;0.018;0.759;0.180;0.002;0.016;
26154;0.038;0.003;0.019;0.515;0.405;0.002;0.016;
26246;0.031;0.003;0.017;0.491;0.435;0.003;0.020;
26307;0.022;0.002;0.010;0.724;0.225;0.002;0.016;
26423;0.019;0.002;0.007;0.442;0.516;0.001;0.013;
26518;0.022;0.002;0.014;0.805;0.111;0.002;0.044;
26584;0.026;0.002;0.018;0.849;0.030;0.001;0.073;
26701;0.031;0.007;0.051;0.577;0.112;0.007;0.215;
26779;0.028;0.004;0.039;0.711;0.025;0.003;0.190;
26850;0.021;0.002;0.017;0.817;0.101;0.003;0.039;
26942;0.012;0.001;0.005;0.848;0.124;0.001;0.010;
27022;0.016;0.001;0.007;0.870;0.094;0.001;0.011;
27152;0.022;0.002;0.015;0.834;0.088;0.001;0.038;
27205;0.011;0.001;0.012;0.876;0.069;0.001;0.032;
27308;0.011;0.001;0.003;0.780;0.196;0.000;0.008;
27380;0.020;0.001;0.009;0.535;0.404;0.001;0.029;
27501;0.010;0.001;0.004;0.164;0.805;0.000;0.016;
27571;0.009;0.001;0.005;0.248;0.725;0.000;0.012;
27637;0.009;0.001;0.004;0.194;0.780;0.000;0.011;
27742;0.008;0.001;0.011;0.439;0.529;0.000;0.013;
27833;0.014;0.001;0.018;0.394;0.544;0.001;0.029;
27921;0.004;0.000;0.003;0.351;0.636;0.000;0.006;
28025;0.001;0.000;0.001;0.157;0.839;0.000;0.001;
28100;0.003;0.000;0.002;0.366;0.625;0.000;0.003;
28208;0.007;0.001;0.005;0.386;0.590;0.000;0.011;
28275;0.010;0.001;0.005;0.330;0.641;0.000;0.013;
28402;0.004;0.000;0.003;0.237;0.751;0.000;0.005;
28462;0.003;0.000;0.002;0.305;0.687;0.000;0.004;
28576;0.004;0.001;0.006;0.237;0.745;0.000;0.007;
28645;0.004;0.000;0.002;0.217;0.772;0.000;0.005;
28750;0.006;0.001;0.004;0.191;0.792;0.000;0.006;
28833;0.014;0.002;0.006;0.062;0.900;0.000;0.015;
28942;0.013;0.002;0.017;0.147;0.802;0.001;0.019;
29034;0.015;0.002;0.020;0.332;0.601;0.001;0.029;
29103;0.003;0.000;0.002;0.196;0.794;0.000;0.004;
29210;0.005;0.000;0.003;0.375;0.612;0.000;0.005;
29302;0.014;0.001;0.010;0.279;0.679;0.000;0.016;
29381;0.010;0.001;0.015;0.300;0.658;0.000;0.015;
29490;0.005;0.001;0.006;0.165;0.816;0.000;0.008;
29563;0.006;0.001;0.006;0.079;0.902;0.000;0.007;
29677;0.011;0.001;0.015;0.171;0.781;0.000;0.020;
29754;0.022;0.002;0.018;0.605;0.319;0.001;0.033;
29868;0.021;0.002;0.019;0.504;0.424;0.001;0.029;
29935;0.024;0.002;0.020;0.739;0.187;0.001;0.026;
30042;0.009;0.001;0.006;0.943;0.033;0.000;0.009;
30113;0.013;0.001;0.013;0.809;0.148;0.001;0.016;
30233;0.025;0.003;0.023;0.737;0.167;0.002;0.043;
30285;0.005;0.000;0.007;0.930;0.048;0.000;0.009;
30398;0.014;0.001;0.009;0.892;0.073;0.000;0.011;
30467;0.003;0.000;0.002;0.969;0.023;0.000;0.003;
30578;0.000;0.000;0.002;0.993;0.001;0.000;0.004;
30697;0.000;0.000;0.001;0.996;0.002;0.000;0.002;
30747;0.000;0.000;0.000;1.000;0.000;0.000;0.000;
30853;0.000;0.000;0.000;0.999;0.000;0.000;0.000;
30934;0.000;0.000;0.002;0.996;0.000;0.000;0.001;
31045;0.000;0.000;0.001;0.997;0.001;0.000;0.001;
31109;0.000;0.000;0.000;0.999;0.001;0.000;0.000;
31202;0.000;0.000;0.000;0.998;0.001;0.000;0.000;
31301;0.000;0.000;0.002;0.997;0.000;0.000;0.000;
31366;0.005;0.000;0.012;0.975;0.001;0.000;0.007;
31486;0.023;0.002;0.044;0.861;0.003;0.000;0.067;
31556;0.072;0.011;0.379;0.062;0.011;0.010;0.455;
31654;0.150;0.010;0.166;0.254;0.017;0.006;0.398;
31728;0.150;0.014;0.240;0.292;0.013;0.009;0.284;
31835;0.137;0.003;0.056;0.706;0.007;0.001;0.090;
31904;0.137;0.004;0.028;0.744;0.022;0.001;0.064;
32009;0.095;0.002;0.018;0.834;0.027;0.000;0.025;
32099;0.036;0.001;0.017;0.893;0.013;0.000;0.040;
32169;0.028;0.001;0.019;0.889;0.024;0.000;0.039;
32273;0.075;0.002;0.025;0.848;0.011;0.000;0.039;
32344;0.050;0.002;0.023;0.860;0.011;0.000;0.054;
32462;0.097;0.008;0.100;0.398;0.054;0.005;0.338;
32522;0.239;0.004;0.038;0.596;0.047;0.001;0.075;
32640;0.141;0.009;0.092;0.242;0.057;0.005;0.453;
32700;0.083;0.002;0.028;0.735;0.052;0.001;0.100;
32804;0.114;0.007;0.070;0.383;0.015;0.002;0.408;
32876;0.134;0.003;0.026;0.697;0.057;0.001;0.083;
32974;0.029;0.001;0.014;0.874;0.034;0.000;0.048;
33065;0.019;0.001;0.008;0.917;0.044;0.000;0.010;
33141;0.056;0.003;0.016;0.771;0.137;0.001;0.017;
33237;0.038;0.001;0.008;0.908;0.036;0.000;0.009;
33343;0.069;0.003;0.027;0.755;0.081;0.001;0.064;
33408;0.047;0.002;0.022;0.842;0.022;0.000;0.064;
33537;0.031;0.002;0.017;0.880;0.022;0.000;0.049;
33603;0.046;0.002;0.028;0.829;0.013;0.000;0.081;
33695;0.032;0.002;0.024;0.876;0.012;0.000;0.054;
33759;0.029;0.002;0.028;0.816;0.078;0.001;0.047;
33873;0.023;0.002;0.017;0.847;0.081;0.001;0.030;
33940;0.000;0.000;0.002;0.996;0.000;0.000;0.001;
34042;0.001;0.000;0.003;0.991;0.002;0.000;0.003;
34112;0.000;0.000;0.001;0.997;0.001;0.000;0.001;
34240;0.001;0.000;0.005;0.990;0.001;0.000;0.002;
34294;0.002;0.000;0.013;0.980;0.000;0.000;0.004;
34401;0.002;0.000;0.009;0.985;0.000;0.000;0.003;
34473;0.001;0.000;0.004;0.993;0.001;0.000;0.001;
34587;0.001;0.000;0.004;0.994;0.000;0.000;0.001;
34653;0.001;0.000;0.005;0.990;0.000;0.000;0.003;
34749;0.003;0.000;0.019;0.973;0.001;0.000;0.004;
34810;0.002;0.000;0.008;0.988;0.000;0.000;0.002;
34913;0.005;0.000;0.022;0.969;0.000;0.000;0.002;
34995;0.002;0.000;0.004;0.992;0.001;0.000;0.001;
35074;0.008;0.000;0.013;0.975;0.001;0.000;0.003;
35184;0.007;0.000;0.011;0.975;0.002;0.000;0.004;
35264;0.020;0.001;0.037;0.903;0.004;0.000;0.035;
35325;0.013;0.001;0.019;0.954;0.002;0.000;0.011;
35428;0.010;0.000;0.013;0.972;0.001;0.000;0.004;
35509;0.006;0.000;0.013;0.979;0.001;0.000;0.002;
35570;0.001;0.000;0.002;0.995;0.001;0.000;0.001;
35687;0.035;0.001;0.012;0.934;0.003;0.000;0.015;
35767;0.070;0.001;0.031;0.864;0.005;0.000;0.028;
35833;0.123;0.006;0.060;0.572;0.024;0.001;0.213;
35953;0.183;0.009;0.072;0.423;0.165;0.004;0.144;
36032;0.345;0.007;0.049;0.375;0.104;0.002;0.118;
36092;0.451;0.007;0.069;0.282;0.032;0.002;0.157;
36198;0.239;0.011;0.147;0.112;0.021;0.005;0.465;
36260;0.171;0.012;0.116;0.219;0.036;0.006;0.439;
36365;0.087;0.008;0.158;0.028;0.011;0.006;0.703;
36448;0.304;0.013;0.102;0.126;0.046;0.007;0.402;
36527;0.287;0.009;0.058;0.407;0.074;0.003;0.161;
36618;0.317;0.010;0.067;0.250;0.087;0.004;0.265;
36699;0.204;0.007;0.028;0.419;0.229;0.001;0.111;
36801;0.139;0.005;0.056;0.529;0.085;0.002;0.183;
36882;0.066;0.002;0.024;0.778;0.064;0.001;0.065;
36955;0.028;0.001;0.010;0.906;0.037;0.000;0.017;
37063;0.066;0.003;0.039;0.704;0.014;0.001;0.173;
37147;0.123;0.004;0.051;0.548;0.053;0.001;0.220;
37192;0.118;0.004;0.033;0.687;0.011;0.001;0.146;
37296;0.093;0.004;0.043;0.603;0.012;0.001;0.245;
37380;0.041;0.002;0.040;0.745;0.008;0.001;0.163;
37444;0.090;0.011;0.089;0.070;0.036;0.011;0.693;
37569;0.260;0.020;0.075;0.053;0.073;0.017;0.503;
37656;0.026;0.001;0.019;0.925;0.003;0.000;0.025;
37719;0.004;0.000;0.002;0.988;0.002;0.000;0.003;
37853;0.001;0.000;0.001;0.993;0.001;0.000;0.003;
37910;0.025;0.001;0.006;0.962;0.002;0.000;0.004;
38020;0.171;0.003;0.018;0.768;0.011;0.000;0.029;
38097;0.034;0.001;0.016;0.941;0.001;0.000;0.007;
38174;0.044;0.002;0.039;0.884;0.002;0.000;0.028;
38287;0.234;0.006;0.053;0.696;0.003;0.001;0.008;
38369;0.115;0.004;0.008;0.832;0.011;0.000;0.031;
38438;0.163;0.003;0.009;0.773;0.020;0.000;0.032;
38570;0.026;0.001;0.004;0.951;0.011;0.000;0.007;
38723;0.078;0.010;0.005;0.724;0.170;0.001;0.013;
38798;0.040;0.005;0.003;0.863;0.084;0.001;0.004;
38939;0.236;0.062;0.005;0.031;0.623;0.004;0.040;
39002;0.121;0.056;0.003;0.063;0.745;0.005;0.007;
39116;0.268;0.025;0.018;0.585;0.019;0.002;0.083;
39190;0.082;0.006;0.008;0.841;0.029;0.000;0.034;
39310;0.188;0.030;0.089;0.560;0.007;0.002;0.123;
39385;0.077;0.063;0.048;0.695;0.005;0.002;0.111;
39523;0.126;0.019;0.025;0.771;0.006;0.001;0.052;
39601;0.152;0.038;0.003;0.442;0.346;0.001;0.019;
39716;0.149;0.021;0.002;0.293;0.520;0.001;0.014;
39784;0.097;0.051;0.006;0.691;0.141;0.003;0.011;
39903;0.091;0.034;0.005;0.643;0.214;0.002;0.011;
39983;0.489;0.032;0.008;0.232;0.192;0.002;0.045;
40093;0.355;0.035;0.006;0.198;0.304;0.003;0.099;
40178;0.526;0.054;0.017;0.175;0.022;0.004;0.202;
40290;0.808;0.069;0.016;0.029;0.016;0.007;0.055;
40342;0.586;0.048;0.075;0.001;0.001;0.020;0.268;
40464;0.693;0.054;0.070;0.002;0.001;0.011;0.169;
40530;0.655;0.213;0.010;0.012;0.031;0.008;0.071;
40650;0.675;0.204;0.013;0.012;0.025;0.012;0.060;
40725;0.697;0.052;0.014;0.036;0.071;0.023;0.107;
40792;0.712;0.061;0.021;0.011;0.021;0.011;0.163;
40902;0.601;0.074;0.012;0.033;0.180;0.006;0.093;
40984;0.625;0.039;0.040;0.013;0.033;0.006;0.244;
41048;0.764;0.078;0.036;0.010;0.019;0.010;0.083;
41171;0.767;0.075;0.030;0.029;0.011;0.030;0.059;
41245;0.691;0.029;0.064;0.016;0.008;0.074;0.118;
41298;0.514;0.022;0.120;0.043;0.013;0.051;0.238;
41430;0.348;0.018;0.246;0.118;0.014;0.051;0.204;
41514;0.067;0.011;0.625;0.124;0.008;0.044;0.121;
41594;0.044;0.012;0.580;0.177;0.008;0.059;0.121;
41687;0.048;0.009;0.661;0.101;0.006;0.066;0.109;
41763;0.531;0.005;0.225;0.018;0.001;0.127;0.093;
41871;0.547;0.007;0.163;0.009;0.005;0.065;0.203;
41945;0.334;0.012;0.189;0.012;0.009;0.140;0.304;
42010;0.011;0.005;0.867;0.071;0.006;0.018;0.023;
42130;0.015;0.006;0.691;0.196;0.028;0.030;0.034;
42218;0.071;0.006;0.747;0.047;0.008;0.049;0.072;
42303;0.128;0.010;0.614;0.058;0.007;0.077;0.106;
42410;0.194;0.016;0.275;0.280;0.014;0.098;0.123;
42508;0.269;0.009;0.275;0.282;0.009;0.036;0.120;
42564;0.123;0.015;0.105;0.575;0.015;0.096;0.072;
42662;0.272;0.011;0.281;0.286;0.014;0.062;0.074;
42744;0.217;0.008;0.147;0.532;0.009;0.022;0.065;
42806;0.098;0.015;0.024;0.827;0.006;0.018;0.011;
42913;0.315;0.013;0.033;0.618;0.010;0.003;0.007;
42992;0.128;0.017;0.017;0.782;0.045;0.005;0.006;
43067;0.109;0.011;0.015;0.842;0.014;0.002;0.006;
43176;0.244;0.012;0.105;0.492;0.024;0.023;0.101;
43255;0.016;0.003;0.005;0.960;0.013;0.002;0.002;
43327;0.003;0.001;0.004;0.992;0.001;0.000;0.000;
43422;0.003;0.001;0.004;0.989;0.001;0.001;0.001;
43499;0.002;0.001;0.004;0.991;0.001;0.000;0.001;
43606;0.002;0.002;0.002;0.993;0.002;0.001;0.000;
43658;0.007;0.001;0.010;0.979;0.001;0.001;0.001;
43762;0.004;0.000;0.005;0.984;0.004;0.000;0.001;
43849;0.002;0.001;0.002;0.993;0.001;0.000;0.000;
43956;0.004;0.001;0.005;0.987;0.001;0.000;0.001;
44045;0.004;0.002;0.001;0.989;0.003;0.000;0.000;
44140;0.018;0.004;0.005;0.969;0.004;0.001;0.001;
44229;0.117;0.013;0.022;0.753;0.081;0.006;0.009;
44304;0.016;0.008;0.005;0.939;0.028;0.003;0.002;
44432;0.008;0.003;0.002;0.977;0.009;0.001;0.001;
44525;0.011;0.003;0.007;0.931;0.042;0.003;0.003;
44604;0.028;0.006;0.020;0.832;0.097;0.007;0.010;
44721;0.063;0.017;0.050;0.554;0.287;0.013;0.017;
44791;0.001;0.001;0.000;0.994;0.003;0.000;0.000;
44903;0.008;0.002;0.008;0.911;0.069;0.001;0.002;
44977;0.006;0.002;0.005;0.934;0.052;0.001;0.001;
45079;0.004;0.001;0.003;0.924;0.067;0.001;0.001;
45143;0.003;0.001;0.000;0.421;0.574;0.000;0.001;
45260;0.002;0.000;0.001;0.867;0.130;0.000;0.001;
45321;0.001;0.000;0.000;0.969;0.030;0.000;0.000;
45426;0.001;0.001;0.000;0.940;0.057;0.000;0.000;
45520;0.002;0.001;0.000;0.822;0.174;0.000;0.000;
45577;0.006;0.009;0.001;0.779;0.203;0.001;0.001;
45687;0.004;0.003;0.001;0.842;0.150;0.000;0.001;
45768;0.022;0.002;0.005;0.760;0.206;0.000;0.005;
45851;0.039;0.004;0.022;0.382;0.534;0.001;0.018;
45975;0.042;0.006;0.045;0.653;0.234;0.005;0.015;
46055;0.034;0.003;0.032;0.662;0.257;0.004;0.008;
46128;0.032;0.003;0.018;0.476;0.466;0.002;0.004;
46229;0.015;0.002;0.007;0.228;0.746;0.002;0.001;
46289;0.006;0.001;0.002;0.183;0.808;0.000;0.001;
46401;0.020;0.002;0.011;0.755;0.207;0.001;0.003;
46459;0.004;0.000;0.007;0.936;0.050;0.001;0.002;
46576;0.001;0.000;0.001;0.984;0.013;0.000;0.000;
46649;0.001;0.000;0.001;0.991;0.007;0.000;0.000;
46762;0.000;0.000;0.000;0.998;0.002;0.000;0.000;
46823;0.001;0.000;0.001;0.991;0.006;0.000;0.000;
46935;0.010;0.001;0.007;0.836;0.144;0.000;0.002;
46996;0.010;0.001;0.007;0.913;0.065;0.000;0.004;
47100;0.004;0.000;0.003;0.961;0.030;0.000;0.002;
47165;0.007;0.001;0.004;0.870;0.115;0.000;0.002;
47283;0.016;0.002;0.008;0.849;0.121;0.001;0.003;
47351;0.020;0.002;0.005;0.674;0.296;0.000;0.003;
47458;0.013;0.001;0.004;0.610;0.369;0.000;0.002;
47526;0.034;0.004;0.018;0.566;0.366;0.003;0.008;
47612;0.010;0.001;0.005;0.942;0.038;0.001;0.003;
47731;0.013;0.001;0.005;0.676;0.302;0.000;0.004;
47785;0.009;0.001;0.004;0.906;0.077;0.000;0.003;
47894;0.006;0.000;0.004;0.916;0.071;0.000;0.003;
47973;0.009;0.001;0.006;0.886;0.093;0.000;0.005;
48042;0.015;0.001;0.007;0.747;0.219;0.001;0.009;
48169;0.014;0.001;0.009;0.737;0.229;0.001;0.009;
48248;0.009;0.001;0.003;0.222;0.762;0.000;0.002;
48315;0.012;0.001;0.006;0.858;0.114;0.001;0.008;
48418;0.008;0.001;0.006;0.307;0.675;0.000;0.003;
48488;0.023;0.003;0.017;0.418;0.526;0.002;0.011;
48596;0.015;0.002;0.016;0.449;0.506;0.001;0.010;
48682;0.026;0.003;0.021;0.358;0.578;0.002;0.011;
48748;0.017;0.002;0.012;0.335;0.623;0.001;0.010;
48856;0.016;0.001;0.007;0.631;0.336;0.000;0.009;
48934;0.019;0.001;0.007;0.435;0.528;0.000;0.010;
49046;0.012;0.001;0.005;0.582;0.394;0.000;0.005;
49262;0.005;0.000;0.003;0.234;0.756;0.000;0.002;
49374;0.006;0.000;0.002;0.037;0.952;0.000;0.002;
49505;0.002;0.000;0.001;0.077;0.919;0.000;0.001;
49601;0.025;0.003;0.011;0.076;0.876;0.003;0.007;
49805;0.009;0.001;0.002;0.108;0.878;0.000;0.003;
49934;0.007;0.000;0.002;0.203;0.786;0.000;0.002;
50028;0.009;0.001;0.003;0.230;0.754;0.000;0.003;
50138;0.008;0.001;0.002;0.158;0.830;0.000;0.002;
50211;0.009;0.001;0.001;0.276;0.710;0.000;0.003;
50336;0.007;0.001;0.003;0.222;0.765;0.000;0.002;
50415;0.012;0.001;0.005;0.108;0.870;0.001;0.004;
50536;0.034;0.004;0.015;0.200;0.731;0.001;0.015;
50618;0.014;0.001;0.007;0.331;0.641;0.001;0.006;
50708;0.007;0.000;0.002;0.537;0.453;0.000;0.002;
50819;0.006;0.001;0.005;0.791;0.195;0.000;0.003;
50883;0.005;0.000;0.003;0.719;0.272;0.000;0.002;
51068;0.006;0.001;0.004;0.748;0.238;0.000;0.002;
51166;0.005;0.000;0.003;0.675;0.315;0.000;0.002;
51239;0.003;0.000;0.001;0.348;0.646;0.000;0.001;
51354;0.003;0.000;0.001;0.399;0.595;0.000;0.001;
51417;0.005;0.000;0.002;0.870;0.120;0.000;0.001;
51481;0.003;0.000;0.001;0.904;0.090;0.000;0.001;
51590;0.003;0.000;0.001;0.615;0.381;0.000;0.000;
51690;0.007;0.001;0.005;0.783;0.202;0.000;0.002;
51759;0.007;0.000;0.003;0.739;0.249;0.000;0.001;
51860;0.010;0.001;0.006;0.180;0.800;0.000;0.003;
51941;0.006;0.001;0.006;0.423;0.562;0.000;0.002;
52004;0.006;0.001;0.005;0.572;0.414;0.000;0.002;
52159;0.008;0.001;0.006;0.696;0.287;0.000;0.002;
52262;0.005;0.000;0.002;0.312;0.678;0.000;0.001;
52346;0.010;0.001;0.008;0.441;0.538;0.000;0.002;
52493;0.015;0.002;0.019;0.365;0.594;0.001;0.004;
52554;0.011;0.001;0.011;0.458;0.513;0.000;0.004;
52674;0.007;0.001;0.009;0.262;0.716;0.000;0.005;
52781;0.008;0.001;0.012;0.192;0.778;0.000;0.009;
52841;0.002;0.000;0.005;0.146;0.845;0.000;0.002;
52949;0.003;0.000;0.009;0.508;0.475;0.000;0.005;
53022;0.002;0.000;0.005;0.805;0.185;0.000;0.003;
53154;0.001;0.000;0.002;0.744;0.252;0.000;0.001;
53228;0.001;0.000;0.003;0.787;0.207;0.000;0.002;
53304;0.001;0.000;0.001;0.704;0.293;0.000;0.001;
53417;0.001;0.000;0.001;0.834;0.164;0.000;0.001;
53502;0.001;0.000;0.001;0.824;0.174;0.000;0.001;
53624;0.000;0.000;0.000;0.694;0.305;0.000;0.000;
53736;0.000;0.000;0.000;0.812;0.186;0.000;0.001;
53826;0.001;0.000;0.001;0.545;0.451;0.000;0.002;
53908;0.005;0.001;0.003;0.051;0.936;0.000;0.005;
54007;0.003;0.000;0.002;0.208;0.778;0.000;0.008;
54074;0.002;0.000;0.001;0.586;0.407;0.000;0.004;
54190;0.001;0.000;0.000;0.279;0.718;0.000;0.002;
54295;0.001;0.000;0.000;0.410;0.588;0.000;0.001;
54360;0.001;0.000;0.000;0.847;0.151;0.000;0.001;
54442;0.001;0.000;0.000;0.748;0.250;0.000;0.001;
54528;0.001;0.000;0.001;0.923;0.075;0.000;0.001;
54652;0.001;0.000;0.001;0.937;0.060;0.000;0.001;
54719;0.000;0.000;0.000;0.983;0.017;0.000;0.000;
54835;0.000;0.000;0.000;0.971;0.028;0.000;0.000;
54898;0.001;0.000;0.001;0.805;0.194;0.000;0.000;
55001;0.001;0.000;0.000;0.958;0.041;0.000;0.000;
55085;0.000;0.000;0.000;0.964;0.035;0.000;0.000;
55148;0.001;0.000;0.000;0.933;0.065;0.000;0.000;
55259;0.001;0.000;0.000;0.777;0.222;0.000;0.000;
55322;0.001;0.000;0.000;0.438;0.560;0.000;0.000;
55447;0.001;0.000;0.000;0.824;0.174;0.000;0.001;
55521;0.001;0.000;0.000;0.726;0.271;0.000;0.001;
55584;0.001;0.000;0.001;0.821;0.176;0.000;0.001;
55689;0.001;0.000;0.001;0.727;0.270;0.000;0.001;
55752;0.001;0.000;0.001;0.884;0.113;0.000;0.001;
55858;0.001;0.000;0.001;0.746;0.251;0.000;0.001;
55939;0.001;0.000;0.001;0.826;0.170;0.000;0.001;
56014;0.001;0.000;0.001;0.714;0.283;0.000;0.001;
56132;0.001;0.000;0.000;0.643;0.355;0.000;0.001;
56186;0.001;0.000;0.001;0.880;0.116;0.000;0.002;
56309;0.000;0.000;0.000;0.890;0.109;0.000;0.001;
56360;0.001;0.000;0.000;0.846;0.152;0.000;0.001;
56461;0.001;0.000;0.000;0.812;0.186;0.000;0.001;
56523;0.001;0.000;0.000;0.873;0.125;0.000;0.001;
56633;0.001;0.000;0.000;0.768;0.230;0.000;0.001;
56702;0.000;0.000;0.000;0.857;0.142;0.000;0.000;
56804;0.001;0.000;0.000;0.756;0.242;0.000;0.001;
56879;0.001;0.000;0.000;0.684;0.314;0.000;0.001;
56992;0.001;0.000;0.000;0.743;0.255;0.000;0.001;
57048;0.001;0.000;0.001;0.894;0.101;0.000;0.003;
57166;0.000;0.000;0.000;0.943;0.055;0.000;0.001;
57249;0.000;0.000;0.000;0.800;0.198;0.000;0.001;
57315;0.000;0.000;0.000;0.794;0.204;0.000;0.001;
57542;0.000;0.000;0.000;0.874;0.125;0.000;0.001;
57653;0.001;0.000;0.000;0.584;0.414;0.000;0.001;
57844;0.001;0.000;0.000;0.405;0.593;0.000;0.001;
57923;0.001;0.000;0.000;0.052;0.946;0.000;0.001;
58062;0.001;0.000;0.000;0.105;0.893;0.000;0.001;
58168;0.000;0.000;0.000;0.054;0.945;0.000;0.001;
58246;0.000;0.000;0.000;0.048;0.951;0.000;0.000;
58391;0.001;0.000;0.000;0.233;0.763;0.000;0.002;
58461;0.000;0.000;0.000;0.088;0.911;0.000;0.001;
58565;0.000;0.000;0.000;0.164;0.835;0.000;0.001;
58649;0.001;0.000;0.000;0.144;0.853;0.000;0.002;
58713;0.001;0.000;0.000;0.148;0.850;0.000;0.002;
58826;0.001;0.000;0.000;0.300;0.697;0.000;0.003;
58893;0.002;0.000;0.001;0.237;0.754;0.000;0.006;
59000;0.001;0.000;0.000;0.230;0.764;0.000;0.004;
59082;0.001;0.000;0.000;0.186;0.805;0.000;0.007;
59147;0.000;0.000;0.000;0.046;0.952;0.000;0.002;
59268;0.001;0.000;0.001;0.105;0.890;0.000;0.003;
59368;0.002;0.001;0.002;0.192;0.795;0.000;0.008;
59423;0.000;0.000;0.000;0.140;0.858;0.000;0.002;
59540;0.001;0.000;0.000;0.140;0.856;0.000;0.002;
59602;0.001;0.000;0.000;0.324;0.673;0.000;0.001;
59699;0.000;0.000;0.000;0.172;0.826;0.000;0.001;
59779;0.000;0.000;0.000;0.333;0.666;0.000;0.001;
59862;0.001;0.000;0.000;0.446;0.551;0.000;0.001;
60001;0.000;0.000;0.000;0.085;0.914;0.000;0.001;
60071;0.000;0.000;0.000;0.088;0.911;0.000;0.001;
60155;0.000;0.000;0.000;0.070;0.929;0.000;0.001;
60254;0.000;0.000;0.000;0.026;0.974;0.000;0.000;
60337;0.000;0.000;0.000;0.038;0.962;0.000;0.000;
60401;0.000;0.000;0.000;0.045;0.954;0.000;0.000;
60515;0.000;0.000;0.000;0.226;0.772;0.000;0.001;
60615;0.000;0.000;0.000;0.152;0.848;0.000;0.000;
60672;0.001;0.000;0.000;0.371;0.625;0.000;0.003;
60790;0.001;0.000;0.000;0.368;0.629;0.000;0.002;
60861;0.001;0.000;0.000;0.627;0.370;0.000;0.002;
60932;0.001;0.000;0.000;0.488;0.509;0.000;0.002;
61057;0.001;0.000;0.000;0.367;0.631;0.000;0.001;
61130;0.001;0.000;0.000;0.741;0.256;0.000;0.002;
61191;0.001;0.000;0.000;0.532;0.465;0.000;0.002;
61310;0.006;0.002;0.000;0.127;0.851;0.000;0.014;
61398;0.001;0.000;0.000;0.279;0.716;0.000;0.003;
61524;0.001;0.000;0.000;0.969;0.027;0.000;0.003;
61681;0.002;0.000;0.001;0.896;0.016;0.000;0.084;
61785;0.009;0.011;0.023;0.779;0.088;0.012;0.077;
61856;0.019;0.024;0.163;0.597;0.103;0.025;0.070;
62069;0.005;0.007;0.024;0.852;0.060;0.006;0.046;
62196;0.016;0.010;0.040;0.604;0.206;0.007;0.116;
62346;0.005;0.009;0.055;0.854;0.042;0.009;0.027;
62427;0.049;0.027;0.128;0.316;0.222;0.025;0.233;
62593;0.041;0.023;0.167;0.342;0.141;0.023;0.262;
62688;0.008;0.012;0.095;0.770;0.054;0.010;0.051;
62807;0.009;0.012;0.076;0.749;0.071;0.009;0.073;
62900;0.007;0.008;0.080;0.765;0.064;0.006;0.070;
62964;0.031;0.022;0.256;0.360;0.147;0.019;0.165;
63111;0.042;0.023;0.395;0.161;0.148;0.022;0.210;
63174;0.467;0.019;0.186;0.003;0.002;0.160;0.163;
63282;0.391;0.006;0.585;0.004;0.000;0.004;0.010;
63390;0.618;0.029;0.322;0.020;0.000;0.002;0.008;
63460;0.809;0.024;0.142;0.006;0.002;0.003;0.015;
63562;0.734;0.011;0.229;0.007;0.001;0.002;0.017;
63647;0.809;0.022;0.089;0.010;0.003;0.002;0.065;
63725;0.348;0.113;0.103;0.018;0.089;0.107;0.223;
63823;0.244;0.068;0.187;0.016;0.068;0.137;0.280;
63920;0.354;0.036;0.199;0.021;0.092;0.030;0.268;
63988;0.244;0.035;0.232;0.019;0.049;0.048;0.374;
64089;0.437;0.026;0.163;0.022;0.060;0.014;0.278;
64188;0.350;0.034;0.193;0.029;0.072;0.037;0.286;
64259;0.441;0.045;0.057;0.039;0.074;0.013;0.331;
64371;0.574;0.029;0.035;0.059;0.073;0.006;0.224;
64451;0.183;0.025;0.008;0.565;0.167;0.003;0.050;
64518;0.063;0.011;0.005;0.800;0.092;0.002;0.027;
64644;0.017;0.006;0.002;0.945;0.026;0.000;0.004;
64720;0.006;0.003;0.001;0.970;0.018;0.000;0.002;
64779;0.011;0.002;0.001;0.909;0.075;0.000;0.002;
64886;0.013;0.002;0.001;0.924;0.055;0.000;0.004;
64959;0.007;0.002;0.001;0.944;0.045;0.000;0.002;
65098;0.004;0.001;0.001;0.961;0.032;0.000;0.002;
65167;0.005;0.000;0.001;0.909;0.082;0.000;0.003;
65258;0.010;0.001;0.001;0.563;0.419;0.000;0.006;
65325;0.009;0.001;0.001;0.437;0.546;0.000;0.006;
65452;0.009;0.001;0.001;0.384;0.592;0.000;0.013;
65534;0.002;0.000;0.000;0.568;0.427;0.000;0.002;
65645;0.004;0.000;0.001;0.544;0.446;0.000;0.005;
65706;0.005;0.000;0.001;0.496;0.491;0.000;0.007;
65814;0.004;0.000;0.001;0.363;0.629;0.000;0.004;
65882;0.005;0.000;0.001;0.562;0.425;0.000;0.007;
66000;0.006;0.000;0.001;0.463;0.524;0.000;0.006;
66067;0.004;0.000;0.001;0.522;0.468;0.000;0.005;
66197;0.002;0.000;0.001;0.699;0.295;0.000;0.004;
66266;0.002;0.000;0.000;0.372;0.624;0.000;0.002;
66347;0.005;0.000;0.001;0.406;0.583;0.000;0.006;
66463;0.004;0.000;0.000;0.432;0.560;0.000;0.004;
66540;0.003;0.000;0.001;0.469;0.524;0.000;0.004;
66618;0.003;0.000;0.001;0.171;0.822;0.000;0.003;
66719;0.009;0.000;0.002;0.647;0.333;0.000;0.009;
66792;0.009;0.000;0.002;0.395;0.587;0.000;0.006;
66913;0.011;0.001;0.002;0.287;0.691;0.000;0.008;
66976;0.009;0.001;0.002;0.453;0.528;0.000;0.007;
67085;0.012;0.001;0.004;0.379;0.593;0.000;0.011;
67170;0.012;0.001;0.003;0.571;0.408;0.000;0.006;
67281;0.010;0.000;0.003;0.726;0.255;0.000;0.005;
67340;0.011;0.001;0.002;0.588;0.394;0.000;0.004;
67438;0.013;0.001;0.002;0.548;0.433;0.000;0.004;
67508;0.007;0.000;0.001;0.690;0.301;0.000;0.002;
67615;0.007;0.000;0.001;0.789;0.202;0.000;0.001;
67685;0.005;0.000;0.001;0.955;0.039;0.000;0.001;
67800;0.005;0.000;0.001;0.927;0.066;0.000;0.001;
67869;0.002;0.000;0.001;0.978;0.019;0.000;0.000;
67988;0.001;0.000;0.001;0.989;0.009;0.000;0.000;
68050;0.001;0.000;0.000;0.992;0.006;0.000;0.000;
68149;0.001;0.000;0.001;0.991;0.007;0.000;0.000;
68230;0.002;0.000;0.001;0.982;0.014;0.000;0.001;
68326;0.001;0.000;0.000;0.997;0.002;0.000;0.000;
68415;0.001;0.000;0.000;0.995;0.004;0.000;0.000;
68484;0.000;0.000;0.000;0.998;0.002;0.000;0.000;
68584;0.000;0.000;0.000;0.999;0.001;0.000;0.000;
68669;0.000;0.000;0.000;0.995;0.004;0.000;0.000;
68764;0.000;0.000;0.000;1.000;0.000;0.000;0.000;
68829;0.001;0.000;0.000;0.995;0.004;0.000;0.000;
68935;0.000;0.000;0.000;0.999;0.001;0.000;0.000;
69002;0.003;0.000;0.014;0.979;0.002;0.000;0.003;
69112;0.006;0.001;0.025;0.957;0.006;0.003;0.003;
69183;0.004;0.000;0.014;0.970;0.009;0.002;0.002;
69290;0.009;0.001;0.033;0.939;0.011;0.003;0.004;
69465;0.039;0.005;0.139;0.724;0.056;0.027;0.010;
69552;0.028;0.004;0.071;0.805;0.072;0.017;0.004;
69697;0.025;0.005;0.066;0.809;0.041;0.052;0.002;
69779;0.066;0.014;0.446;0.202;0.025;0.237;0.010;
69910;0.071;0.025;0.172;0.318;0.048;0.359;0.007;
69997;0.080;0.028;0.257;0.168;0.047;0.412;0.008;
70136;0.108;0.022;0.348;0.263;0.068;0.176;0.016;
70229;0.103;0.020;0.365;0.316;0.048;0.129;0.019;
70330;0.067;0.013;0.215;0.523;0.056;0.119;0.007;
70469;0.075;0.016;0.332;0.342;0.060;0.165;0.010;
70554;0.092;0.019;0.289;0.441;0.028;0.118;0.014;
70688;0.083;0.016;0.213;0.484;0.084;0.110;0.011;
70762;0.044;0.009;0.053;0.683;0.172;0.034;0.005;
70866;0.067;0.013;0.160;0.388;0.286;0.078;0.006;
70928;0.064;0.015;0.072;0.428;0.309;0.106;0.006;
71031;0.052;0.010;0.131;0.609;0.092;0.101;0.005;
71097;0.087;0.019;0.203;0.348;0.239;0.096;0.008;
71205;0.052;0.009;0.142;0.603;0.139;0.048;0.006;
71270;0.082;0.021;0.220;0.391;0.143;0.133;0.009;
71378;0.067;0.013;0.207;0.521;0.103;0.080;0.009;
71444;0.077;0.024;0.331;0.062;0.092;0.406;0.008;
71554;0.055;0.043;0.255;0.022;0.142;0.476;0.008;
71647;0.131;0.023;0.240;0.122;0.131;0.327;0.025;
71741;0.062;0.006;0.067;0.693;0.133;0.018;0.020;
71861;0.002;0.000;0.004;0.988;0.005;0.000;0.001;
71921;0.002;0.000;0.002;0.979;0.016;0.000;0.001;
72032;0.001;0.000;0.001;0.988;0.009;0.000;0.000;
72090;0.017;0.001;0.005;0.707;0.268;0.001;0.002;
72202;0.011;0.001;0.008;0.906;0.070;0.001;0.004;
72284;0.012;0.001;0.005;0.880;0.099;0.000;0.003;
72358;0.025;0.002;0.011;0.811;0.141;0.001;0.010;
72455;0.011;0.000;0.004;0.934;0.045;0.000;0.005;
72550;0.022;0.002;0.015;0.883;0.056;0.001;0.020;
72663;0.011;0.001;0.003;0.966;0.016;0.000;0.004;
72718;0.017;0.001;0.005;0.865;0.106;0.001;0.005;
72829;0.015;0.001;0.004;0.883;0.093;0.000;0.004;
72903;0.020;0.001;0.007;0.885;0.079;0.001;0.007;
73001;0.023;0.001;0.004;0.856;0.111;0.001;0.004;
73068;0.022;0.001;0.004;0.693;0.276;0.001;0.002;
73177;0.011;0.001;0.002;0.842;0.143;0.000;0.001;
73258;0.017;0.001;0.004;0.939;0.036;0.000;0.004;
73354;0.008;0.000;0.001;0.928;0.062;0.000;0.001;
73432;0.007;0.000;0.002;0.947;0.043;0.000;0.001;
