27;0.045;0.002;0.779;0.012;0.002;0.021;0.140;
47;0.036;0.002;0.752;0.008;0.001;0.017;0.184;
93;0.031;0.002;0.752;0.008;0.001;0.020;0.186;
98;0.026;0.001;0.795;0.006;0.001;0.005;0.166;
125;0.024;0.001;0.704;0.008;0.001;0.017;0.245;
170;0.023;0.001;0.692;0.005;0.001;0.015;0.263;
208;0.029;0.001;0.685;0.006;0.001;0.018;0.260;
240;0.021;0.001;0.751;0.006;0.001;0.029;0.191;
285;0.029;0.002;0.664;0.013;0.002;0.076;0.214;
332;0.032;0.002;0.655;0.015;0.002;0.064;0.231;
365;0.034;0.002;0.697;0.012;0.002;0.073;0.180;
412;0.022;0.002;0.682;0.014;0.002;0.068;0.211;
450;0.028;0.002;0.773;0.012;0.002;0.060;0.123;
482;0.034;0.003;0.669;0.021;0.002;0.044;0.227;
529;0.030;0.002;0.758;0.014;0.001;0.033;0.163;
568;0.028;0.002;0.649;0.013;0.002;0.049;0.257;
601;0.029;0.002;0.668;0.017;0.002;0.051;0.232;
645;0.067;0.004;0.687;0.022;0.004;0.030;0.185;
684;0.038;0.003;0.582;0.027;0.003;0.034;0.315;
725;0.037;0.002;0.699;0.014;0.002;0.043;0.203;
771;0.030;0.002;0.686;0.011;0.002;0.034;0.235;
809;0.023;0.002;0.741;0.011;0.001;0.046;0.176;
843;0.035;0.002;0.720;0.012;0.002;0.076;0.151;
891;0.029;0.003;0.642;0.011;0.003;0.107;0.205;
931;0.023;0.002;0.683;0.016;0.002;0.066;0.206;
965;0.024;0.003;0.637;0.021;0.004;0.085;0.226;
1012;0.032;0.003;0.659;0.019;0.003;0.069;0.216;
1050;0.029;0.003;0.744;0.015;0.002;0.068;0.141;
1082;0.047;0.003;0.694;0.020;0.003;0.025;0.207;
1138;0.037;0.002;0.782;0.012;0.002;0.041;0.123;
1176;0.040;0.003;0.799;0.018;0.002;0.024;0.115;
1208;0.034;0.002;0.837;0.009;0.001;0.019;0.097;
1253;0.072;0.005;0.784;0.025;0.004;0.026;0.086;
1293;0.031;0.002;0.782;0.011;0.001;0.037;0.136;
1329;0.031;0.002;0.701;0.020;0.002;0.052;0.191;
1378;0.030;0.002;0.794;0.012;0.001;0.037;0.123;
1415;0.038;0.003;0.766;0.015;0.002;0.044;0.133;
1447;0.027;0.002;0.830;0.008;0.001;0.045;0.087;
1492;0.046;0.003;0.843;0.012;0.002;0.018;0.076;
1540;0.038;0.002;0.801;0.013;0.002;0.022;0.123;
1572;0.037;0.002;0.839;0.012;0.002;0.024;0.084;
1707;0.040;0.003;0.839;0.022;0.002;0.023;0.070;
1752;0.030;0.002;0.736;0.020;0.001;0.014;0.197;
1784;0.033;0.002;0.771;0.012;0.002;0.023;0.158;
1831;0.042;0.002;0.788;0.015;0.002;0.009;0.141;
1872;0.057;0.004;0.695;0.031;0.004;0.017;0.191;
1906;0.043;0.003;0.729;0.011;0.003;0.070;0.141;
1948;0.140;0.007;0.611;0.018;0.007;0.075;0.142;
1990;0.115;0.007;0.578;0.018;0.006;0.131;0.145;
2032;0.067;0.004;0.695;0.013;0.002;0.079;0.140;
2077;0.042;0.003;0.815;0.011;0.002;0.051;0.076;
2115;0.052;0.004;0.728;0.016;0.003;0.082;0.116;
2148;0.046;0.003;0.849;0.015;0.002;0.033;0.052;
2195;0.038;0.003;0.736;0.011;0.002;0.096;0.113;
2238;0.064;0.006;0.692;0.027;0.005;0.060;0.147;
2274;0.054;0.004;0.689;0.019;0.003;0.045;0.187;
2322;0.043;0.003;0.663;0.030;0.003;0.045;0.213;
2359;0.045;0.003;0.774;0.019;0.002;0.021;0.135;
2391;0.055;0.004;0.776;0.019;0.003;0.043;0.099;
2445;0.066;0.003;0.746;0.018;0.003;0.032;0.132;
2483;0.067;0.005;0.744;0.028;0.004;0.014;0.138;
2517;0.092;0.004;0.715;0.022;0.003;0.009;0.154;
2563;0.056;0.003;0.760;0.019;0.003;0.006;0.154;
2601;0.036;0.002;0.800;0.009;0.001;0.008;0.144;
2636;0.045;0.002;0.796;0.019;0.002;0.006;0.130;
2689;0.027;0.001;0.679;0.009;0.001;0.014;0.269;
2727;0.034;0.001;0.596;0.009;0.001;0.006;0.352;
2759;0.028;0.001;0.738;0.008;0.001;0.008;0.216;
2805;0.042;0.001;0.722;0.009;0.001;0.004;0.221;
2855;0.049;0.002;0.734;0.014;0.002;0.006;0.192;
2887;0.051;0.003;0.731;0.016;0.003;0.012;0.185;
2932;0.104;0.007;0.632;0.049;0.008;0.028;0.173;
2970;0.055;0.003;0.711;0.021;0.004;0.027;0.179;
3004;0.046;0.003;0.701;0.017;0.003;0.067;0.162;
3052;0.042;0.003;0.677;0.020;0.003;0.040;0.216;
3090;0.046;0.003;0.686;0.024;0.004;0.026;0.211;
3123;0.066;0.005;0.716;0.036;0.005;0.027;0.146;
3168;0.089;0.004;0.758;0.028;0.004;0.024;0.093;
3206;0.040;0.002;0.710;0.012;0.002;0.041;0.193;
3249;0.052;0.003;0.800;0.014;0.002;0.015;0.114;
3296;0.042;0.002;0.703;0.010;0.002;0.020;0.222;
3333;0.090;0.003;0.743;0.019;0.004;0.020;0.121;
3367;0.067;0.002;0.761;0.007;0.002;0.041;0.120;
3417;0.085;0.003;0.745;0.009;0.003;0.032;0.124;
3456;0.068;0.002;0.778;0.011;0.002;0.019;0.120;
3490;0.039;0.001;0.690;0.009;0.001;0.026;0.234;
3535;0.055;0.002;0.716;0.009;0.002;0.014;0.202;
3574;0.066;0.002;0.768;0.014;0.002;0.016;0.132;
3607;0.067;0.002;0.765;0.014;0.003;0.021;0.129;
3663;0.058;0.002;0.822;0.023;0.003;0.007;0.085;
3701;0.061;0.002;0.885;0.016;0.003;0.003;0.029;
3733;0.071;0.003;0.858;0.022;0.004;0.004;0.039;
3780;0.147;0.008;0.740;0.051;0.010;0.010;0.033;
3820;0.157;0.005;0.756;0.049;0.007;0.006;0.019;
3854;0.096;0.004;0.842;0.026;0.005;0.005;0.023;
3906;0.055;0.002;0.909;0.012;0.001;0.002;0.018;
3944;0.145;0.006;0.775;0.045;0.007;0.007;0.014;
3989;0.133;0.003;0.768;0.040;0.003;0.003;0.050;
4032;0.107;0.004;0.829;0.029;0.005;0.004;0.022;
4078;0.134;0.007;0.777;0.043;0.009;0.008;0.023;
4112;0.094;0.004;0.803;0.036;0.006;0.005;0.052;
4160;0.091;0.003;0.848;0.025;0.004;0.003;0.025;
4196;0.172;0.003;0.671;0.053;0.005;0.005;0.091;
4229;0.080;0.003;0.772;0.029;0.003;0.004;0.108;
4278;0.095;0.003;0.810;0.034;0.004;0.004;0.051;
4318;0.075;0.002;0.788;0.027;0.004;0.004;0.100;
4349;0.071;0.003;0.799;0.033;0.004;0.006;0.083;
4398;0.054;0.003;0.808;0.033;0.003;0.006;0.093;
4438;0.079;0.003;0.792;0.028;0.003;0.008;0.087;
4479;0.037;0.001;0.686;0.008;0.002;0.013;0.253;
4529;0.070;0.002;0.733;0.013;0.003;0.014;0.166;
4568;0.101;0.004;0.733;0.023;0.004;0.012;0.124;
4601;0.077;0.003;0.759;0.018;0.003;0.018;0.122;
4657;0.038;0.001;0.703;0.008;0.001;0.013;0.236;
4696;0.071;0.004;0.736;0.023;0.004;0.026;0.136;
4729;0.115;0.005;0.699;0.027;0.004;0.023;0.127;
4779;0.053;0.002;0.681;0.012;0.002;0.021;0.229;
4821;0.069;0.002;0.691;0.013;0.003;0.031;0.191;
4854;0.043;0.002;0.803;0.009;0.001;0.010;0.131;
4907;0.026;0.001;0.859;0.006;0.001;0.016;0.091;
4948;0.029;0.002;0.553;0.023;0.002;0.009;0.382;
4982;0.042;0.002;0.750;0.011;0.002;0.008;0.185;
5031;0.047;0.003;0.615;0.016;0.003;0.027;0.289;
5073;0.046;0.003;0.581;0.017;0.003;0.035;0.315;
5108;0.033;0.001;0.611;0.008;0.001;0.024;0.320;
5158;0.019;0.002;0.616;0.011;0.002;0.037;0.313;
5195;0.030;0.001;0.637;0.008;0.002;0.010;0.313;
5228;0.013;0.001;0.495;0.004;0.001;0.023;0.464;
5273;0.018;0.002;0.554;0.011;0.002;0.055;0.357;
5323;0.012;0.001;0.523;0.006;0.002;0.034;0.422;
5356;0.020;0.001;0.654;0.005;0.001;0.021;0.297;
5402;0.020;0.002;0.646;0.008;0.002;0.032;0.290;
5443;0.024;0.001;0.646;0.008;0.001;0.031;0.288;
5477;0.017;0.001;0.660;0.006;0.001;0.029;0.286;
5524;0.018;0.003;0.508;0.013;0.003;0.065;0.392;
5561;0.028;0.002;0.643;0.015;0.002;0.056;0.254;
5594;0.031;0.002;0.597;0.024;0.002;0.029;0.313;
5640;0.035;0.002;0.692;0.011;0.002;0.006;0.253;
5681;0.042;0.002;0.753;0.023;0.002;0.009;0.168;
5723;0.042;0.003;0.731;0.059;0.003;0.009;0.152;
5769;0.026;0.001;0.691;0.015;0.001;0.009;0.256;
5810;0.034;0.002;0.662;0.030;0.002;0.012;0.258;
5846;0.020;0.002;0.579;0.023;0.002;0.026;0.349;
5901;0.030;0.003;0.544;0.036;0.004;0.039;0.346;
5943;0.031;0.002;0.722;0.032;0.002;0.028;0.182;
5977;0.032;0.003;0.679;0.022;0.003;0.057;0.204;
6032;0.021;0.002;0.810;0.009;0.001;0.032;0.125;
6073;0.067;0.005;0.790;0.035;0.004;0.024;0.075;
6106;0.053;0.004;0.730;0.030;0.004;0.028;0.150;
6168;0.029;0.002;0.770;0.014;0.002;0.024;0.159;
6207;0.039;0.002;0.823;0.014;0.002;0.027;0.093;
6241;0.042;0.003;0.867;0.016;0.002;0.016;0.055;
6294;0.051;0.003;0.780;0.028;0.003;0.018;0.117;
6336;0.033;0.002;0.718;0.014;0.002;0.031;0.201;
6368;0.041;0.002;0.818;0.018;0.002;0.011;0.107;
6417;0.023;0.001;0.753;0.011;0.001;0.018;0.192;
6459;0.038;0.002;0.748;0.018;0.002;0.018;0.173;
6493;0.040;0.002;0.824;0.014;0.002;0.015;0.104;
6544;0.037;0.002;0.769;0.013;0.002;0.008;0.169;
6594;0.056;0.004;0.775;0.033;0.003;0.012;0.116;
6628;0.063;0.004;0.721;0.038;0.004;0.009;0.161;
6681;0.034;0.002;0.838;0.008;0.001;0.008;0.109;
6721;0.039;0.002;0.809;0.013;0.002;0.008;0.128;
6755;0.048;0.004;0.847;0.024;0.002;0.018;0.056;
6810;0.048;0.004;0.841;0.028;0.003;0.011;0.065;
6849;0.047;0.003;0.783;0.025;0.003;0.010;0.129;
6883;0.044;0.003;0.818;0.019;0.002;0.011;0.103;
6929;0.068;0.004;0.799;0.021;0.003;0.010;0.095;
6969;0.070;0.005;0.711;0.042;0.005;0.013;0.155;
7010;0.056;0.004;0.760;0.030;0.003;0.013;0.134;
7056;0.046;0.003;0.663;0.019;0.003;0.018;0.248;
7096;0.063;0.004;0.796;0.021;0.003;0.013;0.100;
7129;0.078;0.006;0.684;0.035;0.005;0.015;0.177;
7176;0.064;0.005;0.667;0.037;0.005;0.022;0.201;
7213;0.061;0.004;0.775;0.027;0.004;0.020;0.108;
7247;0.071;0.005;0.729;0.047;0.005;0.012;0.131;
7294;0.042;0.002;0.723;0.013;0.002;0.017;0.201;
7333;0.032;0.002;0.746;0.013;0.002;0.020;0.185;
7365;0.047;0.003;0.731;0.026;0.003;0.013;0.177;
7419;0.046;0.002;0.740;0.014;0.002;0.014;0.181;
7460;0.060;0.004;0.739;0.033;0.004;0.011;0.150;
7494;0.043;0.003;0.675;0.029;0.003;0.010;0.237;
7542;0.054;0.004;0.637;0.056;0.005;0.010;0.235;
7592;0.039;0.002;0.693;0.053;0.003;0.010;0.199;
7626;0.057;0.004;0.725;0.038;0.004;0.010;0.162;
7675;0.080;0.005;0.769;0.046;0.005;0.015;0.080;
7714;0.038;0.002;0.711;0.025;0.002;0.017;0.205;
7747;0.052;0.004;0.732;0.028;0.004;0.030;0.152;
7796;0.049;0.003;0.765;0.023;0.003;0.024;0.132;
7842;0.052;0.003;0.747;0.033;0.004;0.020;0.141;
7875;0.076;0.006;0.712;0.046;0.005;0.021;0.134;
7922;0.060;0.004;0.685;0.027;0.004;0.029;0.192;
7960;0.068;0.006;0.618;0.052;0.006;0.031;0.219;
7995;0.081;0.005;0.713;0.029;0.005;0.021;0.145;
8043;0.090;0.004;0.705;0.020;0.004;0.029;0.147;
8082;0.064;0.004;0.656;0.020;0.004;0.034;0.217;
8115;0.061;0.004;0.692;0.027;0.005;0.036;0.175;
8161;0.097;0.007;0.665;0.075;0.008;0.022;0.126;
8202;0.047;0.002;0.664;0.010;0.002;0.007;0.269;
8243;0.094;0.004;0.681;0.032;0.005;0.010;0.174;
8290;0.052;0.003;0.636;0.029;0.004;0.014;0.262;
8331;0.064;0.003;0.756;0.026;0.003;0.010;0.136;
8362;0.059;0.004;0.762;0.040;0.004;0.011;0.120;
8408;0.071;0.004;0.727;0.031;0.004;0.012;0.150;
8446;0.061;0.003;0.794;0.016;0.002;0.008;0.116;
8480;0.105;0.006;0.632;0.044;0.007;0.017;0.188;
8527;0.143;0.005;0.696;0.040;0.004;0.015;0.097;
8563;0.097;0.006;0.663;0.038;0.006;0.024;0.166;
8595;0.062;0.003;0.641;0.018;0.003;0.021;0.251;
8650;0.124;0.007;0.661;0.038;0.006;0.026;0.139;
8688;0.073;0.004;0.752;0.021;0.004;0.013;0.132;
8722;0.094;0.005;0.756;0.035;0.004;0.016;0.089;
8768;0.055;0.004;0.690;0.030;0.004;0.017;0.201;
8804;0.061;0.003;0.780;0.038;0.003;0.007;0.108;
8837;0.090;0.005;0.720;0.036;0.005;0.017;0.127;
8884;0.053;0.003;0.728;0.025;0.003;0.009;0.178;
8923;0.117;0.004;0.728;0.049;0.005;0.009;0.087;
8959;0.077;0.004;0.713;0.026;0.004;0.014;0.162;
9004;0.079;0.005;0.676;0.038;0.006;0.024;0.172;
9047;0.045;0.003;0.684;0.053;0.004;0.018;0.193;
9077;0.032;0.002;0.786;0.009;0.001;0.037;0.133;
9124;0.023;0.002;0.679;0.013;0.002;0.072;0.209;
9161;0.027;0.002;0.676;0.011;0.002;0.039;0.243;
9194;0.053;0.004;0.711;0.013;0.004;0.093;0.123;
9240;0.034;0.002;0.697;0.013;0.002;0.050;0.201;
9277;0.033;0.002;0.739;0.012;0.002;0.042;0.170;
9311;0.043;0.003;0.733;0.012;0.003;0.073;0.134;
9358;0.024;0.002;0.696;0.012;0.002;0.080;0.183;
9396;0.031;0.003;0.670;0.020;0.003;0.113;0.160;
9437;0.037;0.003;0.625;0.018;0.003;0.094;0.220;
9481;0.033;0.003;0.597;0.015;0.003;0.092;0.258;
9519;0.034;0.004;0.619;0.031;0.004;0.138;0.170;
9552;0.046;0.003;0.704;0.020;0.003;0.058;0.164;
9601;0.047;0.003;0.726;0.018;0.003;0.047;0.155;
9639;0.077;0.006;0.647;0.043;0.006;0.043;0.178;
9673;0.058;0.004;0.701;0.021;0.003;0.036;0.177;
9720;0.063;0.006;0.532;0.067;0.008;0.071;0.253;
9759;0.043;0.003;0.622;0.018;0.003;0.038;0.273;
9795;0.040;0.002;0.684;0.012;0.002;0.037;0.224;
9850;0.094;0.006;0.649;0.034;0.006;0.021;0.191;
9889;0.086;0.004;0.738;0.022;0.003;0.016;0.131;
9925;0.042;0.002;0.616;0.014;0.002;0.044;0.280;
9973;0.065;0.003;0.588;0.010;0.003;0.155;0.176;
10010;0.079;0.004;0.562;0.013;0.004;0.120;0.218;
10043;0.075;0.005;0.691;0.022;0.004;0.049;0.153;
10090;0.049;0.003;0.579;0.015;0.003;0.102;0.248;
10130;0.049;0.003;0.709;0.019;0.003;0.041;0.176;
10162;0.043;0.002;0.741;0.015;0.002;0.024;0.172;
10208;0.050;0.003;0.646;0.018;0.003;0.052;0.228;
10256;0.028;0.002;0.643;0.010;0.002;0.046;0.270;
10291;0.030;0.001;0.708;0.010;0.002;0.018;0.232;
10340;0.029;0.002;0.684;0.009;0.002;0.032;0.242;
10377;0.032;0.002;0.635;0.014;0.002;0.048;0.268;
10409;0.056;0.004;0.708;0.024;0.004;0.050;0.154;
10454;0.042;0.002;0.644;0.012;0.002;0.046;0.251;
10493;0.047;0.002;0.711;0.012;0.002;0.026;0.199;
10529;0.047;0.002;0.656;0.011;0.002;0.050;0.232;
10575;0.069;0.005;0.718;0.018;0.004;0.073;0.113;
10612;0.034;0.003;0.536;0.021;0.003;0.111;0.291;
10655;0.055;0.004;0.637;0.019;0.003;0.060;0.221;
10702;0.099;0.007;0.643;0.043;0.007;0.036;0.165;
10740;0.082;0.006;0.627;0.039;0.006;0.029;0.210;
10878;0.119;0.005;0.709;0.031;0.004;0.020;0.112;
10935;0.053;0.003;0.621;0.019;0.004;0.056;0.244;
10972;0.063;0.004;0.571;0.023;0.005;0.077;0.257;
11004;0.049;0.003;0.600;0.015;0.003;0.091;0.240;
11048;0.074;0.005;0.599;0.025;0.005;0.048;0.242;
11088;0.052;0.004;0.640;0.034;0.004;0.045;0.220;
11121;0.063;0.004;0.737;0.017;0.004;0.048;0.127;
11176;0.062;0.004;0.641;0.021;0.004;0.042;0.226;
11213;0.048;0.003;0.586;0.019;0.003;0.079;0.262;
11246;0.060;0.003;0.677;0.013;0.003;0.065;0.180;
11292;0.054;0.003;0.702;0.018;0.003;0.049;0.170;
11332;0.044;0.003;0.725;0.012;0.002;0.073;0.142;
11364;0.051;0.003;0.700;0.017;0.003;0.023;0.202;
11411;0.027;0.002;0.697;0.011;0.002;0.047;0.214;
11449;0.031;0.002;0.697;0.011;0.002;0.054;0.205;
11483;0.036;0.002;0.823;0.009;0.001;0.034;0.095;
11529;0.045;0.003;0.763;0.013;0.002;0.045;0.130;
11576;0.055;0.004;0.630;0.022;0.004;0.081;0.204;
11609;0.038;0.002;0.623;0.012;0.002;0.100;0.221;
11655;0.034;0.002;0.608;0.013;0.002;0.079;0.262;
11695;0.050;0.003;0.693;0.014;0.003;0.066;0.171;
11729;0.041;0.002;0.683;0.012;0.002;0.071;0.188;
11776;0.040;0.002;0.732;0.013;0.002;0.042;0.170;
11814;0.033;0.002;0.729;0.009;0.001;0.057;0.168;
11846;0.047;0.003;0.755;0.015;0.003;0.055;0.122;
11892;0.055;0.003;0.769;0.016;0.003;0.044;0.109;
11930;0.046;0.003;0.716;0.014;0.003;0.073;0.145;
11971;0.064;0.004;0.743;0.014;0.003;0.071;0.101;
12016;0.067;0.005;0.620;0.022;0.005;0.080;0.201;
12054;0.062;0.004;0.676;0.021;0.004;0.044;0.190;
12088;0.069;0.004;0.662;0.020;0.004;0.055;0.185;
12135;0.091;0.006;0.672;0.035;0.006;0.028;0.162;
12168;0.076;0.006;0.593;0.030;0.007;0.064;0.224;
12206;0.069;0.005;0.567;0.031;0.006;0.063;0.259;
12254;0.143;0.008;0.571;0.041;0.008;0.030;0.200;
12293;0.129;0.006;0.608;0.039;0.007;0.026;0.184;
12327;0.102;0.010;0.527;0.073;0.010;0.056;0.222;
12387;0.277;0.005;0.556;0.033;0.003;0.033;0.094;
12425;0.122;0.007;0.621;0.037;0.006;0.030;0.178;
12459;0.056;0.003;0.706;0.016;0.002;0.040;0.178;
12506;0.063;0.004;0.671;0.022;0.004;0.023;0.214;
12544;0.068;0.004;0.730;0.023;0.003;0.018;0.152;
12579;0.074;0.005;0.651;0.024;0.004;0.019;0.223;
12627;0.103;0.005;0.692;0.046;0.005;0.014;0.135;
12669;0.057;0.002;0.668;0.013;0.002;0.011;0.247;
12703;0.076;0.004;0.682;0.025;0.004;0.017;0.193;
12748;0.073;0.004;0.661;0.024;0.004;0.020;0.213;
12801;0.080;0.005;0.637;0.046;0.005;0.020;0.207;
12832;0.073;0.005;0.603;0.035;0.005;0.030;0.249;
12876;0.054;0.003;0.679;0.027;0.003;0.022;0.212;
12913;0.087;0.004;0.670;0.024;0.004;0.032;0.178;
12945;0.046;0.002;0.758;0.012;0.002;0.016;0.164;
12992;0.048;0.003;0.705;0.027;0.003;0.012;0.202;
13032;0.042;0.002;0.670;0.034;0.003;0.007;0.243;
13063;0.072;0.005;0.718;0.067;0.007;0.012;0.118;
13110;0.031;0.002;0.587;0.031;0.002;0.007;0.341;
13147;0.047;0.003;0.668;0.049;0.003;0.009;0.221;
13197;0.035;0.002;0.740;0.016;0.001;0.006;0.200;
13241;0.049;0.002;0.763;0.025;0.002;0.008;0.150;
13280;0.051;0.002;0.751;0.025;0.002;0.005;0.164;
13314;0.030;0.001;0.711;0.026;0.001;0.003;0.227;
13361;0.047;0.003;0.744;0.057;0.003;0.005;0.142;
13400;0.053;0.004;0.676;0.083;0.005;0.006;0.171;
13432;0.076;0.004;0.765;0.059;0.005;0.006;0.085;
13475;0.060;0.004;0.743;0.054;0.004;0.006;0.128;
13513;0.050;0.003;0.711;0.063;0.004;0.005;0.163;
13545;0.040;0.002;0.672;0.052;0.003;0.004;0.227;
13602;0.054;0.004;0.662;0.051;0.004;0.007;0.219;
13640;0.065;0.003;0.722;0.050;0.004;0.005;0.151;
13673;0.029;0.001;0.652;0.033;0.002;0.004;0.279;
13719;0.046;0.003;0.734;0.068;0.004;0.006;0.139;
13757;0.055;0.004;0.711;0.071;0.005;0.006;0.148;
13792;0.060;0.005;0.689;0.096;0.006;0.008;0.137;
13840;0.110;0.006;0.720;0.092;0.007;0.008;0.057;
13878;0.061;0.003;0.795;0.074;0.004;0.005;0.059;
13910;0.042;0.002;0.800;0.049;0.003;0.004;0.099;
13954;0.038;0.003;0.696;0.064;0.004;0.005;0.190;
14009;0.036;0.003;0.693;0.059;0.003;0.004;0.202;
14041;0.052;0.004;0.758;0.074;0.006;0.006;0.099;
14086;0.041;0.005;0.697;0.095;0.007;0.008;0.147;
14131;0.046;0.005;0.735;0.064;0.006;0.007;0.137;
14162;0.050;0.003;0.668;0.047;0.003;0.005;0.225;
14207;0.054;0.003;0.687;0.038;0.003;0.007;0.209;
14245;0.058;0.003;0.649;0.030;0.004;0.013;0.243;
14277;0.069;0.006;0.529;0.082;0.007;0.015;0.292;
14323;0.058;0.003;0.704;0.025;0.003;0.014;0.194;
14364;0.060;0.003;0.734;0.023;0.003;0.011;0.165;
14405;0.077;0.005;0.692;0.036;0.004;0.012;0.174;
14450;0.079;0.006;0.678;0.052;0.005;0.017;0.163;
14491;0.045;0.003;0.718;0.026;0.003;0.016;0.189;
14525;0.031;0.002;0.725;0.022;0.002;0.019;0.199;
14573;0.048;0.004;0.643;0.047;0.004;0.030;0.225;
14610;0.049;0.003;0.637;0.026;0.003;0.021;0.262;
14643;0.052;0.003;0.681;0.026;0.003;0.021;0.214;
14688;0.051;0.003;0.697;0.026;0.003;0.016;0.203;
14729;0.067;0.004;0.723;0.039;0.004;0.017;0.146;
14760;0.053;0.003;0.802;0.018;0.002;0.018;0.104;
14816;0.057;0.003;0.731;0.020;0.003;0.016;0.170;
14857;0.050;0.003;0.708;0.020;0.003;0.015;0.202;
14891;0.070;0.003;0.584;0.013;0.003;0.030;0.298;
14939;0.087;0.004;0.529;0.017;0.004;0.016;0.343;
14978;0.038;0.002;0.711;0.010;0.001;0.026;0.211;
15010;0.066;0.005;0.691;0.024;0.004;0.036;0.173;
15058;0.072;0.005;0.737;0.022;0.004;0.047;0.112;
15097;0.035;0.002;0.780;0.010;0.002;0.021;0.149;
15128;0.040;0.003;0.669;0.025;0.003;0.030;0.232;
15173;0.053;0.003;0.778;0.023;0.003;0.015;0.125;
15221;0.070;0.004;0.752;0.023;0.003;0.027;0.121;
15256;0.049;0.004;0.715;0.034;0.003;0.037;0.158;
15305;0.038;0.002;0.748;0.019;0.002;0.029;0.161;
15343;0.042;0.003;0.727;0.020;0.003;0.045;0.161;
15376;0.069;0.004;0.708;0.035;0.005;0.021;0.159;
15424;0.069;0.004;0.678;0.035;0.004;0.023;0.186;
15462;0.058;0.005;0.639;0.039;0.004;0.055;0.201;
15493;0.047;0.003;0.698;0.033;0.003;0.036;0.180;
15540;0.057;0.004;0.724;0.040;0.004;0.026;0.147;
15578;0.036;0.002;0.597;0.014;0.002;0.025;0.324;
15621;0.043;0.002;0.726;0.012;0.002;0.015;0.200;
15668;0.058;0.003;0.744;0.022;0.003;0.011;0.160;
15706;0.047;0.003;0.680;0.036;0.003;0.017;0.215;
15738;0.055;0.004;0.698;0.038;0.004;0.023;0.178;
15785;0.068;0.005;0.662;0.040;0.005;0.027;0.192;
15824;0.050;0.004;0.616;0.026;0.004;0.037;0.264;
15859;0.058;0.004;0.650;0.029;0.004;0.024;0.231;
15906;0.046;0.003;0.696;0.020;0.003;0.031;0.201;
15944;0.071;0.005;0.737;0.049;0.005;0.017;0.114;
15990;0.042;0.003;0.788;0.023;0.002;0.015;0.127;
16046;0.036;0.003;0.645;0.019;0.002;0.063;0.232;
16086;0.035;0.003;0.595;0.023;0.003;0.044;0.297;
16119;0.032;0.002;0.767;0.019;0.002;0.017;0.162;
16164;0.044;0.003;0.570;0.015;0.003;0.024;0.341;
16201;0.029;0.002;0.716;0.008;0.001;0.028;0.216;
16233;0.027;0.002;0.526;0.012;0.002;0.060;0.371;
16277;0.046;0.004;0.740;0.024;0.003;0.030;0.155;
16316;0.033;0.003;0.714;0.014;0.002;0.051;0.184;
16349;0.021;0.002;0.705;0.008;0.001;0.040;0.223;
16397;0.045;0.004;0.664;0.025;0.003;0.053;0.206;
16441;0.044;0.003;0.689;0.041;0.003;0.022;0.199;
16474;0.037;0.002;0.829;0.010;0.001;0.018;0.103;
16523;0.029;0.002;0.704;0.012;0.001;0.017;0.235;
16560;0.033;0.002;0.767;0.012;0.002;0.022;0.163;
16592;0.049;0.003;0.755;0.026;0.003;0.016;0.148;
16638;0.070;0.006;0.727;0.064;0.006;0.018;0.110;
16676;0.059;0.005;0.625;0.045;0.005;0.034;0.227;
16710;0.135;0.008;0.602;0.084;0.009;0.017;0.144;
16755;0.046;0.002;0.637;0.012;0.002;0.034;0.268;
16795;0.023;0.001;0.601;0.006;0.001;0.021;0.347;
16836;0.036;0.002;0.586;0.010;0.001;0.032;0.333;
16883;0.057;0.004;0.673;0.018;0.003;0.027;0.219;
16923;0.039;0.003;0.684;0.013;0.002;0.048;0.211;
16957;0.042;0.003;0.564;0.015;0.003;0.041;0.333;
17005;0.039;0.002;0.761;0.009;0.002;0.011;0.176;
17042;0.057;0.004;0.664;0.019;0.003;0.017;0.236;
17075;0.037;0.002;0.701;0.009;0.002;0.013;0.237;
17121;0.035;0.002;0.725;0.009;0.001;0.041;0.186;
17159;0.032;0.002;0.564;0.012;0.002;0.064;0.325;
17194;0.040;0.003;0.672;0.015;0.002;0.053;0.215;
17247;0.031;0.002;0.799;0.008;0.001;0.016;0.143;
17287;0.048;0.004;0.635;0.021;0.003;0.046;0.243;
17322;0.097;0.004;0.624;0.016;0.004;0.042;0.213;
17369;0.086;0.004;0.639;0.008;0.003;0.050;0.210;
17407;0.072;0.003;0.598;0.014;0.003;0.024;0.287;
17443;0.075;0.003;0.715;0.012;0.002;0.029;0.165;
17489;0.055;0.002;0.635;0.013;0.002;0.022;0.271;
17528;0.037;0.002;0.747;0.015;0.002;0.026;0.170;
17561;0.052;0.003;0.661;0.021;0.003;0.024;0.237;
17606;0.075;0.003;0.690;0.018;0.003;0.016;0.194;
17653;0.059;0.004;0.604;0.024;0.004;0.040;0.266;
17688;0.025;0.002;0.504;0.010;0.002;0.033;0.425;
17736;0.050;0.003;0.614;0.014;0.002;0.038;0.279;
17774;0.054;0.004;0.627;0.026;0.004;0.026;0.259;
17807;0.059;0.004;0.683;0.025;0.003;0.025;0.201;
17854;0.038;0.002;0.662;0.020;0.002;0.017;0.260;
17892;0.091;0.005;0.701;0.036;0.005;0.016;0.145;
17926;0.034;0.002;0.635;0.015;0.002;0.037;0.274;
17974;0.041;0.003;0.619;0.045;0.004;0.025;0.263;
18011;0.044;0.003;0.671;0.015;0.002;0.022;0.243;
18054;0.084;0.005;0.679;0.036;0.005;0.016;0.174;
18100;0.086;0.008;0.539;0.117;0.010;0.034;0.206;
18137;0.061;0.005;0.562;0.027;0.005;0.070;0.271;
18170;0.065;0.003;0.594;0.017;0.003;0.044;0.274;
18217;0.094;0.005;0.625;0.029;0.005;0.016;0.227;
18256;0.070;0.003;0.641;0.021;0.004;0.014;0.248;
18292;0.089;0.005;0.662;0.027;0.005;0.023;0.189;
18339;0.060;0.004;0.698;0.020;0.003;0.030;0.185;
18378;0.075;0.004;0.555;0.021;0.004;0.039;0.301;
18412;0.147;0.004;0.717;0.026;0.002;0.018;0.086;
18469;0.113;0.006;0.623;0.030;0.006;0.036;0.186;
18505;0.064;0.004;0.695;0.019;0.004;0.059;0.155;
18538;0.172;0.007;0.579;0.049;0.007;0.025;0.161;
18584;0.171;0.007;0.629;0.042;0.004;0.040;0.106;
18623;0.150;0.009;0.538;0.038;0.007;0.043;0.216;
18656;0.085;0.008;0.537;0.035;0.007;0.099;0.229;
18703;0.064;0.005;0.582;0.029;0.005;0.060;0.255;
18744;0.048;0.004;0.561;0.065;0.004;0.044;0.273;
18776;0.051;0.005;0.570;0.051;0.004;0.055;0.264;
18821;0.047;0.004;0.651;0.042;0.003;0.046;0.206;
18867;0.044;0.003;0.626;0.033;0.003;0.025;0.266;
18901;0.070;0.006;0.658;0.051;0.006;0.023;0.187;
18946;0.078;0.005;0.740;0.041;0.005;0.013;0.118;
18985;0.053;0.004;0.708;0.047;0.004;0.025;0.158;
19019;0.052;0.004;0.672;0.051;0.004;0.015;0.202;
19066;0.056;0.003;0.652;0.025;0.003;0.009;0.251;
19105;0.058;0.004;0.713;0.046;0.004;0.015;0.159;
19141;0.030;0.002;0.598;0.020;0.002;0.022;0.327;
19187;0.030;0.002;0.608;0.010;0.002;0.025;0.323;
19223;0.041;0.002;0.748;0.018;0.002;0.009;0.180;
19262;0.033;0.002;0.824;0.007;0.001;0.018;0.115;
19308;0.040;0.002;0.692;0.012;0.002;0.018;0.233;
19348;0.047;0.003;0.670;0.016;0.003;0.017;0.244;
19379;0.045;0.003;0.684;0.025;0.003;0.029;0.210;
19425;0.049;0.004;0.668;0.027;0.003;0.018;0.232;
19462;0.043;0.003;0.583;0.017;0.003;0.054;0.296;
19496;0.028;0.002;0.643;0.012;0.002;0.055;0.258;
19542;0.035;0.003;0.618;0.033;0.003;0.047;0.261;
19590;0.042;0.002;0.666;0.014;0.002;0.021;0.253;
19623;0.044;0.003;0.622;0.014;0.002;0.083;0.231;
19678;0.033;0.002;0.663;0.010;0.001;0.039;0.253;
19716;0.038;0.002;0.640;0.008;0.002;0.014;0.297;
19751;0.043;0.002;0.697;0.010;0.002;0.015;0.231;
19795;0.036;0.002;0.779;0.010;0.001;0.009;0.163;
19835;0.023;0.001;0.670;0.006;0.001;0.009;0.291;
19870;0.022;0.001;0.677;0.004;0.001;0.005;0.290;
19921;0.022;0.001;0.686;0.006;0.001;0.013;0.272;
19959;0.025;0.001;0.708;0.006;0.001;0.015;0.244;
19991;0.031;0.002;0.716;0.010;0.001;0.016;0.225;
20038;0.037;0.002;0.782;0.013;0.002;0.006;0.159;
20087;0.022;0.001;0.691;0.005;0.001;0.007;0.273;
20119;0.021;0.001;0.683;0.005;0.001;0.012;0.278;
20163;0.033;0.001;0.660;0.009;0.001;0.012;0.283;
20201;0.045;0.002;0.677;0.011;0.002;0.016;0.248;
20236;0.026;0.001;0.662;0.008;0.001;0.039;0.262;
20283;0.025;0.001;0.680;0.008;0.001;0.030;0.254;
20320;0.034;0.002;0.666;0.016;0.002;0.012;0.270;
20353;0.049;0.003;0.630;0.020;0.003;0.018;0.278;
20399;0.041;0.002;0.708;0.018;0.002;0.011;0.217;
20438;0.053;0.003;0.661;0.026;0.003;0.011;0.244;
20481;0.025;0.001;0.623;0.005;0.001;0.013;0.332;
20526;0.022;0.001;0.632;0.006;0.001;0.020;0.317;
20563;0.042;0.002;0.634;0.011;0.002;0.024;0.285;
20596;0.069;0.004;0.668;0.021;0.004;0.017;0.218;
20642;0.052;0.004;0.610;0.038;0.004;0.013;0.279;
20684;0.077;0.004;0.677;0.040;0.005;0.013;0.184;
20718;0.062;0.004;0.666;0.025;0.004;0.014;0.226;
20762;0.060;0.004;0.657;0.040;0.004;0.020;0.214;
20802;0.051;0.004;0.660;0.072;0.006;0.031;0.176;
20836;0.047;0.003;0.602;0.023;0.004;0.024;0.297;
20894;0.091;0.006;0.646;0.054;0.006;0.012;0.184;
20933;0.044;0.002;0.792;0.030;0.002;0.005;0.124;
20967;0.057;0.004;0.698;0.054;0.005;0.016;0.166;
21014;0.046;0.003;0.712;0.035;0.003;0.010;0.192;
21053;0.036;0.002;0.564;0.040;0.003;0.014;0.341;
21087;0.040;0.003;0.741;0.014;0.002;0.025;0.174;
21140;0.060;0.005;0.684;0.036;0.004;0.025;0.187;
21181;0.045;0.003;0.684;0.047;0.003;0.028;0.189;
21215;0.068;0.006;0.645;0.068;0.006;0.030;0.178;
21260;0.043;0.003;0.562;0.021;0.003;0.031;0.336;
21307;0.027;0.002;0.675;0.011;0.001;0.019;0.265;
21342;0.035;0.002;0.549;0.016;0.002;0.033;0.363;
21389;0.048;0.003;0.679;0.041;0.004;0.016;0.210;
21427;0.036;0.002;0.575;0.016;0.003;0.035;0.333;
21460;0.049;0.003;0.720;0.020;0.003;0.021;0.185;
21506;0.048;0.003;0.629;0.027;0.003;0.017;0.272;
21549;0.042;0.003;0.762;0.032;0.003;0.018;0.141;
21583;0.055;0.004;0.626;0.049;0.005;0.022;0.239;
21627;0.030;0.002;0.558;0.010;0.002;0.018;0.380;
21666;0.045;0.003;0.637;0.025;0.003;0.021;0.266;
21707;0.061;0.003;0.658;0.021;0.004;0.014;0.239;
21755;0.046;0.002;0.720;0.012;0.002;0.013;0.205;
21792;0.040;0.003;0.705;0.011;0.002;0.074;0.165;
21824;0.041;0.003;0.506;0.009;0.003;0.179;0.260;
21872;0.031;0.004;0.531;0.010;0.004;0.182;0.239;
21912;0.067;0.003;0.728;0.009;0.002;0.060;0.131;
21943;0.041;0.003;0.660;0.018;0.003;0.066;0.208;
21987;0.042;0.004;0.558;0.027;0.004;0.100;0.264;
22024;0.057;0.005;0.608;0.026;0.004;0.072;0.227;
22055;0.051;0.004;0.599;0.016;0.003;0.129;0.197;
22107;0.067;0.006;0.551;0.042;0.006;0.104;0.224;
22145;0.056;0.004;0.653;0.023;0.004;0.049;0.212;
22176;0.049;0.003;0.634;0.020;0.003;0.042;0.249;
22222;0.050;0.004;0.673;0.021;0.003;0.066;0.182;
22258;0.041;0.003;0.642;0.026;0.003;0.033;0.252;
22291;0.054;0.004;0.629;0.024;0.004;0.027;0.259;
22338;0.044;0.004;0.619;0.054;0.004;0.023;0.253;
22377;0.047;0.004;0.650;0.058;0.004;0.032;0.206;
22408;0.039;0.003;0.669;0.049;0.003;0.015;0.221;
22453;0.063;0.005;0.685;0.053;0.006;0.019;0.169;
22500;0.099;0.007;0.731;0.053;0.007;0.011;0.093;
22534;0.054;0.005;0.533;0.272;0.007;0.010;0.119;
22588;0.134;0.010;0.619;0.119;0.013;0.016;0.088;
22625;0.167;0.012;0.593;0.110;0.015;0.019;0.084;
22660;0.152;0.011;0.646;0.090;0.013;0.019;0.068;
22707;0.066;0.005;0.678;0.052;0.006;0.015;0.177;
22749;0.047;0.005;0.550;0.091;0.006;0.017;0.284;
22788;0.068;0.007;0.643;0.108;0.009;0.022;0.143;
22834;0.058;0.005;0.634;0.031;0.005;0.038;0.230;
22873;0.043;0.003;0.711;0.022;0.003;0.016;0.202;
22917;0.027;0.002;0.579;0.025;0.002;0.019;0.347;
22961;0.048;0.003;0.682;0.028;0.003;0.020;0.215;
23000;0.038;0.002;0.683;0.020;0.002;0.015;0.240;
23035;0.024;0.002;0.473;0.013;0.003;0.053;0.432;
23090;0.037;0.003;0.617;0.025;0.003;0.052;0.263;
23127;0.057;0.004;0.611;0.033;0.004;0.018;0.272;
23159;0.059;0.005;0.666;0.062;0.005;0.014;0.189;
23203;0.046;0.003;0.563;0.050;0.004;0.010;0.323;
23243;0.103;0.005;0.663;0.067;0.008;0.008;0.145;
23274;0.137;0.005;0.582;0.047;0.007;0.011;0.210;
23330;0.154;0.005;0.576;0.014;0.007;0.023;0.220;
23370;0.138;0.009;0.540;0.046;0.013;0.065;0.189;
23404;0.269;0.003;0.624;0.049;0.002;0.004;0.049;
23467;0.458;0.012;0.306;0.142;0.012;0.017;0.053;
23501;0.253;0.043;0.394;0.205;0.023;0.035;0.046;
23555;0.345;0.041;0.360;0.171;0.018;0.031;0.034;
23597;0.003;0.001;0.005;0.991;0.000;0.000;0.000;
23631;0.145;0.008;0.018;0.826;0.001;0.000;0.002;
23686;0.720;0.013;0.029;0.217;0.004;0.002;0.014;
23724;0.569;0.014;0.064;0.328;0.002;0.002;0.022;
23764;0.714;0.006;0.093;0.136;0.003;0.004;0.044;
23813;0.758;0.007;0.084;0.069;0.002;0.004;0.075;
23854;0.677;0.009;0.117;0.138;0.002;0.004;0.053;
23887;0.702;0.009;0.114;0.075;0.002;0.003;0.096;
23937;0.752;0.006;0.076;0.123;0.003;0.003;0.037;
23975;0.774;0.008;0.088;0.115;0.001;0.002;0.012;
24007;0.577;0.009;0.099;0.275;0.002;0.003;0.034;
24055;0.635;0.009;0.124;0.123;0.003;0.005;0.103;
24095;0.368;0.017;0.277;0.254;0.009;0.009;0.066;
24127;0.470;0.015;0.194;0.200;0.008;0.007;0.105;
24185;0.456;0.012;0.278;0.138;0.007;0.007;0.102;
24224;0.586;0.008;0.256;0.112;0.004;0.004;0.032;
24255;0.595;0.009;0.218;0.148;0.004;0.006;0.020;
24307;0.779;0.004;0.110;0.082;0.003;0.004;0.018;
24352;0.698;0.004;0.142;0.115;0.002;0.002;0.036;
24387;0.387;0.009;0.176;0.278;0.008;0.019;0.122;
24423;0.581;0.004;0.208;0.051;0.002;0.038;0.114;
24474;0.584;0.002;0.313;0.037;0.001;0.013;0.050;
24514;0.594;0.004;0.168;0.072;0.003;0.019;0.139;
24546;0.406;0.004;0.269;0.030;0.002;0.021;0.268;
24603;0.453;0.004;0.246;0.044;0.002;0.018;0.234;
24642;0.468;0.004;0.243;0.022;0.002;0.027;0.234;
24680;0.556;0.004;0.218;0.035;0.002;0.029;0.156;
24733;0.536;0.003;0.295;0.028;0.001;0.022;0.116;
24773;0.600;0.002;0.303;0.027;0.001;0.011;0.056;
24806;0.535;0.002;0.340;0.027;0.001;0.008;0.086;
24853;0.424;0.004;0.309;0.022;0.001;0.020;0.220;
24889;0.486;0.004;0.256;0.029;0.002;0.031;0.192;
24922;0.560;0.004;0.183;0.091;0.003;0.010;0.149;
24968;0.702;0.003;0.181;0.034;0.001;0.010;0.070;
25018;0.734;0.003;0.158;0.027;0.001;0.005;0.072;
25050;0.723;0.002;0.181;0.020;0.001;0.005;0.067;
25096;0.716;0.003;0.164;0.049;0.001;0.005;0.062;
25137;0.680;0.002;0.259;0.029;0.001;0.003;0.027;
25171;0.702;0.003;0.186;0.060;0.002;0.007;0.040;
25219;0.646;0.003;0.210;0.040;0.001;0.010;0.090;
25257;0.682;0.003;0.178;0.032;0.001;0.010;0.093;
25290;0.560;0.005;0.258;0.089;0.003;0.010;0.076;
25338;0.552;0.003;0.279;0.046;0.001;0.015;0.104;
25376;0.561;0.007;0.223;0.123;0.004;0.014;0.069;
25416;0.652;0.003;0.261;0.040;0.001;0.010;0.033;
25459;0.605;0.004;0.236;0.077;0.002;0.013;0.062;
25498;0.602;0.006;0.193;0.102;0.003;0.017;0.077;
25532;0.590;0.004;0.187;0.039;0.001;0.011;0.167;
25580;0.467;0.009;0.202;0.158;0.007;0.020;0.138;
25619;0.636;0.004;0.235;0.071;0.002;0.007;0.045;
25652;0.610;0.005;0.197;0.103;0.004;0.010;0.070;
25703;0.504;0.014;0.262;0.159;0.009;0.019;0.032;
25742;0.519;0.008;0.213;0.154;0.007;0.017;0.082;
25777;0.509;0.007;0.277;0.104;0.004;0.010;0.089;
25836;0.574;0.003;0.310;0.058;0.001;0.006;0.048;
25882;0.680;0.003;0.193;0.030;0.001;0.005;0.089;
25915;0.781;0.003;0.140;0.043;0.001;0.002;0.029;
25962;0.473;0.004;0.213;0.059;0.002;0.005;0.244;
26004;0.537;0.003;0.206;0.029;0.002;0.008;0.215;
26046;0.604;0.002;0.239;0.027;0.001;0.006;0.121;
26102;0.564;0.003;0.250;0.037;0.001;0.006;0.139;
26142;0.584;0.002;0.296;0.025;0.001;0.007;0.085;
26183;0.553;0.004;0.289;0.081;0.002;0.006;0.065;
26231;0.476;0.005;0.233;0.114;0.004;0.006;0.162;
26286;0.292;0.015;0.286;0.139;0.009;0.059;0.201;
26324;0.549;0.006;0.221;0.064;0.002;0.036;0.122;
26380;0.444;0.007;0.293;0.073;0.003;0.030;0.150;
26419;0.421;0.005;0.295;0.045;0.002;0.027;0.205;
26458;0.419;0.006;0.313;0.080;0.003;0.025;0.154;
26506;0.312;0.011;0.303;0.119;0.008;0.033;0.214;
26554;0.286;0.010;0.395;0.097;0.006;0.031;0.174;
26592;0.177;0.007;0.445;0.036;0.004;0.028;0.303;
26641;0.146;0.007;0.321;0.034;0.004;0.023;0.464;
26684;0.237;0.009;0.330;0.047;0.005;0.068;0.303;
26726;0.240;0.009;0.369;0.044;0.005;0.054;0.279;
26783;0.194;0.009;0.351;0.026;0.006;0.065;0.349;
26821;0.104;0.008;0.291;0.044;0.006;0.064;0.483;
26854;0.233;0.008;0.280;0.048;0.005;0.029;0.397;
26914;0.162;0.008;0.346;0.031;0.005;0.046;0.402;
26956;0.366;0.007;0.318;0.074;0.004;0.037;0.195;
26988;0.338;0.014;0.347;0.140;0.010;0.036;0.116;
27032;0.143;0.009;0.348;0.047;0.006;0.061;0.386;
27071;0.368;0.005;0.362;0.042;0.003;0.036;0.183;
27105;0.151;0.008;0.415;0.036;0.006;0.040;0.343;
27162;0.235;0.009;0.395;0.079;0.005;0.033;0.244;
27203;0.261;0.007;0.408;0.077;0.005;0.017;0.225;
27237;0.178;0.007;0.425;0.039;0.006;0.025;0.321;
27284;0.121;0.007;0.410;0.036;0.006;0.024;0.397;
27322;0.163;0.009;0.337;0.052;0.007;0.035;0.397;
27354;0.131;0.009;0.270;0.077;0.007;0.031;0.475;
27401;0.429;0.006;0.285;0.076;0.003;0.021;0.180;
27440;0.485;0.007;0.287;0.089;0.004;0.028;0.100;
27473;0.410;0.004;0.369;0.043;0.002;0.014;0.159;
27519;0.299;0.007;0.325;0.050;0.003;0.025;0.291;
27567;0.543;0.003;0.323;0.051;0.002;0.025;0.052;
27601;0.263;0.010;0.513;0.108;0.011;0.040;0.054;
27651;0.054;0.003;0.858;0.036;0.003;0.026;0.020;
27689;0.018;0.002;0.936;0.010;0.001;0.025;0.008;
27721;0.005;0.008;0.940;0.014;0.005;0.012;0.016;
27768;0.004;0.003;0.952;0.009;0.002;0.011;0.019;
27807;0.018;0.004;0.686;0.017;0.003;0.106;0.166;
27839;0.028;0.006;0.207;0.006;0.001;0.596;0.156;
27887;0.018;0.006;0.130;0.008;0.001;0.691;0.146;
27925;0.076;0.016;0.288;0.064;0.007;0.123;0.426;
27965;0.052;0.006;0.456;0.029;0.003;0.101;0.353;
28013;0.078;0.004;0.568;0.021;0.003;0.025;0.301;
28051;0.083;0.003;0.716;0.014;0.002;0.019;0.163;
28084;0.066;0.004;0.607;0.039;0.004;0.023;0.258;
28132;0.093;0.004;0.550;0.020;0.003;0.023;0.307;
28175;0.324;0.004;0.402;0.061;0.005;0.021;0.182;
28209;0.230;0.008;0.390;0.093;0.007;0.042;0.229;
28253;0.102;0.007;0.352;0.027;0.007;0.123;0.383;
28290;0.140;0.006;0.530;0.019;0.004;0.063;0.238;
28321;0.103;0.006;0.488;0.028;0.005;0.049;0.321;
28373;0.105;0.005;0.502;0.025;0.005;0.050;0.310;
28412;0.108;0.005;0.520;0.026;0.005;0.038;0.299;
28444;0.088;0.004;0.482;0.028;0.005;0.046;0.345;
28490;0.073;0.004;0.565;0.027;0.004;0.032;0.297;
28528;0.067;0.003;0.518;0.018;0.003;0.028;0.364;
28561;0.159;0.005;0.548;0.031;0.005;0.043;0.207;
28609;0.068;0.003;0.531;0.016;0.003;0.068;0.310;
28647;0.073;0.004;0.557;0.026;0.004;0.044;0.292;
28678;0.122;0.005;0.572;0.032;0.004;0.044;0.220;
28722;0.172;0.007;0.545;0.036;0.005;0.102;0.133;
28768;0.084;0.004;0.491;0.019;0.004;0.066;0.331;
28803;0.075;0.005;0.487;0.025;0.005;0.125;0.277;
28853;0.130;0.007;0.513;0.044;0.006;0.061;0.239;
28891;0.163;0.006;0.474;0.037;0.006;0.067;0.246;
28926;0.211;0.007;0.464;0.035;0.006;0.060;0.217;
28974;0.211;0.007;0.450;0.037;0.006;0.063;0.225;
29015;0.102;0.007;0.459;0.047;0.007;0.093;0.285;
29046;0.213;0.007;0.463;0.044;0.006;0.031;0.236;
29091;0.179;0.008;0.459;0.032;0.006;0.084;0.233;
29134;0.197;0.007;0.438;0.045;0.006;0.042;0.265;
29175;0.117;0.007;0.510;0.040;0.007;0.052;0.266;
29219;0.112;0.006;0.456;0.035;0.006;0.058;0.326;
29255;0.116;0.007;0.450;0.036;0.006;0.059;0.327;
29287;0.249;0.006;0.410;0.053;0.006;0.028;0.248;
29333;0.108;0.007;0.398;0.059;0.008;0.040;0.379;
29371;0.123;0.007;0.433;0.032;0.006;0.050;0.349;
29406;0.192;0.009;0.399;0.099;0.008;0.043;0.250;
29452;0.179;0.008;0.419;0.081;0.007;0.025;0.282;
29489;0.250;0.008;0.370;0.095;0.008;0.034;0.236;
29522;0.129;0.009;0.466;0.078;0.009;0.053;0.256;
29573;0.156;0.009;0.429;0.079;0.008;0.050;0.269;
29611;0.225;0.008;0.417;0.060;0.006;0.044;0.242;
29642;0.121;0.007;0.388;0.052;0.007;0.037;0.388;
29685;0.262;0.009;0.344;0.084;0.006;0.044;0.250;
29728;0.154;0.008;0.363;0.030;0.007;0.070;0.368;
29761;0.165;0.007;0.416;0.057;0.006;0.042;0.308;
29813;0.243;0.009;0.395;0.097;0.008;0.037;0.212;
29858;0.305;0.004;0.392;0.041;0.004;0.023;0.232;
29889;0.140;0.007;0.393;0.047;0.007;0.033;0.372;
29936;0.236;0.007;0.377;0.099;0.008;0.037;0.235;
29985;0.204;0.008;0.378;0.069;0.007;0.038;0.296;
30022;0.400;0.005;0.373;0.057;0.003;0.038;0.124;
30067;0.288;0.006;0.395;0.025;0.004;0.045;0.236;
30105;0.158;0.007;0.467;0.018;0.006;0.045;0.300;
30138;0.336;0.004;0.411;0.037;0.002;0.029;0.181;
30184;0.153;0.007;0.407;0.039;0.007;0.047;0.341;
30221;0.214;0.008;0.348;0.039;0.008;0.060;0.322;
30253;0.152;0.007;0.375;0.023;0.006;0.075;0.361;
30301;0.147;0.008;0.385;0.069;0.008;0.048;0.335;
30340;0.330;0.004;0.420;0.056;0.004;0.023;0.163;
30399;0.330;0.005;0.393;0.055;0.004;0.026;0.187;
30447;0.335;0.007;0.303;0.069;0.005;0.046;0.236;
30484;0.312;0.005;0.361;0.051;0.004;0.029;0.238;
30516;0.308;0.005;0.375;0.033;0.003;0.040;0.235;
30562;0.258;0.006;0.423;0.014;0.004;0.032;0.263;
30601;0.388;0.002;0.441;0.030;0.001;0.017;0.120;
30636;0.188;0.006;0.457;0.036;0.006;0.031;0.276;
30683;0.141;0.008;0.583;0.075;0.007;0.024;0.163;
30721;0.170;0.012;0.450;0.176;0.012;0.024;0.156;
30753;0.327;0.012;0.384;0.129;0.011;0.040;0.097;
30808;0.350;0.007;0.410;0.099;0.006;0.020;0.108;
30846;0.207;0.006;0.421;0.046;0.005;0.032;0.282;
30879;0.181;0.008;0.506;0.099;0.008;0.025;0.173;
30923;0.259;0.014;0.431;0.157;0.014;0.026;0.098;
30959;0.193;0.011;0.496;0.102;0.008;0.029;0.161;
30992;0.106;0.005;0.376;0.034;0.005;0.018;0.456;
31038;0.175;0.008;0.473;0.072;0.006;0.021;0.245;
31077;0.287;0.015;0.399;0.149;0.013;0.027;0.110;
31108;0.151;0.009;0.468;0.089;0.007;0.025;0.251;
31152;0.257;0.015;0.398;0.147;0.013;0.041;0.129;
31200;0.090;0.007;0.426;0.065;0.007;0.036;0.368;
31234;0.167;0.008;0.466;0.059;0.007;0.044;0.249;
31284;0.115;0.007;0.364;0.045;0.007;0.038;0.425;
31328;0.170;0.008;0.396;0.048;0.007;0.036;0.336;
31364;0.236;0.007;0.442;0.059;0.005;0.028;0.224;
31412;0.171;0.008;0.435;0.064;0.006;0.033;0.284;
31462;0.226;0.006;0.467;0.057;0.005;0.023;0.216;
31500;0.279;0.004;0.457;0.057;0.003;0.012;0.188;
31548;0.431;0.003;0.380;0.058;0.003;0.010;0.116;
31590;0.315;0.008;0.348;0.124;0.007;0.023;0.175;
31633;0.233;0.005;0.428;0.057;0.004;0.012;0.261;
31681;0.364;0.008;0.312;0.147;0.008;0.017;0.144;
31723;0.351;0.012;0.395;0.172;0.009;0.015;0.046;
31754;0.231;0.009;0.578;0.090;0.008;0.015;0.070;
31801;0.228;0.008;0.490;0.093;0.007;0.016;0.159;
31837;0.245;0.010;0.480;0.116;0.009;0.014;0.125;
31870;0.227;0.009;0.463;0.108;0.008;0.013;0.172;
31915;0.179;0.010;0.452;0.110;0.009;0.018;0.222;
31953;0.180;0.012;0.474;0.200;0.012;0.018;0.105;
31990;0.259;0.014;0.396;0.208;0.015;0.021;0.089;
32045;0.174;0.011;0.406;0.280;0.013;0.017;0.101;
32086;0.243;0.007;0.367;0.106;0.007;0.015;0.254;
32120;0.238;0.012;0.346;0.240;0.014;0.020;0.130;
32168;0.275;0.005;0.351;0.054;0.006;0.016;0.293;
32206;0.424;0.004;0.382;0.083;0.003;0.010;0.094;
32240;0.263;0.004;0.498;0.015;0.003;0.010;0.206;
32288;0.309;0.003;0.474;0.022;0.002;0.006;0.184;
32328;0.309;0.004;0.419;0.036;0.004;0.015;0.213;
32361;0.268;0.007;0.420;0.097;0.005;0.018;0.184;
32406;0.370;0.005;0.417;0.088;0.004;0.016;0.100;
32454;0.211;0.006;0.487;0.025;0.004;0.026;0.241;
32488;0.217;0.007;0.409;0.022;0.006;0.028;0.311;
32534;0.168;0.006;0.439;0.025;0.005;0.018;0.337;
32570;0.227;0.005;0.567;0.056;0.003;0.009;0.133;
32602;0.277;0.008;0.556;0.089;0.006;0.015;0.049;
32649;0.111;0.008;0.537;0.076;0.007;0.020;0.241;
32692;0.160;0.010;0.470;0.153;0.012;0.019;0.176;
32725;0.180;0.008;0.461;0.134;0.009;0.016;0.192;
32769;0.305;0.007;0.508;0.092;0.005;0.011;0.072;
32808;0.350;0.012;0.402;0.148;0.011;0.018;0.059;
32850;0.270;0.016;0.423;0.192;0.016;0.020;0.063;
32901;0.334;0.011;0.355;0.227;0.012;0.014;0.046;
32938;0.425;0.008;0.376;0.120;0.007;0.013;0.050;
32970;0.275;0.004;0.395;0.053;0.003;0.006;0.265;
33018;0.345;0.005;0.374;0.091;0.004;0.006;0.174;
33057;0.403;0.008;0.376;0.113;0.006;0.011;0.082;
