336;0.194;0.006;0.195;0.008;0.018;0.012;0.568;
819;0.373;0.008;0.134;0.024;0.018;0.017;0.426;
1199;0.832;0.009;0.099;0.005;0.011;0.004;0.040;
1793;0.526;0.008;0.127;0.001;0.003;0.060;0.275;
2189;0.758;0.005;0.108;0.006;0.003;0.016;0.104;
2476;0.611;0.004;0.182;0.026;0.002;0.025;0.151;
3011;0.387;0.004;0.190;0.018;0.002;0.007;0.393;
3366;0.234;0.005;0.230;0.006;0.006;0.027;0.492;
3749;0.150;0.011;0.311;0.014;0.041;0.036;0.437;
4313;0.647;0.005;0.176;0.030;0.003;0.001;0.138;
4688;0.266;0.004;0.098;0.597;0.009;0.001;0.026;
4990;0.441;0.004;0.069;0.454;0.007;0.001;0.023;
5490;0.307;0.007;0.093;0.563;0.004;0.003;0.022;
5842;0.725;0.006;0.130;0.104;0.002;0.002;0.031;
6449;0.808;0.005;0.117;0.008;0.001;0.003;0.059;
6729;0.824;0.004;0.093;0.003;0.002;0.010;0.064;
7471;0.508;0.019;0.102;0.008;0.048;0.010;0.305;
7830;0.150;0.051;0.219;0.015;0.118;0.216;0.231;
8183;0.165;0.051;0.256;0.023;0.175;0.089;0.240;
8659;0.150;0.008;0.213;0.007;0.015;0.071;0.535;
9060;0.742;0.008;0.087;0.057;0.016;0.008;0.081;
9325;0.729;0.006;0.092;0.009;0.003;0.003;0.157;
9914;0.814;0.017;0.043;0.002;0.002;0.021;0.100;
10300;0.805;0.014;0.086;0.055;0.004;0.006;0.029;
10821;0.106;0.007;0.048;0.831;0.001;0.001;0.006;
11236;0.524;0.010;0.132;0.270;0.004;0.005;0.055;
11529;0.660;0.008;0.051;0.258;0.006;0.001;0.016;
12072;0.267;0.011;0.018;0.680;0.006;0.003;0.015;
12628;0.612;0.018;0.056;0.301;0.001;0.001;0.010;
12957;0.839;0.013;0.036;0.047;0.012;0.002;0.051;
13659;0.586;0.029;0.023;0.336;0.013;0.003;0.010;
13969;0.562;0.015;0.023;0.381;0.005;0.004;0.008;
14235;0.675;0.005;0.055;0.237;0.009;0.002;0.017;
14744;0.809;0.011;0.038;0.110;0.006;0.005;0.021;
15124;0.552;0.011;0.033;0.388;0.006;0.002;0.008;
15466;0.741;0.009;0.048;0.136;0.037;0.003;0.026;
16012;0.711;0.008;0.105;0.008;0.006;0.010;0.152;
16551;0.675;0.007;0.127;0.003;0.004;0.022;0.162;
17012;0.609;0.011;0.133;0.007;0.021;0.015;0.204;
17555;0.251;0.020;0.221;0.009;0.072;0.033;0.394;
17914;0.139;0.009;0.221;0.010;0.028;0.052;0.541;
18196;0.257;0.057;0.122;0.005;0.008;0.141;0.409;
18710;0.547;0.049;0.099;0.005;0.008;0.008;0.284;
19044;0.594;0.011;0.128;0.008;0.001;0.005;0.254;
19303;0.452;0.071;0.079;0.014;0.026;0.019;0.340;
19835;0.725;0.047;0.076;0.008;0.069;0.026;0.049;
20263;0.811;0.018;0.033;0.047;0.061;0.003;0.026;
20572;0.839;0.008;0.044;0.073;0.017;0.001;0.017;
21223;0.085;0.007;0.008;0.895;0.002;0.001;0.002;
21668;0.040;0.002;0.024;0.929;0.000;0.001;0.004;
21998;0.258;0.009;0.099;0.620;0.002;0.003;0.009;
22467;0.332;0.005;0.091;0.543;0.003;0.002;0.025;
22768;0.626;0.006;0.106;0.237;0.003;0.002;0.020;
23292;0.588;0.006;0.137;0.200;0.005;0.003;0.061;
23566;0.096;0.004;0.113;0.752;0.004;0.004;0.028;
24102;0.360;0.005;0.058;0.542;0.005;0.001;0.028;
24444;0.042;0.003;0.004;0.948;0.001;0.000;0.001;
24767;0.360;0.007;0.091;0.492;0.004;0.004;0.042;
25382;0.877;0.006;0.081;0.022;0.002;0.001;0.011;
25757;0.634;0.011;0.106;0.220;0.002;0.002;0.026;
26010;0.160;0.012;0.168;0.621;0.005;0.007;0.028;
26597;0.769;0.007;0.078;0.039;0.006;0.002;0.099;
26914;0.748;0.005;0.087;0.024;0.005;0.004;0.126;
27175;0.525;0.014;0.101;0.005;0.011;0.009;0.335;
27733;0.779;0.024;0.072;0.011;0.019;0.003;0.092;
28128;0.462;0.055;0.085;0.008;0.045;0.006;0.339;
28396;0.060;0.011;0.086;0.002;0.008;0.007;0.825;
28909;0.126;0.037;0.377;0.011;0.123;0.028;0.299;
29425;0.506;0.017;0.152;0.005;0.029;0.049;0.241;
29723;0.299;0.012;0.081;0.004;0.008;0.024;0.573;
30214;0.510;0.012;0.169;0.007;0.038;0.012;0.252;
30561;0.766;0.008;0.091;0.092;0.008;0.001;0.033;
30834;0.236;0.007;0.060;0.688;0.001;0.001;0.008;
31361;0.698;0.009;0.127;0.121;0.002;0.002;0.041;
31685;0.175;0.008;0.114;0.665;0.003;0.003;0.032;
32221;0.178;0.003;0.028;0.784;0.002;0.000;0.005;
32576;0.165;0.005;0.084;0.720;0.002;0.002;0.023;
32856;0.527;0.007;0.096;0.351;0.003;0.001;0.014;
33468;0.244;0.010;0.110;0.605;0.002;0.003;0.026;
33833;0.273;0.008;0.055;0.638;0.002;0.001;0.023;
34091;0.383;0.011;0.088;0.491;0.002;0.002;0.024;
34603;0.398;0.010;0.065;0.513;0.002;0.001;0.012;
34952;0.244;0.008;0.057;0.677;0.001;0.001;0.012;
35234;0.619;0.011;0.094;0.245;0.002;0.002;0.028;
35723;0.557;0.014;0.067;0.330;0.002;0.002;0.028;
36076;0.268;0.008;0.120;0.579;0.003;0.003;0.020;
36347;0.121;0.007;0.111;0.732;0.002;0.003;0.024;
36815;0.418;0.028;0.044;0.496;0.002;0.001;0.011;
37263;0.401;0.016;0.058;0.506;0.001;0.001;0.017;
37578;0.567;0.017;0.086;0.301;0.002;0.002;0.025;
38060;0.382;0.006;0.057;0.541;0.002;0.001;0.010;
38449;0.404;0.007;0.070;0.482;0.003;0.001;0.032;
38729;0.434;0.008;0.029;0.516;0.006;0.001;0.007;
39309;0.622;0.009;0.043;0.309;0.004;0.001;0.012;
39668;0.565;0.007;0.030;0.378;0.009;0.001;0.010;
39982;0.651;0.009;0.045;0.274;0.003;0.001;0.017;
40461;0.447;0.007;0.040;0.470;0.006;0.001;0.030;
40803;0.231;0.003;0.025;0.733;0.003;0.001;0.004;
41216;0.385;0.005;0.085;0.489;0.004;0.001;0.031;
41761;0.470;0.007;0.095;0.361;0.005;0.003;0.059;
42117;0.313;0.010;0.076;0.577;0.002;0.002;0.020;
42429;0.324;0.006;0.024;0.621;0.009;0.002;0.014;
42963;0.676;0.006;0.056;0.239;0.007;0.001;0.015;
43362;0.704;0.004;0.064;0.188;0.006;0.003;0.031;
43642;0.719;0.012;0.032;0.218;0.006;0.002;0.011;
44156;0.543;0.006;0.052;0.358;0.010;0.003;0.029;
44509;0.319;0.013;0.053;0.605;0.001;0.001;0.009;
44821;0.242;0.003;0.045;0.698;0.002;0.001;0.009;
45416;0.190;0.003;0.071;0.717;0.002;0.001;0.015;
45809;0.040;0.005;0.010;0.942;0.001;0.000;0.001;
46173;0.106;0.014;0.024;0.854;0.001;0.000;0.001;
46692;0.226;0.009;0.083;0.671;0.003;0.003;0.006;
47038;0.492;0.012;0.041;0.444;0.004;0.000;0.005;
47572;0.789;0.008;0.070;0.112;0.005;0.001;0.015;
48011;0.539;0.010;0.032;0.408;0.002;0.001;0.008;
48446;0.658;0.010;0.067;0.134;0.003;0.005;0.123;
49092;0.777;0.008;0.071;0.050;0.003;0.015;0.075;
49488;0.556;0.017;0.069;0.010;0.008;0.052;0.288;
49903;0.325;0.013;0.179;0.008;0.014;0.079;0.382;
50524;0.060;0.005;0.125;0.006;0.006;0.038;0.759;
50921;0.113;0.004;0.185;0.007;0.004;0.010;0.677;
51270;0.263;0.006;0.180;0.094;0.004;0.007;0.446;
51811;0.084;0.007;0.142;0.008;0.007;0.031;0.720;
52215;0.096;0.018;0.148;0.013;0.093;0.018;0.615;
52527;0.046;0.002;0.221;0.003;0.004;0.012;0.713;
53105;0.048;0.002;0.367;0.002;0.006;0.004;0.570;
53498;0.057;0.004;0.445;0.007;0.008;0.120;0.358;
53777;0.044;0.005;0.717;0.005;0.014;0.063;0.152;
54381;0.057;0.008;0.604;0.005;0.024;0.089;0.213;
54718;0.175;0.050;0.322;0.024;0.225;0.042;0.161;
55362;0.068;0.011;0.235;0.006;0.021;0.098;0.561;
55888;0.135;0.016;0.185;0.006;0.033;0.022;0.603;
56333;0.407;0.167;0.184;0.006;0.066;0.074;0.095;
56942;0.137;0.010;0.111;0.007;0.004;0.160;0.570;
57422;0.187;0.012;0.104;0.004;0.006;0.092;0.594;
57727;0.431;0.012;0.193;0.006;0.030;0.039;0.289;
58257;0.194;0.011;0.160;0.005;0.006;0.098;0.526;
58742;0.060;0.019;0.829;0.002;0.023;0.021;0.046;
59142;0.145;0.022;0.466;0.003;0.016;0.040;0.307;
59827;0.073;0.019;0.638;0.004;0.047;0.034;0.185;
60385;0.049;0.006;0.144;0.003;0.005;0.011;0.783;
60703;0.394;0.022;0.130;0.007;0.037;0.011;0.398;
61360;0.088;0.015;0.114;0.005;0.006;0.052;0.720;
61785;0.778;0.010;0.096;0.015;0.058;0.012;0.030;
62069;0.442;0.032;0.104;0.016;0.319;0.012;0.076;
62613;0.670;0.014;0.114;0.005;0.021;0.008;0.169;
62954;0.430;0.009;0.179;0.008;0.034;0.004;0.334;
63278;0.859;0.004;0.073;0.023;0.006;0.001;0.034;
64003;0.853;0.012;0.068;0.013;0.015;0.002;0.036;
64452;0.583;0.024;0.145;0.011;0.116;0.012;0.109;
64792;0.498;0.011;0.221;0.007;0.047;0.002;0.213;
65321;0.477;0.026;0.318;0.006;0.088;0.017;0.067;
65716;0.281;0.042;0.245;0.005;0.032;0.045;0.349;
66098;0.312;0.006;0.185;0.002;0.002;0.023;0.469;
66728;0.770;0.011;0.105;0.008;0.003;0.029;0.075;
67275;0.471;0.008;0.100;0.381;0.009;0.014;0.018;
67552;0.425;0.005;0.040;0.513;0.008;0.001;0.007;
68028;0.654;0.008;0.045;0.274;0.009;0.002;0.008;
68415;0.799;0.011;0.042;0.111;0.023;0.003;0.011;
68868;0.734;0.010;0.061;0.181;0.005;0.001;0.008;
69174;0.497;0.008;0.089;0.393;0.003;0.001;0.010;
69680;0.489;0.007;0.110;0.359;0.005;0.003;0.027;
70054;0.233;0.013;0.037;0.710;0.001;0.001;0.005;
70293;0.401;0.008;0.051;0.530;0.002;0.001;0.006;
70811;0.396;0.012;0.056;0.519;0.002;0.003;0.012;
71130;0.560;0.021;0.066;0.336;0.002;0.002;0.014;
71427;0.523;0.019;0.170;0.251;0.003;0.006;0.028;
72079;0.569;0.012;0.109;0.285;0.002;0.002;0.021;
72587;0.264;0.009;0.040;0.676;0.002;0.001;0.007;
72855;0.132;0.005;0.048;0.807;0.001;0.001;0.007;
73374;0.343;0.009;0.072;0.564;0.002;0.001;0.010;
73741;0.421;0.011;0.110;0.413;0.003;0.003;0.039;
74006;0.712;0.010;0.125;0.132;0.002;0.001;0.019;
74530;0.268;0.008;0.091;0.619;0.002;0.001;0.009;
74937;0.617;0.020;0.077;0.276;0.003;0.001;0.007;
75275;0.294;0.008;0.051;0.635;0.002;0.001;0.009;
75804;0.059;0.004;0.075;0.848;0.001;0.002;0.010;
76174;0.180;0.009;0.125;0.663;0.004;0.003;0.016;
76541;0.304;0.009;0.017;0.662;0.005;0.001;0.002;
77150;0.800;0.008;0.077;0.069;0.008;0.001;0.036;
77494;0.220;0.008;0.057;0.709;0.001;0.001;0.004;
78030;0.251;0.005;0.040;0.694;0.005;0.000;0.004;
78277;0.624;0.015;0.089;0.256;0.002;0.002;0.013;
78784;0.712;0.037;0.024;0.198;0.020;0.001;0.008;
79125;0.494;0.010;0.066;0.410;0.005;0.001;0.014;
79593;0.651;0.020;0.051;0.265;0.002;0.002;0.010;
79968;0.666;0.011;0.057;0.240;0.004;0.002;0.020;
80209;0.821;0.011;0.088;0.054;0.003;0.001;0.023;
80755;0.564;0.009;0.151;0.232;0.006;0.002;0.036;
81158;0.840;0.023;0.029;0.056;0.037;0.003;0.013;
81413;0.463;0.012;0.098;0.007;0.021;0.005;0.394;
81756;0.351;0.048;0.209;0.015;0.190;0.020;0.167;
