63;0.832;0.037;0.022;0.084;0.003;0.008;0.014;
157;0.801;0.015;0.054;0.088;0.002;0.004;0.036;
238;0.805;0.013;0.067;0.083;0.001;0.003;0.028;
404;0.760;0.026;0.043;0.147;0.002;0.005;0.018;
539;0.821;0.011;0.053;0.096;0.002;0.003;0.013;
632;0.802;0.010;0.069;0.026;0.001;0.008;0.085;
829;0.869;0.010;0.040;0.059;0.004;0.004;0.014;
922;0.658;0.025;0.021;0.266;0.009;0.003;0.017;
995;0.904;0.017;0.028;0.018;0.006;0.004;0.024;
1120;0.884;0.019;0.028;0.048;0.004;0.003;0.014;
1214;0.876;0.026;0.029;0.046;0.002;0.007;0.014;
1286;0.864;0.042;0.024;0.043;0.004;0.008;0.014;
1413;0.860;0.015;0.048;0.048;0.002;0.006;0.021;
1520;0.821;0.017;0.052;0.055;0.003;0.007;0.045;
1595;0.845;0.025;0.031;0.031;0.006;0.006;0.055;
1725;0.840;0.010;0.055;0.030;0.004;0.007;0.054;
1851;0.682;0.025;0.028;0.232;0.007;0.010;0.016;
1933;0.592;0.016;0.051;0.311;0.002;0.004;0.025;
2082;0.847;0.015;0.037;0.069;0.002;0.011;0.019;
2183;0.812;0.009;0.055;0.097;0.002;0.005;0.019;
2253;0.821;0.009;0.049;0.053;0.008;0.005;0.055;
2385;0.738;0.018;0.078;0.034;0.001;0.004;0.127;
2490;0.738;0.011;0.071;0.132;0.002;0.003;0.044;
2584;0.846;0.041;0.026;0.045;0.005;0.011;0.026;
2744;0.628;0.014;0.139;0.130;0.003;0.005;0.081;
2847;0.779;0.008;0.076;0.064;0.002;0.004;0.066;
2968;0.746;0.015;0.047;0.148;0.004;0.007;0.033;
3156;0.729;0.022;0.063;0.140;0.002;0.003;0.040;
3318;0.826;0.024;0.052;0.049;0.001;0.007;0.041;
3447;0.822;0.011;0.048;0.081;0.002;0.004;0.032;
3624;0.886;0.011;0.039;0.026;0.002;0.006;0.029;
3755;0.684;0.010;0.051;0.234;0.004;0.005;0.012;
3850;0.812;0.016;0.044;0.099;0.002;0.008;0.019;
4021;0.645;0.011;0.058;0.263;0.003;0.004;0.017;
4160;0.621;0.016;0.064;0.245;0.002;0.008;0.043;
4255;0.805;0.012;0.037;0.099;0.004;0.010;0.033;
4454;0.841;0.007;0.071;0.045;0.001;0.007;0.028;
4616;0.888;0.011;0.052;0.025;0.001;0.004;0.020;
4765;0.629;0.011;0.075;0.239;0.003;0.008;0.037;
4974;0.851;0.008;0.051;0.029;0.001;0.006;0.053;
5128;0.701;0.005;0.075;0.054;0.005;0.009;0.152;
5270;0.814;0.011;0.037;0.097;0.002;0.005;0.033;
5473;0.762;0.018;0.034;0.138;0.007;0.008;0.033;
5626;0.770;0.017;0.059;0.105;0.002;0.003;0.044;
5741;0.683;0.016;0.057;0.208;0.002;0.002;0.032;
6005;0.555;0.014;0.038;0.348;0.003;0.004;0.038;
6172;0.838;0.011;0.035;0.049;0.005;0.013;0.049;
6265;0.698;0.016;0.036;0.228;0.003;0.003;0.016;
6443;0.752;0.006;0.090;0.108;0.003;0.007;0.035;
6571;0.756;0.012;0.082;0.113;0.002;0.002;0.033;
6667;0.845;0.019;0.038;0.074;0.003;0.002;0.018;
6857;0.828;0.019;0.039;0.084;0.003;0.001;0.025;
6985;0.793;0.034;0.041;0.106;0.004;0.001;0.022;
7077;0.848;0.040;0.041;0.027;0.002;0.003;0.040;
7252;0.762;0.013;0.031;0.176;0.006;0.002;0.009;
7381;0.762;0.019;0.053;0.019;0.002;0.004;0.141;
7502;0.838;0.050;0.024;0.055;0.006;0.003;0.024;
7674;0.708;0.019;0.041;0.211;0.005;0.002;0.014;
7880;0.856;0.013;0.055;0.038;0.003;0.001;0.034;
7997;0.750;0.020;0.021;0.186;0.011;0.002;0.010;
8169;0.768;0.024;0.049;0.065;0.003;0.002;0.089;
8290;0.824;0.036;0.023;0.089;0.013;0.002;0.012;
8393;0.808;0.019;0.035;0.120;0.006;0.001;0.010;
8612;0.896;0.013;0.021;0.038;0.018;0.002;0.013;
8767;0.869;0.016;0.042;0.024;0.005;0.001;0.043;
8870;0.877;0.024;0.036;0.026;0.003;0.002;0.031;
9081;0.867;0.025;0.035;0.048;0.003;0.003;0.019;
9216;0.874;0.015;0.034;0.025;0.004;0.006;0.043;
9315;0.862;0.011;0.051;0.013;0.003;0.004;0.057;
9514;0.818;0.008;0.078;0.030;0.002;0.002;0.062;
9651;0.852;0.022;0.040;0.072;0.002;0.003;0.009;
9753;0.697;0.017;0.089;0.035;0.002;0.002;0.158;
9939;0.826;0.010;0.073;0.027;0.002;0.002;0.062;
10077;0.766;0.009;0.044;0.164;0.005;0.001;0.011;
10185;0.861;0.016;0.033;0.066;0.004;0.003;0.018;
10377;0.883;0.017;0.027;0.036;0.005;0.003;0.029;
10549;0.813;0.019;0.054;0.051;0.002;0.002;0.058;
10650;0.797;0.025;0.044;0.111;0.002;0.003;0.018;
10835;0.795;0.026;0.035;0.119;0.004;0.004;0.018;
10933;0.845;0.012;0.044;0.075;0.003;0.002;0.017;
11005;0.861;0.022;0.032;0.068;0.004;0.003;0.010;
11135;0.832;0.011;0.069;0.057;0.001;0.003;0.027;
11230;0.886;0.016;0.048;0.031;0.001;0.002;0.016;
11308;0.752;0.012;0.070;0.014;0.002;0.002;0.148;
11446;0.865;0.031;0.037;0.039;0.003;0.003;0.021;
11567;0.830;0.017;0.031;0.099;0.007;0.002;0.014;
11673;0.780;0.027;0.037;0.121;0.003;0.003;0.029;
11839;0.749;0.026;0.045;0.148;0.002;0.006;0.024;
11954;0.871;0.012;0.050;0.022;0.003;0.002;0.040;
12048;0.824;0.016;0.070;0.048;0.001;0.002;0.038;
12197;0.812;0.023;0.033;0.121;0.004;0.001;0.005;
12301;0.866;0.012;0.046;0.058;0.003;0.001;0.014;
12381;0.842;0.026;0.018;0.087;0.015;0.002;0.010;
12530;0.853;0.028;0.021;0.072;0.008;0.004;0.013;
12640;0.875;0.023;0.027;0.057;0.003;0.002;0.012;
12731;0.818;0.018;0.048;0.076;0.002;0.003;0.035;
12923;0.869;0.033;0.038;0.043;0.002;0.003;0.012;
13069;0.792;0.016;0.061;0.034;0.001;0.013;0.082;
13181;0.872;0.017;0.041;0.035;0.003;0.004;0.029;
13484;0.851;0.013;0.043;0.061;0.006;0.002;0.024;
13653;0.805;0.025;0.034;0.109;0.003;0.005;0.018;
13777;0.820;0.010;0.060;0.063;0.002;0.004;0.041;
13966;0.819;0.013;0.048;0.090;0.003;0.005;0.021;
14101;0.851;0.009;0.074;0.008;0.001;0.006;0.051;
14205;0.128;0.019;0.139;0.004;0.003;0.016;0.692;
14381;0.286;0.037;0.130;0.006;0.002;0.004;0.536;
14564;0.800;0.027;0.075;0.012;0.001;0.002;0.083;
14671;0.799;0.022;0.091;0.015;0.000;0.004;0.069;
14874;0.782;0.008;0.077;0.018;0.002;0.001;0.113;
15007;0.578;0.014;0.086;0.015;0.001;0.002;0.304;
15108;0.751;0.011;0.072;0.044;0.001;0.002;0.119;
15333;0.830;0.017;0.048;0.067;0.001;0.003;0.035;
15476;0.864;0.034;0.038;0.020;0.001;0.006;0.037;
15595;0.739;0.011;0.126;0.098;0.001;0.002;0.023;
15776;0.752;0.024;0.069;0.106;0.002;0.002;0.045;
15901;0.709;0.018;0.060;0.025;0.001;0.003;0.184;
16028;0.858;0.016;0.036;0.054;0.001;0.006;0.030;
16228;0.870;0.025;0.027;0.045;0.001;0.006;0.026;
16359;0.893;0.011;0.041;0.022;0.001;0.002;0.029;
16452;0.777;0.049;0.044;0.106;0.001;0.004;0.019;
16629;0.851;0.028;0.027;0.068;0.002;0.003;0.021;
16756;0.877;0.012;0.022;0.047;0.004;0.003;0.035;
16858;0.793;0.021;0.022;0.141;0.004;0.003;0.015;
17034;0.827;0.009;0.049;0.068;0.001;0.002;0.044;
17190;0.840;0.024;0.033;0.065;0.002;0.002;0.034;
