142;0.766;0.010;0.055;0.146;0.003;0.002;0.017;
316;0.796;0.012;0.041;0.128;0.006;0.003;0.015;
419;0.643;0.029;0.057;0.245;0.001;0.004;0.020;
607;0.699;0.027;0.039;0.200;0.003;0.004;0.029;
756;0.857;0.026;0.031;0.064;0.003;0.002;0.017;
856;0.854;0.017;0.031;0.058;0.010;0.002;0.027;
1038;0.862;0.016;0.045;0.039;0.003;0.003;0.032;
1202;0.884;0.022;0.030;0.023;0.005;0.005;0.030;
1324;0.855;0.018;0.037;0.036;0.004;0.003;0.047;
1519;0.859;0.028;0.039;0.037;0.005;0.003;0.029;
1652;0.866;0.036;0.032;0.027;0.004;0.007;0.028;
1850;0.842;0.028;0.041;0.042;0.004;0.005;0.039;
2072;0.831;0.060;0.023;0.045;0.005;0.008;0.027;
2204;0.838;0.042;0.045;0.055;0.002;0.003;0.014;
2302;0.847;0.029;0.022;0.077;0.004;0.006;0.014;
2498;0.752;0.045;0.019;0.165;0.003;0.006;0.010;
2627;0.733;0.053;0.029;0.163;0.003;0.006;0.014;
2759;0.829;0.020;0.047;0.066;0.002;0.003;0.034;
2960;0.678;0.024;0.040;0.242;0.003;0.002;0.012;
3094;0.765;0.010;0.090;0.002;0.001;0.007;0.125;
3191;0.616;0.010;0.138;0.001;0.000;0.015;0.221;
3367;0.758;0.015;0.108;0.002;0.000;0.008;0.108;
3524;0.776;0.028;0.075;0.008;0.001;0.006;0.106;
3621;0.836;0.013;0.056;0.024;0.001;0.003;0.068;
3804;0.759;0.015;0.073;0.009;0.001;0.004;0.138;
3903;0.744;0.013;0.075;0.007;0.001;0.006;0.155;
4134;0.809;0.018;0.064;0.016;0.001;0.004;0.090;
4360;0.788;0.016;0.058;0.016;0.001;0.004;0.117;
4459;0.840;0.019;0.062;0.010;0.001;0.003;0.064;
4658;0.424;0.023;0.092;0.001;0.001;0.013;0.447;
4786;0.736;0.008;0.089;0.002;0.001;0.005;0.158;
4885;0.827;0.021;0.083;0.011;0.001;0.006;0.052;
5078;0.810;0.008;0.093;0.007;0.001;0.006;0.075;
5219;0.757;0.008;0.080;0.008;0.001;0.010;0.135;
5321;0.683;0.010;0.069;0.004;0.001;0.017;0.216;
5501;0.822;0.013;0.060;0.009;0.001;0.008;0.087;
5648;0.768;0.012;0.051;0.004;0.001;0.020;0.145;
5777;0.750;0.008;0.100;0.019;0.001;0.002;0.120;
5955;0.848;0.014;0.049;0.012;0.002;0.006;0.069;
6090;0.856;0.020;0.054;0.018;0.001;0.006;0.045;
6210;0.854;0.030;0.041;0.011;0.002;0.005;0.056;
6396;0.893;0.026;0.035;0.015;0.003;0.004;0.025;
6537;0.835;0.008;0.056;0.015;0.002;0.005;0.078;
6635;0.800;0.018;0.061;0.009;0.001;0.007;0.104;
6889;0.804;0.018;0.085;0.071;0.001;0.003;0.017;
7020;0.884;0.014;0.042;0.019;0.001;0.004;0.035;
7116;0.895;0.023;0.023;0.025;0.003;0.005;0.028;
7331;0.849;0.013;0.030;0.023;0.010;0.009;0.067;
7465;0.859;0.023;0.032;0.037;0.002;0.005;0.042;
7576;0.855;0.032;0.023;0.069;0.003;0.002;0.016;
7780;0.860;0.024;0.045;0.032;0.001;0.002;0.034;
7914;0.856;0.033;0.035;0.027;0.002;0.005;0.043;
8026;0.383;0.025;0.060;0.004;0.002;0.007;0.520;
8260;0.792;0.012;0.055;0.004;0.003;0.005;0.128;
8411;0.197;0.013;0.369;0.006;0.005;0.049;0.361;
8513;0.573;0.011;0.160;0.001;0.000;0.021;0.234;
8694;0.618;0.024;0.188;0.001;0.000;0.015;0.153;
8862;0.670;0.044;0.117;0.001;0.001;0.045;0.121;
8968;0.711;0.064;0.136;0.002;0.001;0.038;0.048;
9143;0.618;0.058;0.109;0.002;0.001;0.103;0.109;
9273;0.769;0.080;0.049;0.002;0.001;0.055;0.044;
9378;0.801;0.040;0.053;0.001;0.001;0.033;0.071;
9586;0.376;0.088;0.155;0.007;0.004;0.024;0.346;
9722;0.727;0.070;0.063;0.001;0.001;0.027;0.112;
9819;0.741;0.039;0.086;0.002;0.000;0.019;0.113;
10011;0.413;0.047;0.110;0.003;0.002;0.016;0.409;
10144;0.620;0.020;0.090;0.001;0.000;0.013;0.257;
10273;0.806;0.022;0.096;0.001;0.000;0.032;0.043;
10454;0.683;0.013;0.137;0.001;0.001;0.039;0.127;
10608;0.791;0.030;0.061;0.001;0.001;0.041;0.075;
10704;0.799;0.010;0.125;0.001;0.001;0.012;0.053;
10879;0.768;0.008;0.095;0.001;0.001;0.017;0.111;
11019;0.794;0.015;0.089;0.001;0.001;0.012;0.088;
11132;0.827;0.014;0.093;0.002;0.001;0.011;0.053;
11313;0.772;0.007;0.126;0.001;0.000;0.010;0.082;
11444;0.687;0.013;0.089;0.001;0.000;0.030;0.179;
11545;0.857;0.012;0.064;0.001;0.001;0.023;0.042;
11755;0.725;0.014;0.099;0.002;0.001;0.008;0.153;
11888;0.853;0.011;0.090;0.002;0.001;0.013;0.030;
11984;0.858;0.021;0.036;0.004;0.001;0.018;0.062;
12195;0.844;0.019;0.056;0.002;0.001;0.018;0.060;
12332;0.823;0.010;0.058;0.006;0.002;0.010;0.090;
12428;0.886;0.018;0.048;0.003;0.001;0.008;0.035;
12606;0.897;0.024;0.037;0.008;0.002;0.010;0.023;
12746;0.878;0.019;0.041;0.014;0.002;0.008;0.039;
12847;0.894;0.014;0.045;0.009;0.001;0.009;0.028;
13023;0.895;0.020;0.046;0.009;0.001;0.009;0.020;
13201;0.854;0.012;0.055;0.012;0.001;0.009;0.057;
13312;0.564;0.021;0.090;0.004;0.001;0.006;0.314;
13491;0.836;0.014;0.081;0.010;0.001;0.005;0.054;
13622;0.882;0.013;0.034;0.005;0.001;0.018;0.048;
13721;0.889;0.018;0.044;0.006;0.003;0.006;0.034;
13910;0.803;0.017;0.065;0.009;0.001;0.005;0.099;
14072;0.915;0.017;0.035;0.009;0.002;0.008;0.013;
14201;0.787;0.014;0.054;0.116;0.001;0.007;0.020;
14393;0.811;0.038;0.048;0.057;0.001;0.009;0.036;
14537;0.819;0.052;0.064;0.025;0.001;0.028;0.010;
14669;0.586;0.204;0.031;0.044;0.003;0.109;0.024;
14890;0.677;0.151;0.032;0.073;0.002;0.047;0.018;
15030;0.740;0.154;0.031;0.013;0.002;0.037;0.024;
15132;0.758;0.142;0.028;0.028;0.002;0.029;0.014;
15316;0.765;0.117;0.032;0.050;0.001;0.027;0.008;
15455;0.813;0.086;0.020;0.045;0.003;0.022;0.012;
15566;0.690;0.154;0.042;0.077;0.001;0.009;0.028;
15755;0.767;0.116;0.013;0.024;0.003;0.017;0.062;
15918;0.261;0.353;0.019;0.044;0.012;0.029;0.283;
16026;0.421;0.397;0.013;0.045;0.003;0.049;0.073;
16250;0.402;0.365;0.013;0.084;0.003;0.038;0.095;
16399;0.539;0.014;0.116;0.002;0.003;0.230;0.095;
16513;0.629;0.010;0.089;0.208;0.003;0.007;0.054;
16723;0.419;0.011;0.043;0.509;0.002;0.004;0.011;
16875;0.724;0.055;0.077;0.047;0.005;0.008;0.084;
16991;0.829;0.029;0.050;0.047;0.009;0.007;0.029;
17216;0.836;0.021;0.073;0.050;0.008;0.002;0.010;
17349;0.647;0.014;0.226;0.040;0.002;0.004;0.068;
17668;0.808;0.013;0.070;0.029;0.003;0.005;0.072;
17904;0.589;0.019;0.236;0.031;0.001;0.002;0.120;
18091;0.453;0.040;0.173;0.094;0.004;0.007;0.230;
18340;0.602;0.023;0.149;0.077;0.003;0.004;0.142;
18643;0.543;0.015;0.131;0.044;0.001;0.006;0.260;
18760;0.583;0.030;0.129;0.087;0.004;0.005;0.161;
18983;0.793;0.014;0.069;0.034;0.001;0.007;0.081;
19109;0.592;0.031;0.196;0.064;0.002;0.006;0.109;
19203;0.783;0.015;0.102;0.063;0.001;0.004;0.032;
19421;0.358;0.055;0.168;0.151;0.007;0.011;0.250;
19569;0.848;0.028;0.050;0.025;0.002;0.006;0.041;
19756;0.684;0.021;0.144;0.079;0.002;0.004;0.065;
20032;0.555;0.020;0.157;0.218;0.003;0.005;0.042;
20175;0.656;0.021;0.117;0.103;0.002;0.005;0.097;
20283;0.631;0.026;0.174;0.042;0.001;0.005;0.122;
20472;0.845;0.012;0.065;0.039;0.001;0.003;0.036;
20632;0.826;0.019;0.048;0.047;0.001;0.008;0.051;
20905;0.795;0.011;0.108;0.049;0.001;0.003;0.033;
21076;0.454;0.032;0.224;0.111;0.004;0.006;0.169;
21217;0.808;0.009;0.069;0.085;0.002;0.003;0.024;
21486;0.625;0.019;0.119;0.044;0.001;0.006;0.186;
21684;0.757;0.012;0.128;0.054;0.001;0.006;0.041;
21826;0.482;0.031;0.214;0.077;0.004;0.008;0.184;
22038;0.754;0.015;0.125;0.060;0.001;0.007;0.037;
22184;0.777;0.061;0.028;0.002;0.003;0.049;0.080;
22294;0.720;0.012;0.122;0.062;0.001;0.005;0.077;
22503;0.518;0.021;0.207;0.058;0.002;0.006;0.188;
22650;0.486;0.025;0.204;0.074;0.003;0.008;0.201;
22756;0.515;0.036;0.172;0.177;0.006;0.011;0.084;
22955;0.700;0.022;0.084;0.072;0.001;0.012;0.109;
23102;0.559;0.024;0.182;0.162;0.005;0.009;0.059;
23202;0.772;0.020;0.097;0.050;0.001;0.005;0.055;
23419;0.498;0.026;0.158;0.056;0.002;0.006;0.254;
23556;0.301;0.023;0.318;0.069;0.004;0.006;0.280;
23664;0.543;0.028;0.131;0.144;0.004;0.007;0.142;
23849;0.556;0.024;0.240;0.076;0.002;0.005;0.096;
24025;0.719;0.012;0.152;0.078;0.002;0.005;0.032;
24148;0.756;0.030;0.097;0.074;0.001;0.005;0.037;
24369;0.618;0.018;0.205;0.085;0.002;0.006;0.066;
24525;0.778;0.009;0.117;0.045;0.001;0.005;0.045;
24625;0.618;0.028;0.132;0.074;0.002;0.005;0.141;
24804;0.410;0.030;0.149;0.068;0.002;0.008;0.332;
24963;0.821;0.010;0.086;0.032;0.001;0.007;0.042;
25067;0.735;0.017;0.093;0.052;0.001;0.005;0.097;
25252;0.733;0.024;0.084;0.091;0.002;0.003;0.063;
25379;0.675;0.040;0.097;0.065;0.001;0.008;0.114;
25478;0.880;0.014;0.050;0.034;0.002;0.004;0.015;
25691;0.826;0.014;0.060;0.066;0.001;0.005;0.027;
25827;0.815;0.011;0.079;0.056;0.002;0.002;0.036;
25920;0.727;0.011;0.138;0.019;0.000;0.004;0.100;
26099;0.821;0.012;0.084;0.022;0.001;0.004;0.057;
26239;0.847;0.010;0.083;0.028;0.001;0.004;0.027;
26366;0.756;0.015;0.078;0.013;0.001;0.005;0.133;
26543;0.709;0.020;0.060;0.021;0.001;0.011;0.177;
26694;0.835;0.024;0.044;0.011;0.001;0.011;0.074;
26793;0.899;0.014;0.041;0.022;0.001;0.008;0.016;
26983;0.858;0.018;0.026;0.024;0.002;0.015;0.058;
27111;0.719;0.020;0.065;0.034;0.002;0.007;0.153;
27214;0.619;0.012;0.061;0.020;0.006;0.007;0.276;
27405;0.801;0.012;0.093;0.058;0.002;0.002;0.032;
27550;0.799;0.019;0.064;0.086;0.002;0.003;0.027;
27650;0.848;0.010;0.067;0.050;0.002;0.003;0.021;
27869;0.805;0.013;0.082;0.028;0.001;0.003;0.068;
28001;0.803;0.036;0.039;0.042;0.002;0.005;0.073;
28106;0.863;0.019;0.034;0.051;0.002;0.004;0.028;
28304;0.807;0.007;0.093;0.049;0.002;0.003;0.039;
28436;0.815;0.009;0.084;0.070;0.002;0.003;0.018;
28542;0.804;0.013;0.046;0.099;0.002;0.010;0.025;
28753;0.871;0.010;0.063;0.043;0.001;0.004;0.007;
28906;0.850;0.013;0.025;0.090;0.005;0.008;0.010;
29024;0.880;0.010;0.032;0.045;0.003;0.011;0.019;
29235;0.834;0.019;0.028;0.091;0.005;0.005;0.017;
29440;0.830;0.014;0.061;0.073;0.002;0.006;0.014;
29550;0.846;0.025;0.036;0.076;0.002;0.006;0.009;
29730;0.843;0.012;0.036;0.021;0.004;0.009;0.076;
29873;0.759;0.011;0.086;0.082;0.002;0.005;0.055;
29999;0.497;0.022;0.184;0.123;0.004;0.006;0.164;
30205;0.630;0.018;0.100;0.084;0.002;0.005;0.161;
30350;0.509;0.029;0.198;0.021;0.001;0.008;0.234;
30463;0.788;0.016;0.108;0.062;0.001;0.004;0.020;
30663;0.669;0.027;0.148;0.028;0.001;0.005;0.123;
30801;0.814;0.007;0.099;0.051;0.001;0.006;0.022;
30946;0.553;0.014;0.179;0.047;0.001;0.003;0.202;
31132;0.732;0.010;0.173;0.028;0.001;0.002;0.054;
31287;0.564;0.014;0.218;0.064;0.001;0.004;0.133;
31394;0.803;0.009;0.146;0.015;0.001;0.002;0.024;
31604;0.635;0.013;0.124;0.027;0.001;0.005;0.196;
31736;0.752;0.019;0.105;0.012;0.001;0.005;0.106;
31838;0.824;0.010;0.072;0.050;0.002;0.003;0.039;
32027;0.661;0.019;0.082;0.067;0.002;0.004;0.166;
32159;0.725;0.025;0.082;0.040;0.002;0.003;0.123;
32265;0.875;0.014;0.045;0.007;0.002;0.009;0.048;
32466;0.796;0.040;0.071;0.010;0.001;0.007;0.076;
32610;0.304;0.028;0.143;0.010;0.001;0.009;0.505;
32707;0.377;0.013;0.104;0.012;0.001;0.006;0.488;
32880;0.748;0.030;0.083;0.014;0.001;0.007;0.118;
33013;0.579;0.025;0.124;0.019;0.001;0.006;0.246;
33116;0.607;0.023;0.146;0.016;0.001;0.005;0.203;
33302;0.750;0.025;0.104;0.015;0.001;0.004;0.100;
33431;0.653;0.043;0.128;0.017;0.001;0.009;0.149;
33526;0.643;0.032;0.075;0.008;0.001;0.007;0.233;
33699;0.641;0.029;0.071;0.014;0.001;0.007;0.236;
33880;0.703;0.021;0.106;0.011;0.001;0.004;0.155;
33978;0.409;0.027;0.145;0.007;0.001;0.007;0.404;
34188;0.480;0.024;0.111;0.005;0.000;0.023;0.356;
34353;0.302;0.023;0.179;0.092;0.003;0.006;0.394;
34454;0.656;0.007;0.129;0.018;0.001;0.005;0.185;
34639;0.585;0.023;0.111;0.022;0.001;0.004;0.255;
34767;0.868;0.024;0.052;0.029;0.001;0.007;0.018;
34879;0.536;0.022;0.208;0.162;0.006;0.009;0.056;
35053;0.599;0.012;0.194;0.054;0.001;0.005;0.135;
35188;0.809;0.007;0.110;0.029;0.001;0.005;0.039;
35315;0.822;0.005;0.120;0.023;0.001;0.004;0.025;
35502;0.578;0.010;0.272;0.057;0.001;0.005;0.077;
35628;0.441;0.019;0.248;0.044;0.001;0.004;0.242;
35723;0.404;0.016;0.281;0.109;0.004;0.007;0.178;
35891;0.655;0.011;0.201;0.078;0.002;0.004;0.050;
36023;0.756;0.008;0.109;0.068;0.002;0.003;0.054;
36116;0.525;0.030;0.141;0.058;0.002;0.004;0.240;
36301;0.711;0.016;0.087;0.042;0.001;0.005;0.138;
36435;0.285;0.029;0.158;0.011;0.002;0.009;0.507;
36543;0.716;0.019;0.101;0.009;0.000;0.007;0.149;
36744;0.870;0.015;0.068;0.008;0.001;0.004;0.033;
36875;0.874;0.041;0.031;0.026;0.002;0.006;0.019;
36987;0.788;0.034;0.047;0.004;0.004;0.011;0.112;
37186;0.873;0.016;0.047;0.016;0.003;0.005;0.042;
37338;0.677;0.016;0.101;0.004;0.001;0.005;0.197;
37451;0.701;0.024;0.102;0.007;0.001;0.004;0.161;
37638;0.637;0.026;0.102;0.009;0.001;0.004;0.222;
37768;0.536;0.015;0.207;0.025;0.001;0.002;0.213;
37881;0.709;0.015;0.084;0.026;0.001;0.006;0.160;
38070;0.879;0.017;0.052;0.034;0.001;0.003;0.013;
38234;0.570;0.015;0.182;0.017;0.001;0.003;0.212;
38348;0.804;0.009;0.099;0.020;0.001;0.003;0.064;
38577;0.685;0.015;0.151;0.035;0.001;0.002;0.110;
38721;0.593;0.026;0.155;0.045;0.001;0.004;0.175;
38839;0.788;0.021;0.079;0.020;0.001;0.006;0.086;
39049;0.765;0.016;0.089;0.012;0.001;0.006;0.112;
39180;0.874;0.014;0.049;0.023;0.002;0.005;0.032;
39278;0.731;0.006;0.143;0.007;0.000;0.005;0.108;
39443;0.811;0.012;0.059;0.021;0.001;0.012;0.084;
39603;0.405;0.021;0.122;0.005;0.001;0.004;0.443;
39730;0.868;0.017;0.045;0.007;0.001;0.013;0.048;
39901;0.794;0.016;0.075;0.012;0.001;0.004;0.098;
40034;0.678;0.019;0.104;0.008;0.001;0.006;0.184;
40140;0.846;0.009;0.052;0.008;0.002;0.010;0.073;
40316;0.854;0.012;0.060;0.004;0.001;0.012;0.057;
40446;0.820;0.009;0.106;0.007;0.001;0.004;0.053;
40557;0.841;0.034;0.056;0.013;0.001;0.005;0.051;
40733;0.865;0.044;0.037;0.010;0.001;0.011;0.032;
40863;0.659;0.032;0.113;0.019;0.001;0.005;0.172;
40956;0.885;0.019;0.054;0.013;0.001;0.005;0.023;
41173;0.804;0.015;0.088;0.012;0.001;0.003;0.078;
41310;0.446;0.027;0.097;0.004;0.001;0.006;0.418;
41407;0.628;0.020;0.096;0.005;0.001;0.005;0.245;
41582;0.618;0.022;0.104;0.006;0.001;0.006;0.243;
41719;0.824;0.026;0.049;0.009;0.001;0.007;0.084;
41813;0.634;0.032;0.121;0.011;0.001;0.005;0.197;
41982;0.760;0.025;0.057;0.005;0.001;0.014;0.139;
42111;0.903;0.026;0.032;0.016;0.005;0.004;0.014;
42221;0.852;0.026;0.054;0.019;0.001;0.002;0.044;
42394;0.832;0.038;0.047;0.009;0.001;0.008;0.065;
42557;0.743;0.015;0.108;0.013;0.001;0.004;0.117;
42653;0.870;0.022;0.050;0.020;0.001;0.005;0.032;
42841;0.802;0.029;0.101;0.013;0.001;0.003;0.051;
42968;0.646;0.031;0.111;0.019;0.001;0.006;0.186;
43067;0.784;0.013;0.090;0.049;0.001;0.003;0.061;
43244;0.766;0.016;0.089;0.011;0.001;0.008;0.109;
43381;0.801;0.017;0.086;0.007;0.000;0.009;0.080;
43479;0.846;0.012;0.055;0.005;0.002;0.008;0.071;
43654;0.727;0.014;0.098;0.009;0.001;0.004;0.146;
43795;0.533;0.026;0.094;0.005;0.001;0.005;0.336;
43935;0.691;0.026;0.117;0.009;0.001;0.006;0.150;
44168;0.622;0.029;0.092;0.020;0.001;0.008;0.229;
44345;0.150;0.012;0.399;0.014;0.002;0.006;0.418;
44451;0.081;0.027;0.267;0.016;0.003;0.009;0.597;
44637;0.141;0.036;0.382;0.033;0.005;0.008;0.395;
44773;0.243;0.045;0.241;0.042;0.005;0.009;0.417;
44884;0.367;0.021;0.180;0.024;0.001;0.005;0.402;
45071;0.778;0.010;0.107;0.038;0.001;0.003;0.064;
45202;0.873;0.006;0.067;0.019;0.001;0.005;0.029;
45296;0.781;0.007;0.168;0.029;0.001;0.002;0.013;
45519;0.774;0.014;0.125;0.019;0.001;0.002;0.065;
45619;0.823;0.009;0.108;0.031;0.001;0.003;0.027;
45730;0.747;0.013;0.106;0.041;0.001;0.003;0.088;
45908;0.528;0.024;0.122;0.062;0.002;0.004;0.258;
46053;0.409;0.031;0.211;0.164;0.007;0.011;0.166;
46150;0.728;0.012;0.104;0.103;0.002;0.004;0.045;
46324;0.796;0.010;0.110;0.045;0.001;0.003;0.035;
46459;0.802;0.006;0.123;0.022;0.001;0.002;0.043;
46582;0.439;0.013;0.178;0.014;0.001;0.002;0.353;
46752;0.705;0.020;0.146;0.034;0.001;0.003;0.089;
46915;0.613;0.013;0.108;0.015;0.001;0.003;0.247;
47010;0.814;0.013;0.096;0.058;0.001;0.002;0.016;
47203;0.858;0.017;0.056;0.016;0.001;0.005;0.048;
47330;0.665;0.018;0.088;0.042;0.001;0.004;0.183;
47425;0.720;0.016;0.123;0.011;0.001;0.004;0.126;
47605;0.852;0.012;0.086;0.026;0.001;0.003;0.021;
47739;0.882;0.014;0.048;0.013;0.003;0.003;0.036;
47839;0.855;0.011;0.059;0.007;0.001;0.007;0.059;
48016;0.883;0.009;0.067;0.022;0.002;0.002;0.015;
48150;0.793;0.015;0.080;0.009;0.001;0.006;0.097;
48275;0.880;0.020;0.039;0.010;0.001;0.005;0.044;
48441;0.737;0.019;0.068;0.005;0.001;0.008;0.162;
48580;0.914;0.012;0.049;0.010;0.003;0.004;0.009;
48687;0.871;0.020;0.045;0.005;0.002;0.009;0.048;
48862;0.896;0.033;0.029;0.012;0.003;0.007;0.020;
49016;0.905;0.027;0.027;0.010;0.002;0.013;0.015;
49132;0.904;0.017;0.033;0.011;0.003;0.010;0.023;
49364;0.906;0.017;0.050;0.010;0.001;0.005;0.011;
49515;0.868;0.017;0.054;0.027;0.003;0.002;0.029;
49636;0.803;0.033;0.062;0.021;0.001;0.006;0.074;
49907;0.835;0.012;0.083;0.016;0.001;0.002;0.050;
50057;0.888;0.012;0.064;0.014;0.001;0.004;0.017;
50166;0.742;0.017;0.148;0.043;0.001;0.003;0.046;
50431;0.694;0.022;0.103;0.013;0.001;0.004;0.163;
50587;0.852;0.007;0.110;0.014;0.001;0.002;0.015;
50753;0.840;0.009;0.067;0.012;0.001;0.004;0.066;
50959;0.877;0.007;0.073;0.009;0.001;0.005;0.029;
51087;0.804;0.014;0.114;0.018;0.001;0.001;0.048;
51182;0.849;0.015;0.096;0.016;0.001;0.002;0.021;
51349;0.771;0.020;0.099;0.033;0.001;0.003;0.073;
51516;0.848;0.010;0.077;0.011;0.001;0.007;0.046;
51613;0.856;0.021;0.063;0.046;0.001;0.002;0.012;
51785;0.845;0.020;0.097;0.014;0.000;0.003;0.022;
51912;0.204;0.023;0.122;0.630;0.003;0.006;0.011;
52014;0.401;0.031;0.211;0.301;0.010;0.018;0.028;
52190;0.721;0.024;0.110;0.119;0.002;0.009;0.015;
52320;0.777;0.020;0.101;0.077;0.001;0.014;0.010;
52416;0.689;0.049;0.117;0.092;0.003;0.036;0.014;
52600;0.623;0.026;0.290;0.018;0.000;0.028;0.014;
52725;0.194;0.023;0.744;0.003;0.000;0.016;0.021;
52858;0.609;0.099;0.183;0.060;0.001;0.018;0.030;
53043;0.476;0.215;0.102;0.137;0.002;0.020;0.048;
53172;0.431;0.349;0.062;0.132;0.002;0.015;0.010;
53269;0.722;0.137;0.053;0.010;0.001;0.040;0.037;
53450;0.633;0.138;0.119;0.016;0.001;0.035;0.059;
53600;0.447;0.136;0.069;0.004;0.004;0.186;0.155;
53691;0.581;0.029;0.058;0.003;0.001;0.025;0.304;
53859;0.553;0.026;0.065;0.007;0.001;0.016;0.332;
53998;0.678;0.030;0.156;0.109;0.004;0.012;0.010;
54159;0.382;0.128;0.120;0.309;0.007;0.019;0.035;
54374;0.257;0.396;0.045;0.059;0.012;0.054;0.177;
54518;0.110;0.703;0.010;0.063;0.008;0.036;0.070;
54617;0.505;0.213;0.047;0.058;0.003;0.034;0.139;
54791;0.737;0.044;0.122;0.034;0.001;0.018;0.045;
54922;0.620;0.022;0.074;0.003;0.002;0.215;0.064;
55023;0.795;0.013;0.108;0.017;0.001;0.002;0.064;
55191;0.814;0.033;0.048;0.012;0.002;0.006;0.085;
55316;0.800;0.056;0.068;0.022;0.001;0.008;0.046;
55410;0.770;0.022;0.075;0.015;0.001;0.006;0.111;
55587;0.870;0.036;0.034;0.008;0.003;0.014;0.037;
55766;0.796;0.011;0.093;0.028;0.001;0.003;0.067;
55861;0.856;0.009;0.105;0.010;0.001;0.004;0.015;
56040;0.896;0.011;0.061;0.009;0.001;0.004;0.018;
56164;0.779;0.016;0.075;0.018;0.001;0.007;0.105;
56271;0.879;0.023;0.039;0.044;0.003;0.003;0.009;
56445;0.495;0.018;0.126;0.017;0.001;0.003;0.340;
56580;0.816;0.018;0.117;0.012;0.001;0.003;0.033;
56674;0.739;0.021;0.075;0.008;0.001;0.005;0.151;
56847;0.854;0.017;0.046;0.008;0.001;0.008;0.066;
56972;0.756;0.016;0.094;0.030;0.001;0.005;0.099;
57101;0.558;0.045;0.043;0.012;0.001;0.009;0.331;
57272;0.722;0.042;0.044;0.084;0.002;0.005;0.101;
57406;0.821;0.023;0.039;0.030;0.002;0.004;0.080;
57505;0.672;0.037;0.042;0.051;0.002;0.008;0.187;
57675;0.464;0.100;0.053;0.065;0.005;0.010;0.302;
57800;0.548;0.152;0.030;0.109;0.005;0.011;0.144;
57903;0.620;0.090;0.070;0.083;0.004;0.009;0.123;
58073;0.573;0.054;0.043;0.066;0.004;0.012;0.248;
58204;0.207;0.032;0.049;0.046;0.003;0.005;0.657;
58296;0.342;0.055;0.123;0.153;0.012;0.012;0.302;
58500;0.436;0.044;0.116;0.242;0.006;0.006;0.150;
58631;0.856;0.030;0.057;0.028;0.001;0.003;0.025;
58724;0.858;0.016;0.072;0.023;0.003;0.015;0.015;
58902;0.894;0.024;0.037;0.027;0.004;0.007;0.006;
59029;0.883;0.026;0.048;0.018;0.001;0.005;0.020;
59126;0.870;0.039;0.034;0.007;0.001;0.023;0.027;
59309;0.877;0.031;0.044;0.014;0.001;0.008;0.026;
59443;0.808;0.026;0.037;0.010;0.001;0.009;0.108;
59538;0.889;0.022;0.033;0.032;0.001;0.007;0.017;
59723;0.840;0.047;0.048;0.032;0.001;0.006;0.025;
59881;0.883;0.027;0.021;0.045;0.003;0.013;0.008;
59977;0.850;0.012;0.045;0.033;0.002;0.007;0.051;
60148;0.824;0.046;0.042;0.048;0.002;0.008;0.030;
60294;0.867;0.019;0.056;0.028;0.001;0.004;0.025;
60388;0.875;0.020;0.051;0.026;0.001;0.004;0.023;
60570;0.882;0.014;0.043;0.019;0.002;0.009;0.031;
60697;0.899;0.029;0.027;0.020;0.002;0.012;0.010;
60794;0.850;0.062;0.025;0.012;0.006;0.012;0.032;
60965;0.830;0.018;0.047;0.022;0.002;0.003;0.078;
61108;0.832;0.023;0.038;0.022;0.002;0.011;0.072;
61237;0.863;0.009;0.057;0.012;0.001;0.004;0.053;
61401;0.830;0.074;0.022;0.002;0.006;0.027;0.039;
61532;0.769;0.022;0.045;0.142;0.002;0.004;0.017;
61634;0.844;0.020;0.051;0.060;0.001;0.004;0.020;
61871;0.866;0.024;0.043;0.048;0.002;0.003;0.014;
62042;0.877;0.014;0.067;0.008;0.002;0.004;0.028;
62190;0.896;0.010;0.058;0.015;0.001;0.002;0.018;
62419;0.457;0.028;0.224;0.023;0.001;0.003;0.263;
62596;0.334;0.060;0.084;0.019;0.002;0.007;0.494;
62766;0.567;0.024;0.081;0.007;0.001;0.008;0.313;
63071;0.792;0.038;0.054;0.018;0.001;0.005;0.091;
63271;0.819;0.011;0.080;0.025;0.001;0.003;0.061;
63424;0.727;0.039;0.080;0.057;0.001;0.003;0.092;
63652;0.889;0.024;0.034;0.015;0.002;0.005;0.030;
63791;0.888;0.017;0.027;0.014;0.002;0.021;0.031;
63892;0.869;0.020;0.031;0.036;0.002;0.018;0.024;
64134;0.905;0.015;0.047;0.022;0.001;0.003;0.007;
64322;0.908;0.018;0.032;0.018;0.002;0.011;0.011;
64439;0.833;0.043;0.029;0.009;0.003;0.022;0.061;
64638;0.786;0.019;0.060;0.009;0.002;0.006;0.118;
64811;0.889;0.019;0.031;0.014;0.005;0.011;0.031;
64919;0.880;0.013;0.040;0.009;0.002;0.004;0.053;
65094;0.875;0.013;0.043;0.007;0.012;0.003;0.047;
65231;0.891;0.011;0.050;0.011;0.005;0.003;0.028;
65336;0.899;0.014;0.032;0.025;0.008;0.004;0.018;
65515;0.821;0.049;0.036;0.002;0.004;0.018;0.070;
65652;0.765;0.016;0.111;0.071;0.001;0.003;0.033;
65752;0.833;0.008;0.078;0.065;0.002;0.003;0.011;
65948;0.843;0.013;0.063;0.064;0.002;0.003;0.012;
66086;0.916;0.007;0.046;0.017;0.002;0.004;0.008;
66213;0.861;0.012;0.058;0.038;0.002;0.003;0.027;
66392;0.882;0.011;0.051;0.017;0.002;0.004;0.035;
66537;0.871;0.012;0.075;0.025;0.001;0.003;0.013;
66639;0.843;0.009;0.075;0.044;0.002;0.002;0.026;
66832;0.884;0.008;0.060;0.012;0.001;0.006;0.028;
66966;0.837;0.016;0.045;0.005;0.001;0.011;0.085;
67077;0.809;0.008;0.073;0.014;0.001;0.003;0.091;
67263;0.905;0.014;0.046;0.016;0.002;0.004;0.012;
67400;0.887;0.011;0.059;0.014;0.001;0.004;0.024;
67500;0.752;0.011;0.145;0.022;0.001;0.002;0.068;
67770;0.860;0.005;0.084;0.034;0.001;0.002;0.013;
67980;0.874;0.008;0.071;0.014;0.001;0.003;0.029;
68148;0.724;0.014;0.144;0.047;0.001;0.003;0.066;
68562;0.863;0.008;0.075;0.022;0.001;0.003;0.029;
68773;0.734;0.009;0.118;0.056;0.001;0.002;0.079;
68943;0.769;0.007;0.155;0.016;0.001;0.002;0.051;
69209;0.850;0.009;0.085;0.028;0.001;0.005;0.021;
69391;0.762;0.010;0.143;0.034;0.001;0.003;0.047;
69530;0.856;0.006;0.080;0.023;0.001;0.003;0.030;
69733;0.808;0.011;0.083;0.012;0.001;0.005;0.078;
69896;0.848;0.013;0.086;0.027;0.001;0.003;0.023;
69996;0.863;0.008;0.067;0.023;0.002;0.003;0.033;
70175;0.862;0.007;0.059;0.011;0.002;0.007;0.052;
70325;0.859;0.008;0.079;0.016;0.001;0.003;0.034;
70432;0.856;0.008;0.059;0.029;0.002;0.003;0.044;
70615;0.841;0.008;0.063;0.031;0.002;0.004;0.050;
70743;0.873;0.009;0.067;0.017;0.001;0.005;0.028;
70839;0.763;0.007;0.110;0.032;0.001;0.004;0.082;
71019;0.844;0.006;0.077;0.036;0.002;0.003;0.032;
71150;0.846;0.010;0.098;0.032;0.001;0.002;0.012;
71294;0.816;0.007;0.099;0.037;0.001;0.005;0.036;
71480;0.824;0.007;0.091;0.020;0.001;0.004;0.052;
71624;0.804;0.011;0.108;0.036;0.001;0.004;0.036;
71720;0.505;0.012;0.176;0.072;0.002;0.005;0.229;
71910;0.755;0.005;0.154;0.040;0.001;0.002;0.043;
72067;0.837;0.009;0.067;0.016;0.002;0.004;0.065;
72171;0.812;0.009;0.103;0.025;0.001;0.003;0.047;
72353;0.847;0.004;0.089;0.035;0.002;0.003;0.020;
72503;0.802;0.008;0.108;0.030;0.001;0.004;0.046;
72644;0.824;0.008;0.104;0.033;0.001;0.003;0.027;
72864;0.841;0.008;0.081;0.020;0.001;0.005;0.044;
73002;0.848;0.007;0.069;0.033;0.003;0.003;0.037;
73113;0.859;0.011;0.073;0.035;0.003;0.001;0.017;
73293;0.815;0.010;0.061;0.094;0.002;0.005;0.012;
73462;0.879;0.008;0.054;0.026;0.003;0.006;0.024;
73581;0.848;0.007;0.077;0.048;0.001;0.004;0.013;
73838;0.824;0.008;0.090;0.054;0.002;0.003;0.019;
74031;0.796;0.005;0.141;0.013;0.001;0.004;0.039;
74243;0.787;0.006;0.131;0.019;0.001;0.003;0.053;
74611;0.849;0.011;0.061;0.008;0.001;0.010;0.059;
74848;0.873;0.013;0.052;0.017;0.001;0.010;0.033;
74993;0.763;0.007;0.084;0.024;0.001;0.007;0.114;
75237;0.832;0.010;0.062;0.033;0.005;0.003;0.056;
75419;0.660;0.010;0.072;0.022;0.002;0.007;0.227;
75570;0.721;0.026;0.061;0.017;0.001;0.004;0.170;
75764;0.766;0.029;0.058;0.056;0.001;0.009;0.080;
75899;0.712;0.014;0.081;0.171;0.002;0.003;0.018;
76007;0.804;0.008;0.039;0.130;0.005;0.004;0.010;
76186;0.700;0.007;0.039;0.236;0.007;0.002;0.009;
76321;0.844;0.012;0.038;0.086;0.002;0.004;0.014;
76453;0.887;0.011;0.044;0.028;0.003;0.002;0.024;
76638;0.810;0.015;0.045;0.114;0.004;0.003;0.009;
76767;0.258;0.007;0.507;0.003;0.003;0.034;0.188;
76862;0.448;0.014;0.321;0.003;0.001;0.012;0.201;
77038;0.721;0.014;0.065;0.002;0.001;0.047;0.149;
77169;0.507;0.009;0.165;0.004;0.000;0.005;0.310;
77278;0.287;0.009;0.324;0.005;0.002;0.009;0.363;
77458;0.190;0.029;0.118;0.007;0.002;0.008;0.647;
77575;0.655;0.030;0.122;0.010;0.000;0.005;0.178;
77760;0.736;0.009;0.114;0.005;0.000;0.004;0.131;
77939;0.399;0.008;0.246;0.003;0.002;0.031;0.311;
78034;0.407;0.016;0.267;0.008;0.002;0.004;0.296;
78218;0.625;0.009;0.170;0.003;0.000;0.009;0.184;
78353;0.631;0.008;0.118;0.014;0.001;0.003;0.226;
78447;0.452;0.011;0.122;0.009;0.001;0.003;0.402;
78654;0.333;0.013;0.059;0.002;0.003;0.028;0.562;
78752;0.395;0.005;0.111;0.006;0.001;0.014;0.467;
78936;0.691;0.006;0.115;0.004;0.001;0.008;0.176;
79069;0.852;0.015;0.059;0.009;0.001;0.011;0.051;
79166;0.839;0.026;0.054;0.005;0.001;0.008;0.068;
79383;0.787;0.013;0.076;0.003;0.001;0.007;0.114;
79514;0.437;0.026;0.108;0.006;0.001;0.016;0.407;
79612;0.823;0.021;0.089;0.013;0.001;0.004;0.049;
79797;0.741;0.019;0.071;0.008;0.001;0.003;0.157;
79933;0.876;0.007;0.074;0.018;0.001;0.002;0.021;
80028;0.849;0.014;0.053;0.008;0.003;0.003;0.070;
80205;0.828;0.009;0.070;0.015;0.011;0.004;0.062;
80330;0.894;0.010;0.037;0.022;0.009;0.004;0.024;
80428;0.787;0.006;0.071;0.115;0.009;0.001;0.011;
80595;0.779;0.009;0.069;0.030;0.002;0.004;0.108;
80752;0.853;0.006;0.078;0.029;0.002;0.003;0.030;
80862;0.862;0.009;0.063;0.025;0.001;0.003;0.036;
81063;0.855;0.016;0.054;0.043;0.001;0.003;0.028;
81220;0.784;0.009;0.107;0.065;0.001;0.003;0.030;
81360;0.845;0.005;0.063;0.048;0.003;0.004;0.032;
81564;0.755;0.007;0.095;0.078;0.004;0.002;0.059;
81748;0.727;0.037;0.042;0.004;0.005;0.008;0.178;
