215;0.137;0.088;0.064;0.088;0.011;0.599;0.013;
341;0.278;0.076;0.157;0.167;0.022;0.275;0.025;
424;0.376;0.028;0.388;0.145;0.012;0.031;0.019;
567;0.189;0.050;0.285;0.320;0.017;0.110;0.029;
667;0.212;0.045;0.321;0.291;0.019;0.076;0.035;
745;0.026;0.011;0.035;0.881;0.001;0.039;0.006;
867;0.298;0.044;0.312;0.249;0.018;0.047;0.032;
977;0.315;0.026;0.098;0.480;0.005;0.062;0.014;
1054;0.163;0.051;0.035;0.664;0.005;0.071;0.011;
1169;0.652;0.071;0.023;0.075;0.005;0.160;0.015;
1262;0.305;0.021;0.148;0.484;0.006;0.023;0.012;
1340;0.542;0.022;0.242;0.156;0.007;0.014;0.016;
1480;0.355;0.030;0.218;0.308;0.012;0.040;0.037;
1562;0.557;0.023;0.213;0.140;0.007;0.034;0.026;
1633;0.442;0.027;0.141;0.350;0.003;0.021;0.015;
1799;0.162;0.024;0.141;0.627;0.005;0.029;0.012;
1902;0.182;0.029;0.229;0.501;0.011;0.025;0.023;
1970;0.152;0.017;0.143;0.659;0.005;0.016;0.009;
2084;0.133;0.024;0.123;0.633;0.005;0.062;0.019;
2196;0.563;0.022;0.199;0.161;0.009;0.025;0.019;
2270;0.269;0.018;0.140;0.532;0.005;0.021;0.016;
2373;0.356;0.020;0.155;0.430;0.006;0.021;0.012;
2473;0.564;0.016;0.175;0.183;0.009;0.018;0.034;
2552;0.338;0.035;0.309;0.234;0.013;0.031;0.039;
2691;0.324;0.038;0.325;0.192;0.014;0.033;0.075;
2780;0.560;0.028;0.155;0.126;0.006;0.092;0.034;
2865;0.479;0.032;0.229;0.196;0.008;0.029;0.026;
2983;0.283;0.040;0.442;0.155;0.014;0.030;0.035;
3080;0.193;0.035;0.592;0.107;0.012;0.028;0.033;
3170;0.233;0.037;0.274;0.366;0.014;0.038;0.039;
3277;0.631;0.018;0.137;0.174;0.004;0.021;0.016;
3374;0.635;0.009;0.115;0.037;0.001;0.015;0.188;
3448;0.553;0.010;0.146;0.013;0.001;0.014;0.263;
3590;0.757;0.008;0.068;0.037;0.002;0.025;0.102;
3688;0.789;0.008;0.068;0.080;0.002;0.014;0.039;
3760;0.474;0.061;0.023;0.185;0.019;0.174;0.065;
3918;0.761;0.029;0.029;0.036;0.003;0.083;0.059;
4019;0.471;0.023;0.066;0.155;0.005;0.108;0.172;
4095;0.726;0.014;0.059;0.153;0.003;0.014;0.031;
4235;0.575;0.015;0.060;0.332;0.005;0.002;0.010;
4332;0.643;0.014;0.125;0.150;0.006;0.006;0.057;
4410;0.681;0.065;0.024;0.023;0.015;0.115;0.077;
4536;0.707;0.033;0.028;0.004;0.003;0.039;0.186;
4654;0.738;0.007;0.095;0.045;0.002;0.015;0.099;
4715;0.448;0.013;0.126;0.375;0.005;0.005;0.027;
4840;0.753;0.016;0.091;0.090;0.002;0.019;0.031;
4970;0.505;0.023;0.164;0.200;0.009;0.029;0.069;
5054;0.668;0.010;0.132;0.098;0.003;0.013;0.076;
5157;0.595;0.016;0.125;0.152;0.005;0.033;0.073;
5254;0.706;0.010;0.090;0.115;0.003;0.015;0.060;
5340;0.455;0.017;0.071;0.421;0.002;0.017;0.017;
5478;0.763;0.040;0.018;0.092;0.008;0.058;0.021;
5558;0.757;0.012;0.060;0.150;0.003;0.007;0.012;
5634;0.466;0.020;0.078;0.409;0.002;0.008;0.018;
5749;0.189;0.011;0.078;0.700;0.002;0.009;0.012;
5849;0.263;0.012;0.043;0.659;0.002;0.012;0.009;
5946;0.411;0.028;0.165;0.317;0.010;0.036;0.033;
6082;0.284;0.036;0.228;0.330;0.015;0.055;0.052;
6200;0.111;0.022;0.135;0.607;0.007;0.066;0.051;
6311;0.092;0.017;0.146;0.657;0.007;0.048;0.033;
6437;0.148;0.028;0.245;0.502;0.010;0.033;0.034;
6513;0.153;0.031;0.233;0.494;0.010;0.046;0.032;
6594;0.212;0.032;0.271;0.405;0.012;0.022;0.046;
6715;0.281;0.039;0.287;0.266;0.019;0.035;0.074;
6811;0.586;0.017;0.158;0.192;0.005;0.012;0.030;
6898;0.322;0.040;0.325;0.220;0.016;0.024;0.053;
7037;0.439;0.026;0.170;0.315;0.007;0.021;0.022;
7124;0.591;0.019;0.151;0.137;0.005;0.020;0.077;
7202;0.367;0.027;0.228;0.118;0.007;0.040;0.213;
7324;0.817;0.022;0.035;0.054;0.002;0.048;0.021;
7416;0.398;0.049;0.052;0.333;0.007;0.135;0.026;
7493;0.403;0.027;0.313;0.144;0.010;0.052;0.050;
7627;0.505;0.025;0.252;0.162;0.010;0.020;0.027;
7720;0.810;0.007;0.112;0.035;0.001;0.017;0.017;
7802;0.512;0.024;0.036;0.416;0.002;0.006;0.005;
7920;0.531;0.017;0.112;0.312;0.003;0.011;0.014;
8031;0.712;0.007;0.191;0.018;0.000;0.010;0.062;
8106;0.738;0.008;0.103;0.127;0.003;0.006;0.014;
8225;0.851;0.007;0.079;0.026;0.001;0.010;0.025;
8326;0.480;0.022;0.064;0.408;0.002;0.014;0.009;
8401;0.742;0.014;0.118;0.100;0.002;0.006;0.018;
8524;0.785;0.009;0.109;0.065;0.001;0.008;0.023;
8621;0.718;0.008;0.123;0.100;0.003;0.007;0.041;
8704;0.751;0.023;0.111;0.062;0.001;0.024;0.028;
8813;0.527;0.021;0.116;0.300;0.003;0.011;0.022;
8916;0.850;0.008;0.081;0.036;0.001;0.007;0.017;
9027;0.850;0.013;0.071;0.037;0.001;0.016;0.012;
9151;0.748;0.028;0.050;0.150;0.001;0.014;0.009;
9231;0.718;0.014;0.106;0.085;0.002;0.031;0.045;
9313;0.608;0.065;0.027;0.103;0.006;0.152;0.040;
9429;0.653;0.034;0.034;0.243;0.003;0.027;0.007;
9528;0.107;0.016;0.157;0.681;0.006;0.011;0.022;
9602;0.505;0.020;0.110;0.294;0.006;0.036;0.029;
9734;0.831;0.012;0.098;0.040;0.001;0.011;0.007;
9814;0.718;0.021;0.094;0.139;0.002;0.014;0.012;
9910;0.741;0.012;0.102;0.108;0.002;0.015;0.020;
10039;0.750;0.024;0.091;0.094;0.002;0.027;0.013;
10125;0.454;0.022;0.124;0.338;0.004;0.028;0.029;
10200;0.730;0.011;0.113;0.073;0.002;0.045;0.026;
10339;0.799;0.008;0.127;0.039;0.001;0.011;0.015;
10422;0.666;0.010;0.089;0.206;0.003;0.008;0.018;
10509;0.390;0.029;0.208;0.270;0.009;0.022;0.072;
10620;0.567;0.010;0.225;0.077;0.002;0.012;0.107;
10709;0.793;0.008;0.152;0.025;0.001;0.009;0.012;
10790;0.780;0.009;0.137;0.022;0.001;0.026;0.026;
10907;0.631;0.014;0.172;0.129;0.005;0.022;0.027;
11019;0.610;0.014;0.133;0.203;0.005;0.016;0.021;
11097;0.538;0.013;0.060;0.346;0.007;0.024;0.011;
11219;0.514;0.013;0.171;0.226;0.007;0.020;0.049;
11322;0.631;0.015;0.148;0.166;0.003;0.011;0.025;
11393;0.693;0.033;0.032;0.216;0.010;0.010;0.007;
11502;0.616;0.141;0.011;0.135;0.043;0.045;0.009;
11593;0.493;0.023;0.027;0.428;0.008;0.015;0.006;
11673;0.564;0.014;0.096;0.298;0.003;0.013;0.013;
11788;0.392;0.015;0.116;0.439;0.005;0.011;0.023;
11884;0.669;0.012;0.088;0.203;0.003;0.007;0.018;
11987;0.729;0.010;0.125;0.093;0.002;0.020;0.021;
12101;0.821;0.010;0.090;0.052;0.001;0.014;0.011;
12195;0.395;0.037;0.192;0.302;0.008;0.034;0.032;
12273;0.829;0.012;0.083;0.048;0.001;0.016;0.011;
12406;0.800;0.014;0.088;0.052;0.001;0.029;0.016;
12497;0.546;0.017;0.193;0.126;0.006;0.032;0.081;
12590;0.333;0.027;0.194;0.349;0.010;0.040;0.047;
12713;0.673;0.017;0.123;0.141;0.004;0.014;0.028;
12802;0.560;0.007;0.257;0.067;0.002;0.013;0.094;
12882;0.749;0.010;0.124;0.078;0.002;0.011;0.026;
13001;0.275;0.044;0.281;0.280;0.018;0.033;0.070;
13088;0.769;0.012;0.111;0.076;0.002;0.007;0.023;
13164;0.339;0.040;0.242;0.265;0.015;0.032;0.067;
13298;0.296;0.024;0.064;0.579;0.002;0.024;0.012;
13393;0.280;0.038;0.249;0.350;0.014;0.030;0.039;
13469;0.759;0.009;0.098;0.048;0.002;0.051;0.034;
13592;0.599;0.016;0.205;0.110;0.004;0.012;0.054;
13681;0.577;0.009;0.283;0.056;0.002;0.029;0.044;
13759;0.432;0.031;0.211;0.214;0.012;0.046;0.054;
13860;0.523;0.019;0.277;0.130;0.006;0.013;0.032;
13987;0.452;0.029;0.206;0.220;0.011;0.025;0.056;
14081;0.751;0.005;0.199;0.012;0.000;0.011;0.022;
14197;0.495;0.028;0.162;0.202;0.006;0.039;0.068;
14282;0.788;0.048;0.041;0.049;0.002;0.040;0.032;
14356;0.629;0.020;0.095;0.107;0.004;0.067;0.077;
14468;0.347;0.037;0.222;0.295;0.014;0.030;0.054;
14559;0.496;0.025;0.168;0.250;0.009;0.013;0.039;
14632;0.665;0.012;0.154;0.113;0.004;0.014;0.038;
14747;0.549;0.018;0.123;0.253;0.004;0.025;0.027;
14840;0.435;0.023;0.171;0.328;0.006;0.009;0.028;
14937;0.772;0.009;0.079;0.083;0.002;0.013;0.042;
15053;0.346;0.015;0.117;0.503;0.003;0.005;0.011;
15145;0.670;0.022;0.093;0.174;0.002;0.020;0.019;
15224;0.318;0.015;0.125;0.508;0.004;0.008;0.021;
15338;0.628;0.017;0.165;0.156;0.004;0.011;0.019;
15450;0.636;0.013;0.165;0.126;0.004;0.013;0.043;
15524;0.673;0.015;0.121;0.153;0.003;0.015;0.019;
15630;0.789;0.010;0.102;0.057;0.001;0.016;0.025;
15740;0.535;0.026;0.059;0.309;0.002;0.035;0.034;
15819;0.490;0.025;0.137;0.240;0.007;0.055;0.045;
15939;0.710;0.011;0.168;0.066;0.002;0.013;0.030;
16028;0.711;0.008;0.155;0.051;0.001;0.024;0.051;
16117;0.641;0.016;0.124;0.188;0.004;0.012;0.015;
16252;0.867;0.006;0.083;0.025;0.001;0.011;0.006;
16357;0.356;0.043;0.201;0.322;0.011;0.027;0.040;
16435;0.699;0.016;0.081;0.161;0.002;0.024;0.016;
16551;0.751;0.025;0.082;0.079;0.002;0.048;0.015;
16645;0.670;0.022;0.060;0.161;0.003;0.060;0.024;
16714;0.713;0.027;0.049;0.186;0.002;0.013;0.010;
16831;0.793;0.010;0.070;0.063;0.002;0.033;0.028;
16969;0.413;0.025;0.157;0.292;0.011;0.038;0.065;
17049;0.646;0.011;0.104;0.120;0.004;0.022;0.093;
17147;0.519;0.019;0.133;0.250;0.007;0.027;0.044;
17254;0.316;0.020;0.114;0.481;0.005;0.032;0.032;
17331;0.632;0.014;0.137;0.126;0.004;0.020;0.066;
17677;0.425;0.023;0.165;0.322;0.010;0.021;0.035;
17775;0.775;0.049;0.024;0.125;0.006;0.013;0.007;
17836;0.701;0.010;0.036;0.218;0.003;0.003;0.029;
17949;0.163;0.008;0.097;0.710;0.003;0.003;0.016;
18053;0.457;0.018;0.173;0.301;0.008;0.011;0.033;
18141;0.732;0.010;0.136;0.087;0.002;0.005;0.028;
18251;0.783;0.007;0.106;0.082;0.002;0.003;0.016;
18349;0.509;0.021;0.234;0.174;0.007;0.013;0.043;
18437;0.739;0.008;0.099;0.131;0.002;0.003;0.017;
18538;0.588;0.015;0.139;0.223;0.006;0.009;0.020;
18636;0.702;0.010;0.114;0.138;0.004;0.006;0.025;
18721;0.584;0.013;0.100;0.267;0.004;0.010;0.022;
18825;0.423;0.018;0.046;0.488;0.004;0.016;0.005;
18925;0.563;0.022;0.173;0.203;0.006;0.013;0.020;
19002;0.397;0.012;0.109;0.451;0.005;0.006;0.019;
19136;0.760;0.092;0.053;0.027;0.005;0.045;0.018;
19236;0.758;0.040;0.030;0.077;0.010;0.072;0.012;
19323;0.226;0.022;0.173;0.524;0.014;0.025;0.016;
19432;0.439;0.028;0.200;0.284;0.009;0.020;0.020;
19533;0.271;0.003;0.677;0.002;0.000;0.007;0.039;
19616;0.080;0.001;0.765;0.000;0.000;0.126;0.028;
19729;0.342;0.004;0.610;0.000;0.000;0.034;0.010;
19824;0.799;0.032;0.148;0.008;0.000;0.005;0.009;
19903;0.728;0.038;0.079;0.146;0.002;0.002;0.005;
20036;0.853;0.019;0.094;0.016;0.001;0.006;0.010;
20152;0.445;0.006;0.508;0.001;0.000;0.028;0.013;
20243;0.845;0.016;0.093;0.005;0.000;0.033;0.008;
20345;0.795;0.012;0.168;0.016;0.000;0.005;0.004;
20453;0.793;0.014;0.125;0.005;0.000;0.038;0.025;
20542;0.809;0.009;0.112;0.002;0.000;0.030;0.038;
20659;0.831;0.015;0.097;0.030;0.001;0.008;0.019;
20753;0.690;0.013;0.202;0.055;0.001;0.007;0.032;
20843;0.722;0.013;0.206;0.003;0.000;0.011;0.045;
20948;0.755;0.006;0.159;0.006;0.000;0.014;0.060;
21041;0.806;0.004;0.157;0.006;0.000;0.007;0.019;
21136;0.854;0.006;0.114;0.013;0.001;0.003;0.010;
21261;0.566;0.006;0.355;0.017;0.000;0.003;0.052;
21389;0.681;0.005;0.271;0.017;0.000;0.004;0.023;
21468;0.695;0.005;0.276;0.005;0.000;0.002;0.016;
21591;0.618;0.007;0.324;0.012;0.000;0.006;0.034;
21689;0.669;0.016;0.153;0.001;0.001;0.103;0.058;
21767;0.674;0.014;0.115;0.003;0.000;0.016;0.178;
21890;0.759;0.013;0.099;0.110;0.001;0.006;0.012;
21989;0.662;0.010;0.155;0.118;0.003;0.010;0.042;
22081;0.713;0.006;0.201;0.055;0.001;0.006;0.016;
22207;0.761;0.005;0.150;0.060;0.002;0.006;0.016;
22296;0.715;0.012;0.068;0.195;0.003;0.002;0.005;
22372;0.833;0.007;0.111;0.020;0.001;0.009;0.020;
22498;0.749;0.006;0.150;0.069;0.001;0.004;0.021;
22594;0.614;0.007;0.216;0.040;0.001;0.010;0.111;
22670;0.790;0.009;0.062;0.061;0.003;0.011;0.063;
22817;0.731;0.102;0.025;0.034;0.053;0.031;0.024;
22906;0.428;0.013;0.123;0.395;0.004;0.008;0.030;
22987;0.798;0.005;0.099;0.064;0.003;0.002;0.028;
23098;0.690;0.009;0.109;0.153;0.003;0.005;0.031;
23232;0.712;0.005;0.162;0.031;0.001;0.004;0.084;
23309;0.814;0.005;0.117;0.024;0.001;0.009;0.031;
23509;0.848;0.009;0.080;0.023;0.001;0.003;0.036;
23610;0.903;0.014;0.038;0.022;0.003;0.008;0.012;
23691;0.819;0.006;0.097;0.015;0.001;0.011;0.052;
23801;0.827;0.008;0.125;0.025;0.001;0.003;0.012;
23908;0.827;0.013;0.062;0.078;0.003;0.005;0.012;
23990;0.860;0.009;0.067;0.046;0.001;0.004;0.013;
24105;0.843;0.007;0.085;0.022;0.001;0.009;0.033;
24222;0.866;0.008;0.062;0.044;0.002;0.004;0.014;
24315;0.834;0.014;0.085;0.044;0.001;0.005;0.018;
24418;0.844;0.008;0.097;0.016;0.001;0.004;0.030;
24510;0.758;0.005;0.151;0.028;0.001;0.004;0.053;
24585;0.785;0.009;0.110;0.056;0.002;0.004;0.035;
24721;0.780;0.006;0.103;0.057;0.002;0.004;0.048;
24809;0.555;0.006;0.227;0.018;0.000;0.004;0.189;
24880;0.789;0.009;0.092;0.075;0.003;0.005;0.028;
24989;0.773;0.006;0.143;0.028;0.001;0.002;0.047;
25082;0.728;0.010;0.183;0.023;0.001;0.003;0.052;
25180;0.806;0.007;0.131;0.020;0.001;0.004;0.031;
25303;0.854;0.005;0.093;0.007;0.001;0.005;0.035;
25395;0.703;0.006;0.158;0.041;0.001;0.009;0.081;
25471;0.793;0.009;0.085;0.077;0.002;0.009;0.025;
25600;0.408;0.012;0.129;0.409;0.006;0.007;0.028;
25701;0.360;0.031;0.317;0.181;0.011;0.018;0.082;
25781;0.684;0.016;0.090;0.177;0.002;0.009;0.022;
25916;0.522;0.020;0.166;0.238;0.008;0.011;0.036;
26004;0.746;0.005;0.192;0.029;0.001;0.009;0.018;
26093;0.645;0.012;0.135;0.171;0.005;0.007;0.024;
26241;0.658;0.012;0.178;0.119;0.004;0.007;0.022;
26375;0.428;0.023;0.214;0.261;0.010;0.013;0.051;
26466;0.574;0.017;0.148;0.201;0.006;0.020;0.035;
26583;0.469;0.027;0.111;0.342;0.004;0.009;0.037;
26664;0.724;0.021;0.060;0.170;0.003;0.006;0.015;
26734;0.397;0.023;0.173;0.356;0.010;0.013;0.028;
26849;0.488;0.023;0.157;0.269;0.007;0.025;0.031;
26943;0.612;0.013;0.140;0.168;0.004;0.018;0.045;
27018;0.725;0.012;0.116;0.121;0.003;0.006;0.017;
27145;0.313;0.038;0.260;0.274;0.016;0.033;0.065;
27228;0.676;0.009;0.147;0.120;0.004;0.009;0.036;
27326;0.592;0.017;0.163;0.142;0.005;0.015;0.065;
27460;0.636;0.016;0.134;0.150;0.004;0.013;0.047;
27554;0.266;0.016;0.093;0.601;0.003;0.005;0.016;
27622;0.614;0.015;0.117;0.207;0.003;0.019;0.024;
27739;0.466;0.020;0.210;0.168;0.008;0.043;0.086;
27835;0.413;0.028;0.270;0.200;0.013;0.020;0.055;
27930;0.462;0.014;0.396;0.092;0.004;0.008;0.025;
28051;0.418;0.019;0.262;0.105;0.006;0.024;0.165;
28160;0.416;0.021;0.163;0.336;0.009;0.024;0.031;
28227;0.371;0.030;0.235;0.259;0.013;0.029;0.062;
28369;0.457;0.018;0.258;0.135;0.007;0.018;0.108;
28456;0.411;0.026;0.256;0.206;0.011;0.021;0.068;
28530;0.603;0.012;0.212;0.089;0.003;0.011;0.070;
28642;0.617;0.015;0.156;0.158;0.006;0.011;0.037;
28742;0.606;0.008;0.257;0.064;0.002;0.007;0.057;
28824;0.690;0.009;0.128;0.052;0.001;0.020;0.100;
28943;0.639;0.015;0.156;0.160;0.004;0.010;0.018;
29039;0.884;0.010;0.074;0.019;0.001;0.005;0.007;
29111;0.837;0.026;0.029;0.083;0.011;0.006;0.007;
29236;0.195;0.017;0.011;0.747;0.014;0.012;0.003;
29355;0.450;0.007;0.106;0.418;0.006;0.005;0.008;
29435;0.211;0.010;0.083;0.678;0.002;0.009;0.007;
29551;0.791;0.009;0.112;0.077;0.002;0.003;0.007;
29647;0.821;0.007;0.110;0.052;0.001;0.002;0.007;
29723;0.681;0.006;0.144;0.143;0.004;0.003;0.019;
29844;0.525;0.011;0.125;0.290;0.006;0.006;0.038;
29943;0.738;0.008;0.114;0.110;0.002;0.004;0.024;
30028;0.730;0.006;0.182;0.041;0.001;0.005;0.036;
30161;0.867;0.004;0.086;0.023;0.002;0.005;0.012;
30254;0.686;0.004;0.260;0.013;0.000;0.003;0.035;
30348;0.819;0.005;0.106;0.030;0.001;0.003;0.036;
30468;0.814;0.005;0.085;0.044;0.003;0.005;0.044;
30549;0.761;0.006;0.106;0.091;0.004;0.002;0.029;
30633;0.630;0.006;0.104;0.202;0.005;0.003;0.049;
30765;0.770;0.004;0.154;0.038;0.001;0.002;0.032;
30852;0.608;0.005;0.272;0.052;0.001;0.004;0.058;
30944;0.499;0.003;0.367;0.018;0.000;0.005;0.108;
31069;0.551;0.002;0.389;0.013;0.000;0.004;0.040;
31148;0.581;0.006;0.283;0.073;0.002;0.005;0.049;
31225;0.558;0.004;0.342;0.042;0.001;0.002;0.051;
31369;0.522;0.010;0.303;0.112;0.004;0.007;0.041;
31468;0.450;0.004;0.418;0.020;0.000;0.003;0.105;
31540;0.526;0.013;0.159;0.252;0.006;0.007;0.037;
31646;0.610;0.011;0.170;0.140;0.005;0.009;0.056;
31755;0.602;0.004;0.196;0.008;0.000;0.006;0.182;
31822;0.720;0.006;0.167;0.046;0.001;0.007;0.053;
31937;0.518;0.011;0.215;0.134;0.005;0.010;0.107;
32031;0.697;0.007;0.142;0.037;0.001;0.030;0.086;
32110;0.695;0.017;0.080;0.003;0.001;0.049;0.154;
32223;0.799;0.010;0.042;0.125;0.009;0.002;0.012;
32338;0.368;0.008;0.208;0.047;0.002;0.007;0.361;
32414;0.510;0.015;0.253;0.134;0.006;0.010;0.072;
32535;0.412;0.005;0.250;0.025;0.001;0.006;0.301;
32628;0.564;0.010;0.156;0.103;0.004;0.027;0.136;
32710;0.590;0.007;0.205;0.079;0.002;0.008;0.108;
32876;0.405;0.007;0.373;0.060;0.002;0.006;0.148;
32997;0.373;0.022;0.275;0.218;0.012;0.019;0.081;
33088;0.294;0.025;0.249;0.335;0.016;0.022;0.059;
33215;0.730;0.007;0.091;0.145;0.003;0.003;0.021;
33319;0.664;0.012;0.151;0.133;0.004;0.009;0.028;
33426;0.313;0.007;0.029;0.633;0.008;0.003;0.006;
33572;0.789;0.007;0.095;0.048;0.003;0.003;0.054;
33657;0.613;0.017;0.059;0.274;0.008;0.006;0.023;
33736;0.770;0.009;0.100;0.092;0.002;0.003;0.024;
33854;0.747;0.009;0.095;0.119;0.002;0.003;0.025;
33953;0.732;0.011;0.112;0.073;0.002;0.007;0.062;
34032;0.659;0.011;0.118;0.148;0.002;0.015;0.046;
34143;0.832;0.006;0.063;0.063;0.003;0.005;0.027;
34249;0.433;0.023;0.166;0.309;0.006;0.010;0.054;
34322;0.595;0.013;0.112;0.206;0.004;0.009;0.062;
34452;0.751;0.008;0.121;0.016;0.001;0.017;0.086;
34547;0.720;0.010;0.111;0.113;0.003;0.015;0.028;
34630;0.708;0.012;0.106;0.150;0.002;0.003;0.020;
34734;0.796;0.008;0.126;0.022;0.001;0.003;0.044;
34819;0.797;0.012;0.095;0.054;0.001;0.014;0.027;
34904;0.678;0.006;0.129;0.015;0.002;0.012;0.158;
35020;0.838;0.016;0.045;0.068;0.002;0.012;0.019;
35111;0.590;0.009;0.204;0.096;0.003;0.015;0.081;
35194;0.399;0.016;0.248;0.140;0.009;0.018;0.170;
35305;0.366;0.022;0.218;0.249;0.011;0.025;0.109;
35419;0.361;0.016;0.187;0.380;0.009;0.011;0.037;
35499;0.542;0.016;0.186;0.214;0.006;0.008;0.028;
35612;0.642;0.008;0.121;0.206;0.003;0.002;0.018;
35707;0.357;0.007;0.090;0.531;0.003;0.001;0.010;
35785;0.465;0.016;0.271;0.164;0.009;0.009;0.067;
35906;0.335;0.016;0.251;0.341;0.011;0.010;0.036;
36004;0.677;0.007;0.149;0.086;0.003;0.003;0.076;
36081;0.671;0.008;0.146;0.157;0.003;0.003;0.012;
36204;0.557;0.009;0.180;0.223;0.005;0.004;0.022;
36325;0.721;0.006;0.135;0.037;0.001;0.003;0.096;
36443;0.671;0.009;0.155;0.108;0.003;0.006;0.049;
36568;0.367;0.013;0.193;0.373;0.009;0.008;0.038;
36657;0.685;0.005;0.197;0.062;0.003;0.002;0.046;
36743;0.579;0.007;0.264;0.071;0.002;0.004;0.074;
36842;0.638;0.004;0.274;0.039;0.001;0.001;0.043;
36934;0.579;0.015;0.156;0.188;0.005;0.007;0.050;
37031;0.658;0.011;0.180;0.118;0.002;0.003;0.027;
37149;0.390;0.019;0.222;0.312;0.008;0.010;0.038;
37229;0.893;0.034;0.039;0.004;0.004;0.004;0.024;
37307;0.846;0.047;0.027;0.054;0.012;0.002;0.012;
37444;0.683;0.009;0.104;0.170;0.003;0.002;0.028;
37530;0.637;0.009;0.164;0.151;0.004;0.004;0.029;
37616;0.850;0.009;0.061;0.031;0.005;0.001;0.041;
37725;0.797;0.010;0.099;0.052;0.002;0.003;0.037;
37837;0.721;0.012;0.134;0.104;0.002;0.002;0.024;
37902;0.864;0.011;0.052;0.035;0.003;0.003;0.032;
38019;0.665;0.028;0.043;0.232;0.005;0.004;0.023;
38104;0.693;0.010;0.132;0.015;0.001;0.002;0.146;
38194;0.744;0.008;0.107;0.021;0.004;0.002;0.114;
38302;0.664;0.007;0.085;0.019;0.009;0.002;0.214;
38410;0.699;0.009;0.117;0.040;0.003;0.001;0.131;
38485;0.775;0.010;0.120;0.042;0.002;0.001;0.050;
38603;0.711;0.008;0.118;0.029;0.001;0.002;0.131;
38697;0.704;0.009;0.099;0.039;0.003;0.001;0.145;
38774;0.822;0.020;0.091;0.026;0.001;0.004;0.035;
38893;0.849;0.010;0.071;0.011;0.001;0.005;0.052;
38988;0.810;0.018;0.098;0.007;0.002;0.002;0.064;
39065;0.860;0.029;0.038;0.049;0.010;0.003;0.011;
39179;0.748;0.009;0.176;0.019;0.001;0.001;0.046;
39275;0.822;0.020;0.075;0.009;0.004;0.004;0.068;
39369;0.834;0.008;0.087;0.041;0.002;0.002;0.027;
39489;0.732;0.007;0.142;0.004;0.001;0.004;0.111;
39598;0.855;0.009;0.071;0.044;0.003;0.002;0.018;
39671;0.670;0.011;0.188;0.011;0.001;0.002;0.118;
39778;0.813;0.010;0.120;0.021;0.003;0.001;0.031;
39877;0.732;0.017;0.121;0.105;0.002;0.001;0.021;
39966;0.408;0.021;0.120;0.423;0.007;0.002;0.018;
40075;0.815;0.017;0.096;0.056;0.003;0.001;0.012;
40191;0.807;0.033;0.092;0.049;0.003;0.001;0.015;
40268;0.836;0.021;0.061;0.046;0.011;0.002;0.022;
40387;0.842;0.041;0.032;0.059;0.015;0.002;0.009;
40485;0.828;0.028;0.059;0.059;0.004;0.002;0.020;
40559;0.795;0.029;0.060;0.091;0.009;0.002;0.013;
40680;0.840;0.042;0.025;0.044;0.022;0.005;0.022;
40776;0.828;0.039;0.040;0.077;0.005;0.002;0.009;
40855;0.834;0.017;0.042;0.081;0.012;0.002;0.013;
40971;0.831;0.021;0.076;0.032;0.003;0.003;0.035;
41062;0.756;0.062;0.052;0.106;0.010;0.002;0.013;
41155;0.838;0.028;0.063;0.024;0.010;0.003;0.035;
41257;0.804;0.080;0.041;0.004;0.006;0.023;0.042;
41356;0.848;0.023;0.089;0.009;0.001;0.005;0.026;
41430;0.739;0.008;0.185;0.027;0.001;0.002;0.039;
41564;0.797;0.008;0.093;0.087;0.003;0.001;0.011;
41653;0.809;0.016;0.068;0.083;0.013;0.001;0.010;
41719;0.806;0.038;0.044;0.084;0.007;0.004;0.018;
41848;0.801;0.010;0.120;0.051;0.001;0.001;0.015;
41936;0.847;0.013;0.091;0.027;0.001;0.002;0.019;
42011;0.841;0.014;0.099;0.016;0.003;0.002;0.024;
42123;0.853;0.036;0.042;0.041;0.011;0.003;0.015;
42225;0.850;0.023;0.069;0.033;0.002;0.003;0.021;
42310;0.858;0.032;0.033;0.051;0.015;0.002;0.010;
42426;0.845;0.014;0.070;0.031;0.005;0.001;0.034;
42527;0.870;0.011;0.066;0.011;0.012;0.002;0.029;
42593;0.766;0.138;0.031;0.031;0.007;0.007;0.019;
42708;0.859;0.054;0.034;0.027;0.009;0.003;0.014;
42803;0.334;0.008;0.068;0.578;0.003;0.001;0.009;
42881;0.532;0.011;0.113;0.321;0.004;0.002;0.017;
43000;0.822;0.013;0.077;0.061;0.004;0.001;0.022;
43098;0.883;0.012;0.062;0.012;0.003;0.003;0.025;
43174;0.869;0.014;0.071;0.022;0.004;0.002;0.019;
43315;0.691;0.022;0.062;0.214;0.003;0.001;0.007;
43401;0.811;0.023;0.038;0.112;0.008;0.001;0.007;
43492;0.852;0.016;0.082;0.017;0.003;0.001;0.030;
43609;0.839;0.009;0.095;0.018;0.002;0.001;0.036;
43687;0.884;0.024;0.051;0.025;0.003;0.002;0.011;
43766;0.859;0.022;0.071;0.019;0.003;0.001;0.023;
43895;0.873;0.017;0.040;0.032;0.010;0.001;0.026;
43983;0.833;0.054;0.042;0.051;0.007;0.001;0.011;
44063;0.789;0.064;0.072;0.059;0.004;0.002;0.010;
44169;0.797;0.064;0.026;0.087;0.018;0.002;0.006;
44280;0.603;0.058;0.031;0.291;0.012;0.001;0.005;
44356;0.719;0.177;0.036;0.041;0.007;0.003;0.017;
44473;0.803;0.078;0.033;0.067;0.010;0.002;0.007;
44565;0.756;0.080;0.089;0.064;0.002;0.001;0.008;
44653;0.804;0.060;0.106;0.021;0.001;0.002;0.006;
44789;0.763;0.082;0.047;0.096;0.003;0.002;0.007;
44888;0.685;0.032;0.100;0.174;0.002;0.002;0.006;
44969;0.399;0.050;0.064;0.479;0.002;0.002;0.004;
45078;0.731;0.022;0.165;0.069;0.002;0.002;0.009;
45169;0.856;0.064;0.041;0.021;0.002;0.012;0.004;
45266;0.451;0.084;0.013;0.411;0.034;0.005;0.003;
45381;0.584;0.035;0.096;0.261;0.003;0.009;0.013;
45595;0.510;0.023;0.176;0.265;0.007;0.007;0.012;
45670;0.480;0.031;0.235;0.215;0.009;0.011;0.019;
45793;0.528;0.026;0.165;0.255;0.004;0.006;0.016;
45891;0.516;0.038;0.254;0.155;0.006;0.010;0.021;
45983;0.782;0.036;0.072;0.103;0.003;0.002;0.002;
46088;0.753;0.021;0.191;0.030;0.001;0.001;0.003;
46198;0.789;0.042;0.123;0.038;0.001;0.002;0.004;
46268;0.778;0.028;0.140;0.047;0.001;0.003;0.004;
46416;0.737;0.019;0.165;0.071;0.001;0.002;0.005;
46522;0.595;0.023;0.175;0.194;0.004;0.003;0.006;
46614;0.326;0.023;0.196;0.430;0.007;0.007;0.011;
46722;0.470;0.030;0.279;0.190;0.007;0.009;0.014;
46810;0.710;0.024;0.129;0.127;0.004;0.004;0.003;
46906;0.600;0.025;0.179;0.180;0.005;0.005;0.005;
47033;0.645;0.029;0.257;0.062;0.002;0.002;0.003;
47115;0.598;0.019;0.267;0.099;0.003;0.005;0.008;
47204;0.526;0.031;0.259;0.160;0.006;0.009;0.010;
47341;0.339;0.022;0.105;0.526;0.004;0.002;0.003;
47455;0.694;0.012;0.220;0.065;0.002;0.004;0.003;
47519;0.584;0.031;0.173;0.198;0.004;0.004;0.006;
47630;0.813;0.009;0.159;0.013;0.001;0.002;0.002;
47739;0.594;0.024;0.224;0.136;0.006;0.008;0.008;
47804;0.679;0.024;0.176;0.111;0.004;0.002;0.005;
47920;0.522;0.034;0.312;0.111;0.004;0.006;0.011;
48012;0.426;0.036;0.284;0.214;0.009;0.012;0.019;
48099;0.697;0.018;0.174;0.099;0.002;0.002;0.008;
48218;0.717;0.019;0.116;0.138;0.003;0.001;0.005;
48311;0.730;0.021;0.138;0.103;0.002;0.002;0.004;
48397;0.632;0.017;0.233;0.104;0.003;0.003;0.008;
48500;0.561;0.021;0.256;0.140;0.006;0.006;0.009;
48591;0.496;0.029;0.261;0.189;0.006;0.006;0.014;
48668;0.546;0.021;0.171;0.243;0.004;0.004;0.011;
48793;0.680;0.018;0.213;0.076;0.002;0.003;0.009;
48885;0.472;0.036;0.107;0.376;0.002;0.002;0.004;
48962;0.585;0.055;0.056;0.295;0.004;0.002;0.004;
49078;0.592;0.074;0.050;0.272;0.004;0.005;0.003;
49171;0.619;0.023;0.196;0.144;0.003;0.007;0.007;
49244;0.733;0.025;0.149;0.079;0.001;0.005;0.008;
49374;0.554;0.043;0.095;0.299;0.002;0.002;0.004;
49461;0.761;0.029;0.129;0.071;0.002;0.002;0.006;
49542;0.733;0.016;0.125;0.115;0.003;0.004;0.004;
49659;0.695;0.025;0.097;0.174;0.004;0.002;0.004;
49753;0.688;0.032;0.106;0.167;0.003;0.001;0.003;
49828;0.626;0.021;0.281;0.063;0.002;0.002;0.006;
49947;0.729;0.031;0.142;0.090;0.002;0.002;0.004;
50048;0.713;0.017;0.220;0.044;0.001;0.001;0.004;
50118;0.696;0.026;0.191;0.080;0.001;0.002;0.004;
50228;0.746;0.014;0.217;0.019;0.001;0.001;0.002;
50340;0.623;0.025;0.166;0.174;0.004;0.003;0.005;
50418;0.559;0.006;0.388;0.041;0.001;0.002;0.003;
50531;0.699;0.009;0.250;0.033;0.001;0.003;0.006;
50626;0.725;0.010;0.221;0.035;0.001;0.003;0.004;
50712;0.829;0.015;0.136;0.008;0.002;0.007;0.002;
50833;0.643;0.009;0.275;0.065;0.002;0.002;0.003;
50920;0.630;0.026;0.170;0.163;0.003;0.004;0.004;
50985;0.620;0.016;0.272;0.079;0.002;0.003;0.007;
51100;0.452;0.040;0.157;0.337;0.003;0.005;0.006;
51192;0.641;0.019;0.182;0.128;0.004;0.016;0.011;
51303;0.842;0.033;0.088;0.027;0.002;0.006;0.003;
51401;0.515;0.024;0.176;0.270;0.004;0.003;0.008;
51492;0.523;0.013;0.335;0.107;0.004;0.006;0.013;
51569;0.446;0.017;0.370;0.137;0.007;0.008;0.015;
51690;0.415;0.019;0.143;0.413;0.003;0.002;0.006;
51785;0.526;0.016;0.231;0.197;0.007;0.009;0.014;
51857;0.492;0.022;0.238;0.211;0.007;0.011;0.017;
51968;0.712;0.011;0.190;0.077;0.002;0.002;0.006;
52061;0.692;0.012;0.164;0.120;0.002;0.003;0.007;
52135;0.768;0.010;0.119;0.090;0.002;0.002;0.008;
52267;0.870;0.019;0.071;0.029;0.003;0.002;0.006;
52364;0.694;0.021;0.197;0.073;0.001;0.005;0.008;
52440;0.596;0.021;0.215;0.140;0.004;0.007;0.016;
52563;0.674;0.018;0.172;0.124;0.002;0.003;0.006;
52651;0.475;0.015;0.117;0.376;0.004;0.005;0.008;
52728;0.701;0.019;0.114;0.151;0.003;0.004;0.008;
52847;0.641;0.019;0.109;0.212;0.003;0.007;0.008;
52935;0.577;0.030;0.195;0.173;0.004;0.009;0.012;
53011;0.801;0.011;0.100;0.078;0.003;0.003;0.003;
53145;0.687;0.011;0.168;0.121;0.003;0.003;0.007;
53247;0.580;0.015;0.156;0.230;0.005;0.005;0.009;
53333;0.618;0.014;0.254;0.096;0.003;0.007;0.008;
53448;0.384;0.021;0.182;0.383;0.006;0.008;0.016;
53541;0.312;0.033;0.419;0.191;0.009;0.013;0.022;
53608;0.594;0.016;0.283;0.071;0.002;0.006;0.028;
53724;0.374;0.028;0.266;0.270;0.012;0.015;0.036;
53820;0.626;0.016;0.258;0.080;0.002;0.003;0.015;
53911;0.666;0.011;0.221;0.084;0.002;0.003;0.013;
54022;0.795;0.011;0.158;0.027;0.001;0.004;0.005;
54108;0.568;0.014;0.262;0.133;0.005;0.004;0.013;
54209;0.546;0.018;0.264;0.141;0.006;0.007;0.017;
54343;0.682;0.014;0.136;0.156;0.004;0.004;0.005;
54425;0.610;0.009;0.345;0.012;0.000;0.003;0.021;
54499;0.398;0.006;0.565;0.020;0.000;0.003;0.009;
54612;0.718;0.009;0.250;0.015;0.001;0.002;0.006;
54712;0.498;0.027;0.305;0.140;0.005;0.008;0.018;
54798;0.751;0.126;0.037;0.032;0.006;0.037;0.010;
54909;0.821;0.053;0.063;0.039;0.004;0.010;0.008;
54994;0.743;0.013;0.171;0.049;0.001;0.003;0.020;
55068;0.772;0.008;0.167;0.040;0.001;0.003;0.009;
55202;0.697;0.007;0.236;0.042;0.001;0.002;0.016;
55298;0.640;0.008;0.320;0.008;0.000;0.002;0.021;
55372;0.105;0.001;0.845;0.000;0.000;0.009;0.039;
55492;0.208;0.002;0.750;0.000;0.000;0.005;0.035;
55587;0.417;0.003;0.554;0.001;0.000;0.006;0.020;
55671;0.630;0.013;0.210;0.001;0.001;0.111;0.034;
55784;0.433;0.040;0.173;0.222;0.008;0.103;0.021;
55887;0.556;0.017;0.289;0.109;0.004;0.016;0.008;
55962;0.397;0.043;0.296;0.206;0.014;0.025;0.019;
56098;0.644;0.040;0.135;0.131;0.005;0.039;0.007;
56246;0.593;0.022;0.187;0.143;0.007;0.037;0.011;
56334;0.561;0.020;0.186;0.193;0.007;0.021;0.013;
56440;0.709;0.015;0.100;0.111;0.011;0.046;0.007;
56532;0.827;0.010;0.104;0.027;0.001;0.027;0.004;
56608;0.558;0.010;0.341;0.072;0.002;0.011;0.007;
56731;0.259;0.008;0.643;0.056;0.002;0.019;0.013;
56832;0.335;0.031;0.424;0.139;0.012;0.032;0.026;
56906;0.041;0.002;0.945;0.007;0.000;0.002;0.003;
57037;0.199;0.037;0.584;0.117;0.013;0.026;0.026;
57129;0.055;0.026;0.019;0.890;0.001;0.008;0.002;
57223;0.427;0.043;0.088;0.410;0.002;0.022;0.008;
57356;0.620;0.008;0.287;0.058;0.001;0.010;0.016;
57431;0.468;0.021;0.302;0.146;0.008;0.017;0.038;
57570;0.815;0.009;0.121;0.029;0.001;0.016;0.008;
57639;0.832;0.034;0.076;0.044;0.001;0.007;0.006;
57769;0.528;0.024;0.137;0.290;0.006;0.008;0.007;
57848;0.218;0.023;0.618;0.091;0.010;0.018;0.024;
57973;0.571;0.009;0.331;0.063;0.002;0.010;0.014;
58068;0.424;0.030;0.336;0.149;0.011;0.027;0.022;
58141;0.385;0.023;0.393;0.134;0.009;0.017;0.040;
58279;0.601;0.008;0.292;0.070;0.002;0.008;0.019;
58374;0.741;0.024;0.087;0.123;0.002;0.015;0.009;
58451;0.590;0.018;0.151;0.202;0.005;0.013;0.021;
58566;0.273;0.049;0.370;0.210;0.020;0.036;0.041;
58659;0.799;0.010;0.109;0.053;0.001;0.018;0.010;
58736;0.441;0.031;0.291;0.168;0.011;0.025;0.033;
58866;0.778;0.006;0.168;0.039;0.001;0.005;0.004;
58966;0.877;0.022;0.050;0.011;0.001;0.028;0.011;
59037;0.718;0.071;0.030;0.142;0.004;0.029;0.006;
59151;0.434;0.023;0.117;0.398;0.004;0.014;0.010;
59264;0.443;0.027;0.202;0.284;0.011;0.013;0.021;
59361;0.330;0.034;0.111;0.506;0.003;0.010;0.007;
59466;0.297;0.034;0.225;0.379;0.013;0.022;0.030;
59577;0.331;0.021;0.184;0.430;0.007;0.008;0.020;
59644;0.312;0.012;0.039;0.624;0.006;0.003;0.004;
59756;0.503;0.018;0.061;0.408;0.002;0.003;0.005;
59850;0.794;0.019;0.072;0.105;0.003;0.003;0.004;
59925;0.422;0.027;0.057;0.479;0.002;0.008;0.005;
60055;0.447;0.021;0.129;0.373;0.003;0.008;0.019;
60151;0.619;0.020;0.108;0.233;0.003;0.006;0.011;
60229;0.510;0.027;0.081;0.366;0.003;0.007;0.006;
60339;0.411;0.016;0.059;0.500;0.004;0.004;0.006;
60415;0.302;0.011;0.078;0.592;0.003;0.004;0.010;
60500;0.525;0.024;0.147;0.257;0.006;0.018;0.025;
60629;0.821;0.010;0.104;0.051;0.001;0.005;0.007;
60712;0.785;0.122;0.025;0.023;0.005;0.034;0.007;
60808;0.720;0.036;0.029;0.181;0.009;0.017;0.007;
60917;0.616;0.026;0.066;0.268;0.003;0.013;0.007;
61030;0.698;0.011;0.157;0.093;0.003;0.020;0.018;
61094;0.689;0.022;0.142;0.125;0.002;0.010;0.010;
61220;0.854;0.017;0.088;0.025;0.001;0.005;0.009;
61316;0.769;0.010;0.152;0.042;0.001;0.009;0.017;
61403;0.651;0.017;0.148;0.142;0.004;0.007;0.032;
61517;0.715;0.008;0.168;0.078;0.002;0.003;0.025;
61610;0.312;0.004;0.606;0.002;0.001;0.067;0.008;
61702;0.460;0.009;0.475;0.001;0.001;0.051;0.004;
61813;0.344;0.006;0.601;0.001;0.000;0.043;0.005;
61898;0.273;0.007;0.571;0.003;0.000;0.142;0.004;
61989;0.291;0.006;0.560;0.003;0.000;0.136;0.004;
62111;0.293;0.007;0.508;0.004;0.001;0.182;0.006;
62209;0.446;0.014;0.453;0.002;0.001;0.081;0.003;
62281;0.612;0.045;0.297;0.010;0.001;0.032;0.002;
62402;0.627;0.035;0.220;0.018;0.002;0.094;0.002;
62497;0.745;0.073;0.106;0.006;0.012;0.055;0.002;
62573;0.582;0.013;0.359;0.019;0.001;0.023;0.003;
62705;0.574;0.024;0.335;0.011;0.003;0.049;0.004;
62806;0.630;0.031;0.274;0.044;0.005;0.013;0.003;
62871;0.580;0.022;0.341;0.024;0.003;0.025;0.005;
62991;0.550;0.010;0.405;0.009;0.001;0.021;0.004;
63095;0.536;0.020;0.276;0.108;0.005;0.046;0.009;
63228;0.266;0.027;0.476;0.171;0.012;0.022;0.026;
63365;0.280;0.021;0.267;0.388;0.009;0.018;0.017;
63476;0.322;0.009;0.044;0.594;0.020;0.008;0.003;
63570;0.373;0.017;0.053;0.534;0.015;0.005;0.004;
63712;0.599;0.010;0.101;0.279;0.004;0.002;0.005;
63816;0.105;0.008;0.053;0.828;0.001;0.001;0.004;
63918;0.218;0.014;0.055;0.704;0.002;0.002;0.004;
64047;0.629;0.023;0.096;0.216;0.003;0.014;0.019;
64170;0.391;0.014;0.066;0.506;0.004;0.009;0.010;
64274;0.646;0.034;0.070;0.239;0.003;0.004;0.005;
64445;0.555;0.059;0.071;0.293;0.002;0.012;0.008;
64560;0.417;0.030;0.040;0.506;0.002;0.002;0.002;
64663;0.357;0.062;0.011;0.543;0.020;0.003;0.003;
64796;0.602;0.040;0.079;0.269;0.002;0.003;0.005;
64907;0.129;0.012;0.032;0.822;0.001;0.002;0.002;
64992;0.740;0.036;0.042;0.167;0.004;0.006;0.005;
65141;0.636;0.107;0.018;0.210;0.018;0.007;0.005;
65229;0.561;0.048;0.079;0.287;0.002;0.006;0.018;
65319;0.760;0.037;0.103;0.076;0.001;0.006;0.016;
65470;0.741;0.043;0.061;0.117;0.002;0.018;0.018;
65633;0.814;0.030;0.077;0.062;0.002;0.004;0.012;
65721;0.713;0.028;0.084;0.152;0.002;0.006;0.016;
65882;0.745;0.023;0.135;0.078;0.001;0.004;0.014;
66010;0.829;0.045;0.047;0.071;0.003;0.003;0.003;
66127;0.882;0.030;0.044;0.031;0.004;0.004;0.004;
66295;0.859;0.020;0.071;0.037;0.001;0.005;0.008;
66438;0.869;0.036;0.052;0.030;0.002;0.004;0.007;
66518;0.787;0.024;0.060;0.119;0.004;0.001;0.005;
66631;0.883;0.026;0.059;0.020;0.002;0.002;0.007;
66719;0.850;0.018;0.085;0.034;0.001;0.001;0.011;
66811;0.835;0.043;0.071;0.036;0.002;0.002;0.012;
66936;0.878;0.026;0.045;0.041;0.004;0.001;0.005;
67026;0.819;0.021;0.071;0.079;0.002;0.001;0.007;
67105;0.881;0.018;0.071;0.018;0.002;0.002;0.008;
67240;0.833;0.026;0.039;0.076;0.009;0.002;0.015;
67330;0.848;0.026;0.053;0.057;0.003;0.001;0.011;
67394;0.820;0.034;0.031;0.091;0.015;0.002;0.006;
67517;0.318;0.026;0.013;0.627;0.011;0.002;0.003;
67613;0.733;0.172;0.029;0.041;0.007;0.006;0.012;
67687;0.767;0.091;0.036;0.082;0.011;0.002;0.012;
67823;0.823;0.025;0.042;0.091;0.008;0.002;0.010;
67925;0.884;0.034;0.038;0.028;0.004;0.002;0.009;
68008;0.756;0.017;0.094;0.122;0.003;0.001;0.009;
68113;0.864;0.018;0.081;0.019;0.002;0.001;0.015;
68225;0.852;0.015;0.076;0.009;0.001;0.003;0.045;
68309;0.830;0.025;0.045;0.068;0.015;0.002;0.016;
68430;0.875;0.029;0.055;0.012;0.003;0.004;0.023;
68539;0.857;0.017;0.042;0.049;0.007;0.002;0.025;
68606;0.801;0.015;0.084;0.040;0.002;0.001;0.057;
68729;0.851;0.009;0.089;0.028;0.003;0.001;0.019;
68838;0.690;0.018;0.133;0.120;0.003;0.003;0.033;
68914;0.873;0.019;0.062;0.019;0.005;0.004;0.019;
69031;0.816;0.019;0.109;0.005;0.001;0.003;0.047;
69121;0.788;0.012;0.115;0.010;0.001;0.002;0.072;
69195;0.709;0.013;0.199;0.034;0.001;0.003;0.042;
69311;0.852;0.022;0.061;0.049;0.003;0.002;0.011;
69568;0.869;0.014;0.074;0.009;0.002;0.002;0.030;
69647;0.863;0.011;0.079;0.009;0.001;0.003;0.034;
69760;0.752;0.024;0.092;0.099;0.002;0.002;0.030;
69852;0.807;0.031;0.057;0.085;0.002;0.002;0.016;
69945;0.878;0.019;0.050;0.018;0.003;0.009;0.023;
70072;0.791;0.018;0.046;0.120;0.007;0.002;0.016;
70166;0.855;0.010;0.079;0.025;0.002;0.001;0.029;
70233;0.818;0.015;0.071;0.030;0.003;0.003;0.061;
70346;0.866;0.016;0.057;0.020;0.003;0.004;0.033;
70449;0.716;0.116;0.018;0.016;0.075;0.018;0.040;
70528;0.771;0.053;0.019;0.114;0.025;0.002;0.015;
70647;0.590;0.044;0.016;0.277;0.046;0.007;0.021;
70745;0.698;0.065;0.017;0.157;0.035;0.006;0.021;
70822;0.679;0.043;0.027;0.200;0.017;0.004;0.031;
70958;0.727;0.032;0.045;0.157;0.005;0.004;0.030;
71053;0.750;0.031;0.036;0.084;0.017;0.005;0.077;
71132;0.763;0.075;0.027;0.114;0.006;0.003;0.012;
71261;0.790;0.090;0.028;0.071;0.005;0.003;0.013;
71370;0.497;0.038;0.028;0.420;0.005;0.004;0.009;
71471;0.716;0.035;0.053;0.173;0.002;0.004;0.017;
71605;0.614;0.070;0.023;0.248;0.030;0.004;0.011;
71703;0.794;0.053;0.032;0.095;0.013;0.003;0.010;
71790;0.512;0.028;0.025;0.409;0.014;0.001;0.011;
71916;0.651;0.047;0.025;0.259;0.010;0.001;0.007;
72050;0.739;0.026;0.063;0.160;0.003;0.002;0.007;
72140;0.468;0.022;0.044;0.456;0.002;0.001;0.007;
72260;0.835;0.010;0.095;0.041;0.001;0.002;0.017;
72371;0.767;0.010;0.166;0.025;0.001;0.001;0.029;
72445;0.811;0.013;0.078;0.066;0.003;0.003;0.027;
72589;0.777;0.013;0.042;0.138;0.012;0.005;0.014;
72683;0.747;0.108;0.017;0.069;0.043;0.003;0.013;
72766;0.692;0.009;0.113;0.163;0.004;0.002;0.017;
72886;0.809;0.012;0.122;0.038;0.001;0.002;0.018;
72981;0.735;0.017;0.136;0.090;0.002;0.001;0.018;
73072;0.727;0.011;0.191;0.033;0.001;0.002;0.036;
73187;0.841;0.009;0.086;0.052;0.002;0.002;0.009;
73289;0.802;0.022;0.069;0.086;0.002;0.003;0.015;
73361;0.755;0.026;0.082;0.120;0.002;0.001;0.014;
73476;0.768;0.010;0.173;0.027;0.001;0.001;0.021;
73578;0.651;0.017;0.228;0.075;0.001;0.002;0.026;
73657;0.759;0.013;0.160;0.022;0.001;0.003;0.042;
73778;0.766;0.013;0.143;0.043;0.001;0.004;0.030;
73896;0.813;0.015;0.081;0.077;0.003;0.002;0.010;
73970;0.861;0.009;0.086;0.014;0.002;0.007;0.021;
74103;0.853;0.012;0.077;0.035;0.003;0.002;0.018;
74216;0.813;0.012;0.089;0.022;0.002;0.003;0.058;
74290;0.850;0.017;0.045;0.037;0.018;0.008;0.025;
74400;0.797;0.009;0.108;0.031;0.003;0.004;0.048;
74503;0.818;0.007;0.112;0.039;0.001;0.002;0.021;
74591;0.830;0.012;0.095;0.035;0.002;0.002;0.025;
74706;0.770;0.012;0.103;0.102;0.002;0.001;0.010;
74789;0.745;0.008;0.152;0.013;0.001;0.004;0.078;
74861;0.717;0.015;0.084;0.103;0.004;0.017;0.060;
74982;0.855;0.015;0.079;0.021;0.003;0.008;0.019;
75101;0.783;0.013;0.089;0.043;0.002;0.007;0.063;
75193;0.747;0.020;0.147;0.017;0.001;0.013;0.055;
75315;0.549;0.026;0.119;0.278;0.002;0.003;0.022;
75422;0.804;0.037;0.041;0.091;0.005;0.011;0.011;
75491;0.578;0.030;0.040;0.334;0.007;0.006;0.006;
75618;0.369;0.032;0.226;0.250;0.013;0.030;0.080;
75710;0.368;0.027;0.180;0.386;0.006;0.008;0.024;
75790;0.672;0.012;0.153;0.073;0.003;0.012;0.076;
75895;0.757;0.013;0.136;0.052;0.002;0.011;0.030;
76000;0.794;0.021;0.074;0.067;0.004;0.010;0.029;
76088;0.806;0.061;0.058;0.050;0.003;0.010;0.013;
76206;0.827;0.019;0.072;0.051;0.004;0.011;0.016;
76306;0.783;0.012;0.118;0.062;0.001;0.006;0.018;
76372;0.635;0.022;0.129;0.184;0.004;0.006;0.020;
76531;0.316;0.027;0.201;0.399;0.011;0.015;0.031;
76637;0.714;0.011;0.204;0.052;0.001;0.005;0.012;
76718;0.849;0.014;0.067;0.034;0.002;0.024;0.011;
76830;0.777;0.015;0.124;0.062;0.001;0.009;0.011;
76923;0.752;0.011;0.186;0.027;0.001;0.005;0.018;
77001;0.769;0.008;0.176;0.032;0.001;0.003;0.012;
77138;0.690;0.011;0.167;0.041;0.001;0.004;0.086;
77234;0.804;0.007;0.128;0.021;0.001;0.003;0.036;
77313;0.758;0.017;0.113;0.010;0.001;0.005;0.096;
77445;0.855;0.010;0.070;0.017;0.002;0.002;0.043;
77521;0.723;0.180;0.025;0.003;0.012;0.017;0.039;
77660;0.856;0.022;0.042;0.013;0.003;0.003;0.062;
77747;0.819;0.013;0.044;0.097;0.009;0.003;0.016;
77819;0.790;0.014;0.064;0.016;0.002;0.016;0.098;
77954;0.863;0.017;0.063;0.008;0.003;0.004;0.042;
78041;0.835;0.019;0.059;0.052;0.002;0.004;0.029;
78147;0.819;0.028;0.050;0.062;0.004;0.005;0.034;
78258;0.757;0.013;0.082;0.026;0.002;0.004;0.117;
78364;0.684;0.013;0.077;0.030;0.002;0.004;0.190;
78435;0.731;0.010;0.103;0.006;0.001;0.005;0.146;
78536;0.797;0.016;0.071;0.020;0.002;0.002;0.092;
78644;0.809;0.016;0.075;0.014;0.001;0.005;0.080;
78707;0.877;0.012;0.048;0.019;0.009;0.003;0.031;
78827;0.822;0.035;0.055;0.016;0.005;0.003;0.064;
78938;0.845;0.011;0.074;0.007;0.001;0.002;0.059;
79007;0.834;0.010;0.049;0.032;0.004;0.002;0.068;
79126;0.863;0.014;0.059;0.014;0.003;0.003;0.044;
79220;0.869;0.024;0.040;0.011;0.005;0.008;0.042;
79294;0.845;0.052;0.030;0.045;0.007;0.004;0.019;
79415;0.815;0.035;0.045;0.013;0.003;0.005;0.083;
79500;0.576;0.272;0.016;0.010;0.046;0.041;0.040;
79580;0.519;0.037;0.012;0.083;0.308;0.009;0.033;
79689;0.639;0.025;0.040;0.015;0.007;0.013;0.261;
79784;0.755;0.020;0.051;0.036;0.007;0.011;0.120;
79856;0.814;0.025;0.042;0.062;0.005;0.007;0.045;
79968;0.572;0.022;0.104;0.042;0.002;0.011;0.247;
80078;0.761;0.026;0.059;0.057;0.004;0.051;0.042;
80154;0.529;0.033;0.124;0.270;0.004;0.007;0.032;
80286;0.746;0.043;0.049;0.134;0.003;0.007;0.018;
80359;0.403;0.019;0.053;0.510;0.004;0.004;0.006;
80478;0.473;0.018;0.047;0.446;0.006;0.003;0.007;
80575;0.560;0.025;0.145;0.248;0.003;0.005;0.015;
80650;0.615;0.019;0.122;0.221;0.003;0.008;0.013;
80766;0.778;0.010;0.132;0.046;0.001;0.008;0.024;
80859;0.493;0.021;0.127;0.339;0.003;0.008;0.010;
80936;0.584;0.017;0.173;0.190;0.007;0.013;0.017;
81065;0.503;0.017;0.320;0.121;0.005;0.008;0.026;
81160;0.402;0.027;0.356;0.168;0.010;0.012;0.025;
81236;0.360;0.024;0.199;0.384;0.008;0.011;0.015;
81352;0.401;0.030;0.260;0.250;0.009;0.016;0.034;
81558;0.442;0.024;0.083;0.424;0.004;0.008;0.014;
81633;0.451;0.052;0.023;0.450;0.017;0.004;0.004;
