109;0.013;0.002;0.559;0.001;0.000;0.345;0.080;
236;0.015;0.003;0.572;0.001;0.001;0.316;0.092;
347;0.017;0.003;0.585;0.001;0.001;0.300;0.093;
462;0.017;0.002;0.549;0.001;0.000;0.318;0.113;
662;0.031;0.004;0.448;0.001;0.001;0.353;0.161;
825;0.032;0.006;0.210;0.002;0.002;0.607;0.141;
948;0.052;0.009;0.313;0.004;0.003;0.430;0.188;
1106;0.040;0.005;0.432;0.002;0.002;0.349;0.171;
1245;0.043;0.006;0.469;0.003;0.002;0.300;0.176;
1368;0.064;0.008;0.583;0.004;0.003;0.192;0.146;
1558;0.127;0.011;0.452;0.006;0.004;0.255;0.147;
1724;0.128;0.011;0.396;0.005;0.003;0.331;0.126;
1857;0.098;0.010;0.402;0.004;0.002;0.378;0.105;
1979;0.231;0.006;0.578;0.004;0.001;0.112;0.067;
2155;0.282;0.015;0.429;0.011;0.003;0.155;0.106;
2306;0.287;0.013;0.456;0.013;0.003;0.130;0.098;
2445;0.283;0.009;0.534;0.017;0.001;0.106;0.050;
2601;0.236;0.013;0.496;0.022;0.001;0.186;0.047;
2778;0.282;0.014;0.468;0.018;0.003;0.116;0.100;
2872;0.218;0.013;0.474;0.010;0.003;0.148;0.135;
3024;0.227;0.011;0.460;0.005;0.003;0.185;0.111;
3229;0.077;0.014;0.472;0.013;0.003;0.297;0.125;
3331;0.220;0.009;0.390;0.003;0.002;0.292;0.084;
3498;0.235;0.009;0.345;0.003;0.001;0.333;0.074;
3645;0.212;0.012;0.313;0.006;0.004;0.282;0.171;
3757;0.244;0.011;0.321;0.005;0.003;0.283;0.132;
3947;0.135;0.010;0.220;0.004;0.003;0.479;0.149;
4094;0.162;0.013;0.242;0.007;0.005;0.380;0.191;
4286;0.223;0.012;0.258;0.007;0.005;0.300;0.197;
4398;0.165;0.013;0.259;0.007;0.005;0.366;0.185;
4546;0.166;0.014;0.231;0.008;0.006;0.323;0.251;
4715;0.281;0.014;0.208;0.007;0.004;0.328;0.156;
4836;0.294;0.013;0.292;0.007;0.004;0.235;0.154;
5025;0.218;0.017;0.299;0.010;0.005;0.270;0.180;
5171;0.292;0.013;0.336;0.009;0.003;0.233;0.113;
5269;0.410;0.010;0.350;0.007;0.002;0.149;0.071;
5455;0.256;0.012;0.376;0.006;0.003;0.236;0.111;
5603;0.396;0.010;0.376;0.007;0.002;0.133;0.076;
5735;0.237;0.012;0.370;0.011;0.003;0.224;0.143;
5907;0.183;0.014;0.376;0.010;0.003;0.310;0.105;
6039;0.203;0.016;0.396;0.018;0.004;0.205;0.157;
6196;0.145;0.019;0.444;0.027;0.006;0.186;0.174;
6365;0.075;0.016;0.429;0.019;0.005;0.240;0.215;
6509;0.064;0.012;0.567;0.013;0.003;0.197;0.144;
6678;0.056;0.009;0.478;0.009;0.003;0.238;0.207;
6780;0.065;0.009;0.554;0.009;0.003;0.189;0.170;
6961;0.058;0.010;0.471;0.010;0.003;0.284;0.165;
7114;0.053;0.012;0.457;0.023;0.003;0.213;0.238;
7246;0.032;0.007;0.462;0.009;0.002;0.292;0.196;
7398;0.036;0.007;0.454;0.007;0.002;0.291;0.203;
7554;0.050;0.010;0.455;0.012;0.003;0.239;0.231;
7688;0.072;0.013;0.497;0.022;0.004;0.134;0.258;
7842;0.055;0.013;0.485;0.025;0.004;0.153;0.266;
8013;0.129;0.018;0.410;0.024;0.007;0.164;0.248;
8141;0.185;0.020;0.313;0.014;0.007;0.233;0.228;
8272;0.135;0.019;0.322;0.013;0.007;0.247;0.257;
8442;0.245;0.018;0.313;0.011;0.006;0.169;0.239;
8618;0.270;0.015;0.312;0.008;0.006;0.176;0.213;
8757;0.415;0.010;0.338;0.005;0.002;0.123;0.106;
8911;0.320;0.014;0.327;0.007;0.004;0.176;0.152;
9061;0.342;0.014;0.320;0.008;0.004;0.132;0.180;
9200;0.140;0.018;0.299;0.011;0.007;0.259;0.265;
9348;0.222;0.017;0.357;0.015;0.006;0.173;0.210;
9513;0.214;0.017;0.307;0.014;0.007;0.195;0.245;
9665;0.174;0.016;0.322;0.010;0.006;0.248;0.224;
9805;0.289;0.012;0.405;0.007;0.003;0.128;0.155;
9960;0.292;0.014;0.343;0.009;0.004;0.144;0.194;
10087;0.110;0.015;0.417;0.010;0.006;0.241;0.202;
10240;0.193;0.018;0.318;0.011;0.007;0.235;0.219;
10411;0.142;0.014;0.266;0.007;0.004;0.387;0.179;
10558;0.163;0.015;0.353;0.008;0.005;0.267;0.190;
10718;0.185;0.012;0.455;0.008;0.004;0.150;0.186;
10838;0.192;0.015;0.393;0.011;0.006;0.162;0.220;
11005;0.166;0.018;0.308;0.011;0.007;0.204;0.286;
11138;0.084;0.013;0.296;0.009;0.005;0.347;0.246;
11317;0.122;0.016;0.356;0.009;0.005;0.322;0.171;
11473;0.150;0.016;0.347;0.011;0.006;0.208;0.262;
11577;0.111;0.017;0.332;0.011;0.006;0.269;0.254;
11741;0.110;0.017;0.245;0.010;0.007;0.332;0.279;
11907;0.081;0.014;0.293;0.009;0.006;0.336;0.262;
12039;0.084;0.011;0.394;0.007;0.005;0.269;0.229;
12220;0.057;0.007;0.509;0.004;0.003;0.248;0.171;
12382;0.063;0.008;0.484;0.005;0.003;0.264;0.172;
12482;0.056;0.009;0.488;0.005;0.003;0.286;0.153;
12643;0.049;0.005;0.579;0.004;0.002;0.187;0.173;
12813;0.043;0.006;0.571;0.005;0.002;0.226;0.147;
12991;0.056;0.007;0.428;0.006;0.003;0.186;0.313;
13109;0.048;0.007;0.450;0.008;0.002;0.198;0.287;
13241;0.037;0.005;0.514;0.005;0.001;0.228;0.210;
13414;0.034;0.005;0.374;0.007;0.001;0.284;0.295;
13555;0.027;0.003;0.428;0.003;0.001;0.324;0.215;
13734;0.033;0.005;0.500;0.003;0.001;0.295;0.164;
13868;0.025;0.003;0.379;0.001;0.001;0.443;0.147;
14004;0.025;0.003;0.341;0.001;0.001;0.430;0.199;
14145;0.025;0.002;0.449;0.001;0.001;0.339;0.183;
14308;0.027;0.003;0.358;0.001;0.001;0.462;0.149;
14432;0.028;0.004;0.440;0.001;0.001;0.363;0.162;
14592;0.020;0.002;0.331;0.001;0.000;0.507;0.139;
14764;0.024;0.003;0.416;0.001;0.001;0.401;0.155;
14923;0.023;0.002;0.343;0.001;0.000;0.453;0.178;
15068;0.038;0.005;0.466;0.002;0.001;0.323;0.165;
15215;0.033;0.003;0.485;0.002;0.001;0.259;0.217;
15376;0.037;0.004;0.476;0.003;0.001;0.236;0.243;
15512;0.033;0.004;0.370;0.002;0.001;0.355;0.236;
15684;0.023;0.003;0.353;0.001;0.001;0.453;0.166;
15835;0.030;0.005;0.308;0.002;0.001;0.456;0.198;
15930;0.023;0.003;0.356;0.001;0.001;0.460;0.155;
16098;0.029;0.006;0.477;0.003;0.001;0.350;0.134;
16256;0.026;0.005;0.402;0.003;0.001;0.386;0.178;
16398;0.026;0.005;0.441;0.004;0.002;0.337;0.184;
16565;0.029;0.006;0.443;0.006;0.002;0.307;0.206;
16725;0.028;0.006;0.444;0.006;0.002;0.337;0.176;
16841;0.031;0.004;0.345;0.002;0.001;0.404;0.213;
17009;0.038;0.005;0.394;0.003;0.001;0.360;0.199;
17161;0.038;0.006;0.301;0.003;0.002;0.400;0.250;
17321;0.036;0.005;0.440;0.002;0.001;0.298;0.219;
17473;0.028;0.004;0.406;0.002;0.001;0.336;0.223;
17592;0.039;0.005;0.442;0.004;0.001;0.251;0.257;
17773;0.029;0.005;0.449;0.003;0.001;0.296;0.217;
17901;0.026;0.006;0.528;0.004;0.002;0.286;0.147;
18074;0.022;0.004;0.481;0.002;0.001;0.359;0.131;
18241;0.023;0.003;0.407;0.001;0.001;0.420;0.146;
18371;0.021;0.002;0.311;0.001;0.000;0.502;0.163;
18497;0.022;0.003;0.411;0.001;0.000;0.422;0.141;
18649;0.023;0.003;0.363;0.001;0.000;0.447;0.163;
18798;0.030;0.003;0.385;0.001;0.001;0.399;0.180;
18949;0.026;0.003;0.312;0.001;0.001;0.492;0.164;
19117;0.045;0.007;0.363;0.003;0.003;0.365;0.214;
19260;0.028;0.005;0.327;0.001;0.001;0.521;0.118;
19403;0.033;0.004;0.494;0.001;0.001;0.336;0.131;
19552;0.039;0.005;0.423;0.002;0.002;0.340;0.190;
19732;0.047;0.007;0.346;0.004;0.003;0.341;0.253;
19858;0.057;0.008;0.338;0.005;0.003;0.336;0.252;
20023;0.196;0.013;0.363;0.008;0.005;0.184;0.231;
20162;0.186;0.014;0.339;0.008;0.005;0.239;0.209;
20298;0.214;0.011;0.395;0.005;0.004;0.213;0.158;
20462;0.101;0.010;0.434;0.005;0.004;0.259;0.188;
20631;0.099;0.011;0.391;0.006;0.005;0.289;0.198;
20765;0.062;0.008;0.410;0.005;0.004;0.282;0.229;
20916;0.053;0.008;0.353;0.005;0.004;0.367;0.212;
21053;0.087;0.010;0.469;0.005;0.004;0.245;0.179;
21212;0.064;0.010;0.324;0.005;0.004;0.334;0.257;
21347;0.073;0.011;0.360;0.007;0.005;0.272;0.272;
21517;0.080;0.011;0.376;0.006;0.005;0.211;0.311;
21677;0.078;0.013;0.367;0.007;0.006;0.236;0.293;
21795;0.084;0.012;0.369;0.007;0.006;0.276;0.247;
21960;0.069;0.010;0.334;0.006;0.005;0.348;0.228;
22125;0.079;0.013;0.331;0.007;0.005;0.332;0.234;
22252;0.096;0.012;0.332;0.007;0.006;0.249;0.298;
22420;0.111;0.013;0.373;0.007;0.006;0.249;0.241;
22585;0.095;0.014;0.335;0.008;0.007;0.244;0.298;
22709;0.072;0.012;0.340;0.007;0.005;0.288;0.276;
22862;0.103;0.015;0.347;0.008;0.007;0.276;0.245;
23023;0.082;0.016;0.271;0.009;0.007;0.316;0.300;
23164;0.125;0.014;0.390;0.008;0.006;0.223;0.235;
23326;0.100;0.012;0.390;0.007;0.005;0.266;0.219;
23476;0.127;0.013;0.362;0.007;0.006;0.283;0.201;
23631;0.079;0.011;0.310;0.006;0.005;0.394;0.195;
23775;0.061;0.010;0.344;0.005;0.005;0.374;0.201;
23920;0.046;0.008;0.283;0.004;0.003;0.438;0.217;
24082;0.059;0.008;0.372;0.005;0.004;0.285;0.267;
24235;0.058;0.009;0.312;0.005;0.004;0.332;0.280;
24360;0.048;0.009;0.259;0.005;0.004;0.333;0.341;
24513;0.055;0.009;0.333;0.005;0.004;0.286;0.308;
24671;0.038;0.007;0.227;0.003;0.002;0.505;0.217;
24827;0.069;0.013;0.311;0.007;0.006;0.308;0.287;
24960;0.060;0.010;0.322;0.006;0.005;0.309;0.289;
25085;0.061;0.010;0.289;0.006;0.005;0.380;0.250;
25276;0.091;0.010;0.468;0.006;0.005;0.215;0.205;
25420;0.069;0.009;0.471;0.004;0.003;0.286;0.158;
25586;0.030;0.003;0.328;0.002;0.001;0.360;0.275;
25736;0.031;0.003;0.411;0.001;0.001;0.351;0.201;
25871;0.033;0.004;0.475;0.002;0.001;0.323;0.163;
26027;0.035;0.005;0.419;0.002;0.001;0.311;0.227;
26156;0.025;0.002;0.370;0.001;0.001;0.393;0.207;
26320;0.033;0.004;0.438;0.001;0.001;0.298;0.225;
26498;0.033;0.004;0.429;0.002;0.001;0.240;0.290;
26621;0.035;0.004;0.455;0.002;0.001;0.254;0.249;
26749;0.025;0.002;0.378;0.001;0.001;0.366;0.228;
26915;0.029;0.004;0.458;0.002;0.001;0.342;0.164;
27071;0.030;0.003;0.396;0.001;0.001;0.346;0.223;
27242;0.032;0.005;0.413;0.002;0.001;0.322;0.225;
27387;0.022;0.003;0.350;0.002;0.001;0.436;0.186;
27533;0.025;0.004;0.395;0.002;0.001;0.386;0.187;
27652;0.033;0.004;0.381;0.002;0.001;0.320;0.260;
27805;0.033;0.005;0.411;0.002;0.001;0.351;0.197;
27999;0.038;0.006;0.333;0.003;0.002;0.347;0.270;
28134;0.031;0.005;0.343;0.003;0.001;0.399;0.219;
28276;0.027;0.004;0.368;0.002;0.001;0.423;0.176;
28425;0.050;0.007;0.397;0.005;0.003;0.233;0.307;
28557;0.035;0.005;0.316;0.003;0.002;0.391;0.248;
28738;0.039;0.005;0.443;0.003;0.002;0.300;0.208;
28893;0.040;0.005;0.444;0.002;0.001;0.323;0.185;
29020;0.036;0.005;0.438;0.002;0.001;0.269;0.249;
29182;0.044;0.006;0.349;0.004;0.002;0.284;0.311;
29318;0.034;0.005;0.310;0.003;0.001;0.367;0.280;
29451;0.040;0.006;0.389;0.003;0.002;0.357;0.203;
29624;0.028;0.003;0.281;0.001;0.001;0.484;0.201;
29795;0.051;0.007;0.429;0.004;0.003;0.273;0.234;
29935;0.056;0.008;0.326;0.004;0.003;0.389;0.214;
30065;0.048;0.008;0.309;0.004;0.003;0.363;0.265;
30254;0.064;0.009;0.353;0.005;0.004;0.342;0.222;
30384;0.054;0.009;0.313;0.005;0.004;0.359;0.256;
30528;0.047;0.008;0.257;0.004;0.003;0.453;0.228;
30697;0.042;0.006;0.319;0.003;0.002;0.407;0.221;
30824;0.059;0.010;0.242;0.005;0.004;0.432;0.247;
30983;0.048;0.009;0.234;0.005;0.004;0.413;0.287;
31128;0.070;0.014;0.253;0.008;0.006;0.345;0.304;
31300;0.052;0.010;0.281;0.005;0.004;0.365;0.282;
31431;0.069;0.011;0.253;0.007;0.005;0.313;0.341;
31563;0.086;0.014;0.227;0.008;0.006;0.294;0.365;
31745;0.072;0.014;0.269;0.007;0.006;0.347;0.285;
31858;0.135;0.015;0.240;0.008;0.007;0.288;0.307;
32029;0.202;0.013;0.339;0.007;0.005;0.177;0.256;
32187;0.113;0.015;0.295;0.009;0.007;0.290;0.271;
32337;0.093;0.012;0.390;0.007;0.005;0.191;0.302;
32457;0.194;0.012;0.357;0.006;0.005;0.190;0.236;
32629;0.113;0.012;0.399;0.007;0.006;0.193;0.270;
32788;0.079;0.012;0.327;0.007;0.006;0.230;0.338;
32912;0.114;0.011;0.398;0.006;0.005;0.202;0.264;
33071;0.186;0.010;0.419;0.005;0.004;0.142;0.233;
33255;0.294;0.008;0.423;0.003;0.002;0.084;0.186;
33365;0.243;0.012;0.306;0.006;0.005;0.139;0.290;
33542;0.221;0.014;0.314;0.007;0.006;0.187;0.250;
33684;0.225;0.015;0.239;0.008;0.006;0.158;0.349;
33821;0.207;0.013;0.192;0.006;0.005;0.129;0.449;
33943;0.355;0.010;0.299;0.004;0.003;0.110;0.220;
34131;0.301;0.010;0.313;0.005;0.004;0.117;0.250;
34289;0.351;0.012;0.254;0.005;0.004;0.173;0.201;
34416;0.268;0.015;0.250;0.007;0.005;0.179;0.277;
34591;0.336;0.010;0.251;0.005;0.003;0.106;0.289;
34774;0.318;0.012;0.215;0.006;0.004;0.116;0.330;
34875;0.416;0.013;0.194;0.005;0.004;0.147;0.221;
35020;0.319;0.014;0.231;0.007;0.005;0.133;0.292;
35177;0.282;0.014;0.212;0.007;0.005;0.140;0.340;
35302;0.335;0.013;0.234;0.007;0.004;0.146;0.260;
35485;0.292;0.012;0.324;0.005;0.004;0.175;0.187;
35647;0.262;0.015;0.236;0.008;0.006;0.155;0.320;
35753;0.263;0.012;0.365;0.005;0.004;0.186;0.165;
35924;0.361;0.015;0.242;0.006;0.005;0.164;0.208;
36090;0.196;0.012;0.272;0.006;0.005;0.122;0.387;
36256;0.148;0.012;0.381;0.006;0.005;0.119;0.330;
36378;0.164;0.015;0.314;0.008;0.006;0.218;0.275;
36562;0.313;0.009;0.406;0.003;0.002;0.118;0.148;
36669;0.318;0.009;0.360;0.004;0.003;0.115;0.190;
36814;0.251;0.012;0.379;0.006;0.004;0.126;0.223;
36995;0.220;0.012;0.320;0.006;0.004;0.129;0.308;
37151;0.229;0.012;0.365;0.006;0.004;0.135;0.249;
37281;0.271;0.010;0.410;0.004;0.003;0.127;0.175;
37418;0.370;0.009;0.355;0.003;0.002;0.089;0.173;
37582;0.402;0.006;0.341;0.003;0.001;0.055;0.192;
37740;0.285;0.009;0.372;0.005;0.003;0.100;0.226;
37895;0.311;0.011;0.256;0.005;0.003;0.082;0.333;
38042;0.444;0.007;0.319;0.002;0.001;0.063;0.164;
38186;0.299;0.010;0.273;0.006;0.004;0.098;0.311;
38316;0.327;0.012;0.297;0.005;0.004;0.119;0.236;
38487;0.290;0.010;0.357;0.004;0.003;0.106;0.230;
38643;0.224;0.010;0.410;0.005;0.004;0.116;0.231;
38777;0.158;0.015;0.297;0.009;0.007;0.197;0.316;
38940;0.151;0.013;0.344;0.008;0.006;0.170;0.307;
39088;0.186;0.012;0.414;0.006;0.005;0.157;0.221;
39241;0.116;0.012;0.364;0.007;0.006;0.177;0.319;
39379;0.210;0.010;0.421;0.005;0.004;0.142;0.208;
39578;0.117;0.011;0.404;0.007;0.005;0.215;0.241;
39671;0.162;0.011;0.434;0.006;0.005;0.178;0.205;
39813;0.142;0.015;0.308;0.009;0.007;0.211;0.307;
39987;0.237;0.010;0.358;0.005;0.004;0.173;0.212;
40118;0.186;0.011;0.397;0.005;0.004;0.211;0.186;
40299;0.190;0.010;0.437;0.005;0.004;0.178;0.178;
40463;0.146;0.011;0.464;0.006;0.004;0.170;0.199;
40583;0.102;0.012;0.396;0.007;0.006;0.225;0.253;
40727;0.112;0.011;0.351;0.007;0.006;0.179;0.334;
40880;0.095;0.012;0.350;0.007;0.006;0.221;0.308;
41048;0.176;0.012;0.387;0.006;0.005;0.189;0.226;
41198;0.117;0.014;0.313;0.008;0.007;0.230;0.311;
41320;0.153;0.012;0.390;0.007;0.005;0.198;0.234;
41469;0.093;0.013;0.318;0.007;0.006;0.297;0.266;
41632;0.079;0.013;0.299;0.008;0.007;0.227;0.367;
41808;0.125;0.011;0.422;0.006;0.005;0.181;0.250;
41947;0.097;0.012;0.402;0.007;0.005;0.208;0.269;
42053;0.125;0.013;0.342;0.007;0.006;0.278;0.229;
42244;0.163;0.013;0.398;0.007;0.005;0.191;0.222;
42403;0.123;0.013;0.382;0.007;0.006;0.232;0.236;
42565;0.093;0.013;0.346;0.008;0.006;0.245;0.289;
42696;0.093;0.014;0.314;0.008;0.007;0.292;0.273;
42825;0.103;0.011;0.345;0.007;0.005;0.218;0.311;
42989;0.107;0.012;0.332;0.007;0.006;0.236;0.299;
43125;0.178;0.011;0.380;0.006;0.005;0.176;0.244;
43302;0.118;0.014;0.315;0.008;0.007;0.239;0.299;
43474;0.089;0.012;0.349;0.007;0.006;0.229;0.309;
43592;0.073;0.010;0.310;0.006;0.005;0.242;0.353;
43745;0.082;0.010;0.368;0.006;0.005;0.244;0.284;
43916;0.078;0.010;0.366;0.006;0.005;0.291;0.243;
44047;0.062;0.010;0.357;0.006;0.005;0.255;0.305;
44187;0.084;0.014;0.305;0.008;0.006;0.287;0.297;
44330;0.067;0.011;0.253;0.007;0.005;0.198;0.459;
44492;0.136;0.010;0.446;0.006;0.004;0.173;0.224;
44637;0.110;0.011;0.446;0.006;0.005;0.155;0.266;
44809;0.060;0.010;0.336;0.005;0.004;0.327;0.258;
44951;0.066;0.009;0.425;0.005;0.004;0.226;0.265;
45070;0.039;0.005;0.406;0.003;0.002;0.279;0.266;
45263;0.058;0.008;0.333;0.005;0.004;0.286;0.306;
45403;0.049;0.008;0.381;0.005;0.004;0.316;0.239;
45547;0.049;0.007;0.401;0.004;0.003;0.295;0.240;
45703;0.049;0.006;0.481;0.003;0.003;0.220;0.238;
45831;0.057;0.007;0.433;0.004;0.003;0.230;0.265;
45973;0.048;0.006;0.460;0.004;0.003;0.242;0.238;
46134;0.048;0.007;0.322;0.004;0.003;0.310;0.306;
46283;0.052;0.008;0.345;0.004;0.003;0.310;0.278;
46421;0.052;0.007;0.416;0.004;0.003;0.248;0.270;
46569;0.038;0.005;0.382;0.003;0.002;0.300;0.270;
46756;0.057;0.008;0.396;0.005;0.004;0.211;0.320;
46913;0.057;0.008;0.372;0.005;0.004;0.283;0.272;
47218;0.033;0.004;0.377;0.002;0.001;0.388;0.195;
47332;0.031;0.003;0.319;0.002;0.001;0.320;0.324;
47481;0.032;0.004;0.320;0.002;0.001;0.373;0.268;
47628;0.033;0.003;0.350;0.002;0.001;0.344;0.266;
47804;0.040;0.006;0.309;0.004;0.003;0.373;0.265;
47932;0.028;0.003;0.379;0.001;0.001;0.374;0.214;
48082;0.035;0.004;0.382;0.002;0.001;0.399;0.177;
48244;0.040;0.004;0.393;0.002;0.002;0.373;0.185;
48403;0.043;0.005;0.339;0.003;0.002;0.329;0.278;
48538;0.051;0.007;0.403;0.004;0.003;0.326;0.206;
48689;0.040;0.006;0.318;0.003;0.002;0.399;0.232;
48840;0.033;0.004;0.321;0.002;0.002;0.414;0.224;
48972;0.029;0.003;0.412;0.001;0.001;0.355;0.199;
49126;0.030;0.003;0.381;0.001;0.001;0.357;0.227;
49281;0.038;0.005;0.377;0.003;0.002;0.359;0.217;
49432;0.027;0.003;0.352;0.001;0.001;0.427;0.188;
49588;0.030;0.003;0.438;0.002;0.001;0.355;0.171;
49707;0.022;0.002;0.289;0.001;0.001;0.453;0.232;
49900;0.028;0.003;0.382;0.001;0.001;0.391;0.195;
50049;0.035;0.004;0.441;0.002;0.002;0.307;0.209;
50198;0.031;0.003;0.434;0.001;0.001;0.288;0.241;
50342;0.026;0.003;0.317;0.001;0.001;0.433;0.220;
50482;0.033;0.003;0.533;0.002;0.001;0.248;0.180;
50631;0.024;0.002;0.391;0.001;0.000;0.345;0.236;
50783;0.023;0.003;0.469;0.001;0.001;0.294;0.210;
50947;0.029;0.003;0.352;0.001;0.001;0.299;0.315;
51104;0.020;0.002;0.282;0.001;0.000;0.475;0.221;
51256;0.024;0.003;0.315;0.001;0.001;0.423;0.233;
51399;0.021;0.002;0.310;0.001;0.000;0.420;0.247;
51555;0.026;0.003;0.447;0.001;0.001;0.309;0.213;
51717;0.029;0.003;0.385;0.002;0.001;0.303;0.277;
51834;0.030;0.003;0.320;0.002;0.001;0.313;0.330;
51972;0.029;0.003;0.324;0.001;0.001;0.390;0.252;
52129;0.025;0.002;0.342;0.001;0.001;0.397;0.232;
52272;0.019;0.002;0.300;0.001;0.000;0.400;0.279;
52438;0.022;0.002;0.351;0.001;0.000;0.314;0.311;
52604;0.025;0.003;0.398;0.002;0.001;0.281;0.291;
52733;0.022;0.003;0.423;0.001;0.001;0.288;0.262;
52907;0.027;0.003;0.353;0.001;0.001;0.318;0.297;
53038;0.028;0.003;0.351;0.001;0.001;0.284;0.333;
53201;0.024;0.003;0.371;0.002;0.001;0.354;0.244;
53340;0.021;0.002;0.338;0.001;0.001;0.412;0.225;
53506;0.026;0.004;0.399;0.004;0.002;0.271;0.295;
53636;0.029;0.003;0.414;0.003;0.001;0.206;0.345;
53764;0.035;0.003;0.427;0.002;0.001;0.247;0.286;
53937;0.026;0.002;0.390;0.001;0.001;0.331;0.250;
54099;0.029;0.003;0.427;0.001;0.001;0.316;0.224;
54254;0.031;0.003;0.406;0.001;0.001;0.303;0.255;
54426;0.032;0.003;0.375;0.002;0.001;0.240;0.347;
54535;0.034;0.003;0.452;0.002;0.001;0.254;0.254;
54679;0.028;0.002;0.376;0.001;0.001;0.310;0.281;
54846;0.045;0.005;0.400;0.003;0.002;0.275;0.271;
55021;0.052;0.006;0.433;0.003;0.002;0.190;0.313;
55117;0.042;0.005;0.422;0.002;0.002;0.273;0.254;
55284;0.033;0.003;0.550;0.001;0.001;0.184;0.228;
55457;0.048;0.004;0.531;0.002;0.002;0.146;0.267;
55605;0.054;0.005;0.529;0.003;0.002;0.093;0.313;
55749;0.061;0.005;0.379;0.003;0.002;0.078;0.472;
55908;0.055;0.007;0.458;0.004;0.003;0.167;0.308;
56066;0.042;0.004;0.401;0.002;0.001;0.186;0.364;
56198;0.041;0.004;0.347;0.002;0.001;0.177;0.429;
56359;0.039;0.004;0.452;0.002;0.001;0.164;0.338;
56508;0.050;0.006;0.390;0.004;0.003;0.210;0.338;
56653;0.038;0.005;0.425;0.002;0.001;0.298;0.231;
56784;0.038;0.004;0.373;0.002;0.001;0.254;0.328;
56962;0.036;0.004;0.473;0.002;0.001;0.238;0.245;
57085;0.035;0.004;0.427;0.002;0.001;0.270;0.260;
57250;0.028;0.004;0.299;0.002;0.001;0.468;0.198;
57397;0.058;0.008;0.576;0.008;0.002;0.191;0.156;
57566;0.037;0.010;0.561;0.041;0.003;0.136;0.212;
57693;0.009;0.006;0.076;0.834;0.001;0.028;0.047;
57863;0.006;0.000;0.263;0.687;0.000;0.001;0.043;
58009;0.009;0.000;0.866;0.064;0.000;0.000;0.061;
58113;0.009;0.000;0.895;0.001;0.000;0.002;0.092;
58269;0.002;0.000;0.950;0.001;0.000;0.006;0.041;
58433;0.001;0.001;0.987;0.000;0.000;0.001;0.010;
58589;0.001;0.001;0.984;0.000;0.000;0.002;0.012;
58753;0.001;0.002;0.990;0.000;0.000;0.001;0.006;
58927;0.004;0.001;0.958;0.001;0.000;0.006;0.031;
59054;0.009;0.001;0.840;0.001;0.000;0.045;0.103;
59192;0.017;0.004;0.725;0.004;0.002;0.101;0.146;
59366;0.012;0.001;0.702;0.001;0.000;0.183;0.100;
59494;0.016;0.005;0.644;0.005;0.003;0.161;0.167;
59639;0.012;0.007;0.760;0.005;0.002;0.125;0.089;
59794;0.016;0.009;0.735;0.009;0.003;0.120;0.109;
59977;0.020;0.005;0.694;0.008;0.002;0.113;0.157;
60091;0.010;0.005;0.840;0.004;0.001;0.072;0.069;
60247;0.012;0.004;0.800;0.004;0.001;0.084;0.095;
60439;0.016;0.004;0.788;0.004;0.002;0.081;0.104;
60566;0.019;0.004;0.723;0.003;0.002;0.144;0.106;
60695;0.016;0.004;0.707;0.005;0.002;0.143;0.122;
60854;0.023;0.003;0.692;0.003;0.001;0.156;0.121;
60994;0.023;0.004;0.633;0.004;0.002;0.160;0.174;
61156;0.025;0.002;0.705;0.001;0.001;0.109;0.156;
61294;0.024;0.003;0.603;0.002;0.001;0.193;0.175;
61416;0.029;0.003;0.673;0.002;0.001;0.112;0.180;
61586;0.040;0.004;0.678;0.003;0.001;0.084;0.190;
61770;0.042;0.003;0.693;0.003;0.001;0.088;0.170;
61921;0.038;0.003;0.639;0.002;0.001;0.153;0.164;
62091;0.043;0.003;0.728;0.002;0.001;0.113;0.109;
62191;0.026;0.002;0.641;0.001;0.001;0.193;0.137;
62357;0.033;0.003;0.667;0.001;0.001;0.183;0.111;
62509;0.053;0.005;0.590;0.003;0.002;0.188;0.159;
62652;0.042;0.003;0.678;0.002;0.001;0.132;0.142;
62805;0.044;0.004;0.651;0.002;0.001;0.132;0.165;
62940;0.031;0.003;0.570;0.001;0.001;0.216;0.178;
63104;0.027;0.003;0.565;0.002;0.001;0.176;0.226;
63275;0.024;0.004;0.457;0.003;0.001;0.281;0.230;
63439;0.020;0.003;0.502;0.002;0.001;0.315;0.157;
63549;0.021;0.002;0.578;0.001;0.000;0.247;0.151;
63686;0.021;0.003;0.561;0.001;0.000;0.298;0.116;
63872;0.029;0.003;0.642;0.001;0.001;0.206;0.118;
64002;0.023;0.002;0.567;0.001;0.000;0.266;0.141;
64130;0.021;0.002;0.563;0.001;0.000;0.299;0.114;
64287;0.023;0.002;0.674;0.001;0.000;0.188;0.113;
64452;0.019;0.002;0.579;0.001;0.000;0.220;0.180;
64614;0.018;0.002;0.577;0.001;0.000;0.245;0.157;
64774;0.025;0.002;0.667;0.001;0.000;0.177;0.126;
64923;0.022;0.002;0.593;0.001;0.000;0.217;0.165;
65041;0.022;0.002;0.580;0.001;0.000;0.233;0.161;
65208;0.024;0.003;0.479;0.003;0.001;0.296;0.195;
65343;0.029;0.003;0.494;0.002;0.001;0.255;0.217;
65514;0.031;0.004;0.543;0.002;0.001;0.272;0.147;
65682;0.036;0.005;0.497;0.003;0.001;0.265;0.194;
65796;0.027;0.003;0.448;0.001;0.001;0.386;0.133;
65923;0.023;0.003;0.447;0.001;0.000;0.398;0.127;
66097;0.037;0.004;0.447;0.002;0.001;0.268;0.241;
66258;0.036;0.004;0.485;0.003;0.001;0.281;0.190;
66458;0.081;0.012;0.417;0.008;0.004;0.262;0.216;
66614;0.070;0.010;0.397;0.007;0.004;0.242;0.270;
66732;0.051;0.008;0.308;0.006;0.003;0.336;0.288;
66845;0.072;0.011;0.340;0.009;0.005;0.248;0.316;
67011;0.090;0.011;0.436;0.010;0.005;0.182;0.267;
67174;0.107;0.012;0.470;0.010;0.005;0.163;0.234;
67306;0.117;0.014;0.427;0.011;0.006;0.187;0.238;
67463;0.215;0.013;0.353;0.009;0.005;0.160;0.245;
67607;0.066;0.010;0.341;0.006;0.004;0.328;0.245;
67749;0.073;0.010;0.376;0.007;0.004;0.228;0.302;
67948;0.109;0.013;0.399;0.010;0.006;0.157;0.306;
68066;0.118;0.013;0.376;0.010;0.006;0.156;0.321;
68226;0.105;0.012;0.426;0.007;0.005;0.195;0.249;
68354;0.150;0.013;0.472;0.008;0.004;0.149;0.203;
68537;0.304;0.010;0.404;0.005;0.002;0.122;0.153;
68707;0.362;0.011;0.345;0.005;0.003;0.145;0.130;
68832;0.098;0.014;0.351;0.009;0.006;0.223;0.298;
68943;0.103;0.013;0.407;0.008;0.005;0.216;0.248;
69105;0.119;0.012;0.438;0.008;0.005;0.153;0.265;
69259;0.249;0.013;0.294;0.007;0.005;0.114;0.318;
69451;0.248;0.014;0.383;0.008;0.005;0.139;0.203;
69553;0.143;0.011;0.431;0.008;0.005;0.176;0.226;
69710;0.186;0.014;0.322;0.011;0.006;0.154;0.307;
69854;0.223;0.013;0.394;0.007;0.004;0.153;0.205;
70031;0.275;0.011;0.381;0.008;0.004;0.110;0.211;
70177;0.286;0.012;0.374;0.006;0.004;0.131;0.188;
70301;0.179;0.018;0.264;0.011;0.007;0.215;0.306;
70456;0.205;0.017;0.316;0.009;0.006;0.172;0.275;
70640;0.171;0.015;0.397;0.009;0.005;0.170;0.232;
70772;0.219;0.014;0.353;0.009;0.005;0.173;0.227;
70939;0.186;0.011;0.424;0.007;0.004;0.135;0.232;
71092;0.219;0.012;0.436;0.007;0.004;0.143;0.178;
71220;0.189;0.014;0.429;0.009;0.005;0.129;0.226;
71363;0.188;0.015;0.371;0.007;0.005;0.178;0.235;
71529;0.162;0.016;0.322;0.009;0.006;0.201;0.284;
71649;0.144;0.015;0.402;0.008;0.006;0.205;0.221;
71800;0.204;0.015;0.386;0.008;0.005;0.142;0.240;
71966;0.265;0.013;0.391;0.005;0.004;0.135;0.187;
72119;0.152;0.014;0.370;0.008;0.006;0.212;0.239;
72249;0.244;0.015;0.319;0.007;0.006;0.149;0.260;
72440;0.132;0.015;0.382;0.008;0.006;0.222;0.236;
72590;0.101;0.015;0.281;0.009;0.007;0.283;0.304;
72705;0.168;0.013;0.421;0.006;0.005;0.168;0.219;
72878;0.206;0.013;0.345;0.006;0.005;0.231;0.193;
73008;0.226;0.010;0.431;0.006;0.004;0.096;0.228;
73133;0.159;0.016;0.355;0.011;0.006;0.184;0.269;
73307;0.291;0.014;0.333;0.007;0.004;0.116;0.235;
73481;0.493;0.008;0.291;0.003;0.001;0.074;0.130;
73597;0.440;0.012;0.292;0.004;0.003;0.131;0.118;
73766;0.303;0.011;0.325;0.005;0.003;0.103;0.250;
73962;0.078;0.013;0.276;0.008;0.006;0.252;0.367;
74051;0.170;0.016;0.315;0.009;0.007;0.179;0.304;
74226;0.183;0.015;0.352;0.008;0.006;0.154;0.282;
74350;0.199;0.014;0.329;0.009;0.006;0.113;0.331;
74507;0.121;0.016;0.224;0.010;0.007;0.253;0.371;
74672;0.160;0.014;0.348;0.009;0.006;0.183;0.281;
74815;0.201;0.015;0.325;0.009;0.006;0.188;0.255;
74959;0.169;0.018;0.318;0.010;0.007;0.183;0.295;
75140;0.102;0.017;0.312;0.010;0.007;0.234;0.319;
75284;0.120;0.016;0.342;0.010;0.007;0.204;0.301;
75462;0.074;0.013;0.392;0.010;0.005;0.249;0.257;
75633;0.067;0.009;0.464;0.006;0.003;0.228;0.221;
75757;0.093;0.012;0.416;0.007;0.005;0.194;0.274;
75860;0.122;0.016;0.442;0.008;0.005;0.213;0.194;
76025;0.073;0.010;0.511;0.006;0.004;0.168;0.228;
76160;0.072;0.011;0.481;0.007;0.004;0.189;0.236;
76318;0.054;0.006;0.580;0.005;0.002;0.150;0.202;
76481;0.048;0.006;0.517;0.004;0.002;0.231;0.191;
76595;0.055;0.006;0.508;0.005;0.002;0.253;0.171;
76756;0.060;0.007;0.589;0.008;0.002;0.191;0.142;
76958;0.038;0.005;0.455;0.006;0.001;0.262;0.233;
77084;0.082;0.008;0.332;0.004;0.003;0.414;0.156;
77201;0.060;0.006;0.330;0.003;0.001;0.525;0.077;
77370;0.059;0.007;0.585;0.005;0.001;0.303;0.040;
77492;0.030;0.003;0.237;0.001;0.001;0.677;0.052;
77686;0.046;0.006;0.243;0.002;0.001;0.635;0.067;
77829;0.013;0.003;0.227;0.000;0.000;0.739;0.018;
77942;0.014;0.012;0.427;0.001;0.000;0.536;0.010;
78130;0.013;0.029;0.640;0.003;0.001;0.296;0.018;
78280;0.017;0.012;0.630;0.002;0.000;0.322;0.016;
78438;0.012;0.001;0.928;0.000;0.000;0.016;0.042;
78574;0.176;0.571;0.070;0.003;0.007;0.166;0.006;
78686;0.146;0.035;0.656;0.001;0.001;0.157;0.004;
78870;0.010;0.001;0.464;0.000;0.000;0.525;0.001;
79053;0.014;0.003;0.348;0.000;0.000;0.635;0.000;
79168;0.028;0.068;0.653;0.005;0.002;0.240;0.004;
79369;0.026;0.107;0.775;0.008;0.005;0.072;0.007;
79499;0.011;0.052;0.766;0.001;0.001;0.167;0.002;
79592;0.007;0.036;0.724;0.001;0.000;0.230;0.001;
79770;0.004;0.017;0.594;0.000;0.000;0.384;0.000;
79958;0.003;0.012;0.386;0.000;0.000;0.599;0.000;
80079;0.003;0.013;0.690;0.000;0.000;0.293;0.000;
80197;0.002;0.007;0.422;0.000;0.000;0.569;0.000;
80356;0.003;0.007;0.508;0.000;0.000;0.481;0.000;
80510;0.003;0.013;0.467;0.000;0.000;0.515;0.000;
80955;0.003;0.009;0.484;0.000;0.000;0.504;0.000;
81111;0.002;0.007;0.810;0.000;0.000;0.181;0.000;
81258;0.003;0.014;0.716;0.000;0.000;0.266;0.000;
81422;0.005;0.026;0.718;0.001;0.000;0.249;0.001;
81543;0.005;0.025;0.614;0.001;0.000;0.354;0.001;
81722;0.004;0.017;0.516;0.000;0.000;0.463;0.000;
