5;0.514;0.008;0.224;0.003;0.004;0.004;0.244;
57;0.658;0.014;0.147;0.005;0.006;0.004;0.166;
121;0.714;0.016;0.153;0.008;0.004;0.002;0.103;
202;0.761;0.018;0.136;0.013;0.003;0.004;0.065;
265;0.677;0.010;0.132;0.006;0.003;0.004;0.168;
337;0.667;0.011;0.178;0.016;0.004;0.005;0.121;
394;0.647;0.007;0.164;0.003;0.003;0.003;0.173;
457;0.507;0.009;0.179;0.004;0.007;0.003;0.291;
521;0.684;0.009;0.169;0.006;0.005;0.003;0.124;
601;0.716;0.013;0.146;0.005;0.003;0.004;0.113;
665;0.438;0.009;0.159;0.003;0.002;0.004;0.386;
730;0.533;0.008;0.138;0.006;0.005;0.003;0.306;
793;0.341;0.007;0.194;0.002;0.002;0.004;0.450;
856;0.671;0.012;0.129;0.002;0.001;0.004;0.181;
937;0.316;0.006;0.097;0.522;0.010;0.003;0.046;
1009;0.572;0.007;0.139;0.045;0.003;0.003;0.231;
1064;0.384;0.005;0.244;0.002;0.001;0.006;0.359;
1129;0.516;0.006;0.206;0.002;0.001;0.006;0.264;
1193;0.236;0.007;0.244;0.005;0.002;0.011;0.495;
1257;0.318;0.007;0.214;0.003;0.001;0.013;0.443;
1337;0.399;0.007;0.211;0.003;0.001;0.012;0.366;
1400;0.197;0.006;0.322;0.005;0.003;0.011;0.457;
1465;0.420;0.007;0.244;0.003;0.001;0.010;0.315;
1530;0.266;0.007;0.214;0.003;0.002;0.014;0.493;
1593;0.310;0.008;0.187;0.003;0.001;0.008;0.483;
1682;0.439;0.005;0.236;0.002;0.001;0.006;0.312;
1737;0.274;0.006;0.238;0.003;0.002;0.006;0.470;
1801;0.398;0.006;0.257;0.002;0.002;0.007;0.329;
1866;0.592;0.008;0.167;0.005;0.001;0.006;0.222;
1930;0.423;0.006;0.257;0.002;0.001;0.005;0.306;
1992;0.308;0.007;0.239;0.004;0.002;0.010;0.430;
2075;0.329;0.006;0.254;0.004;0.002;0.009;0.396;
2137;0.543;0.004;0.226;0.002;0.001;0.005;0.219;
2200;0.366;0.006;0.255;0.003;0.002;0.009;0.359;
2266;0.465;0.006;0.238;0.002;0.001;0.008;0.281;
2337;0.287;0.006;0.234;0.004;0.002;0.011;0.456;
2409;0.155;0.007;0.238;0.005;0.004;0.009;0.582;
2474;0.387;0.007;0.208;0.002;0.001;0.004;0.390;
2538;0.404;0.004;0.256;0.003;0.001;0.002;0.330;
2601;0.336;0.004;0.236;0.005;0.002;0.003;0.413;
2666;0.480;0.004;0.263;0.005;0.001;0.002;0.244;
2730;0.284;0.005;0.273;0.004;0.002;0.004;0.428;
2809;0.178;0.005;0.279;0.005;0.004;0.008;0.522;
2873;0.499;0.005;0.212;0.002;0.001;0.005;0.275;
2937;0.354;0.005;0.256;0.005;0.002;0.004;0.375;
3009;0.446;0.005;0.209;0.003;0.002;0.006;0.330;
3065;0.253;0.006;0.220;0.003;0.002;0.003;0.512;
3129;0.462;0.005;0.222;0.002;0.001;0.002;0.306;
3209;0.430;0.004;0.253;0.003;0.002;0.003;0.306;
3273;0.392;0.005;0.224;0.002;0.002;0.003;0.373;
3336;0.389;0.004;0.259;0.004;0.001;0.002;0.341;
3401;0.469;0.004;0.221;0.005;0.001;0.003;0.296;
3465;0.367;0.005;0.232;0.004;0.002;0.004;0.385;
3549;0.500;0.005;0.204;0.005;0.002;0.002;0.283;
3608;0.502;0.006;0.198;0.002;0.003;0.004;0.285;
3682;0.482;0.004;0.248;0.003;0.001;0.002;0.261;
3738;0.415;0.005;0.246;0.003;0.003;0.003;0.325;
3801;0.340;0.004;0.259;0.002;0.001;0.003;0.390;
3865;0.667;0.005;0.177;0.006;0.002;0.004;0.140;
3948;0.517;0.005;0.259;0.012;0.002;0.003;0.202;
4026;0.420;0.004;0.279;0.003;0.002;0.003;0.288;
4075;0.453;0.004;0.287;0.004;0.002;0.004;0.247;
4140;0.347;0.003;0.319;0.005;0.001;0.003;0.322;
4201;0.047;0.002;0.012;0.904;0.026;0.001;0.008;
4280;0.592;0.006;0.172;0.062;0.005;0.004;0.159;
4354;0.306;0.004;0.261;0.002;0.001;0.007;0.419;
4409;0.273;0.006;0.238;0.006;0.002;0.011;0.465;
4473;0.247;0.005;0.282;0.005;0.002;0.006;0.453;
4537;0.292;0.005;0.241;0.004;0.001;0.005;0.450;
4601;0.358;0.005;0.245;0.004;0.001;0.006;0.381;
4681;0.314;0.006;0.220;0.005;0.002;0.006;0.447;
4746;0.487;0.005;0.218;0.003;0.002;0.003;0.281;
4809;0.340;0.004;0.246;0.003;0.002;0.003;0.401;
4872;0.280;0.004;0.294;0.004;0.002;0.005;0.411;
4937;0.388;0.003;0.320;0.007;0.002;0.002;0.279;
5024;0.325;0.005;0.258;0.003;0.002;0.005;0.403;
5081;0.453;0.004;0.221;0.004;0.002;0.002;0.314;
5144;0.329;0.004;0.287;0.003;0.001;0.003;0.373;
5209;0.241;0.005;0.254;0.005;0.003;0.004;0.489;
5273;0.271;0.006;0.274;0.003;0.002;0.007;0.437;
5336;0.460;0.004;0.253;0.002;0.001;0.004;0.275;
5417;0.273;0.005;0.277;0.003;0.002;0.004;0.437;
5480;0.168;0.004;0.308;0.004;0.003;0.005;0.508;
5545;0.222;0.004;0.345;0.005;0.003;0.005;0.415;
5611;0.256;0.004;0.310;0.004;0.004;0.005;0.416;
5682;0.551;0.004;0.234;0.003;0.001;0.002;0.205;
5754;0.519;0.005;0.221;0.002;0.001;0.002;0.250;
5817;0.307;0.005;0.211;0.003;0.002;0.004;0.467;
5881;0.544;0.004;0.215;0.007;0.001;0.002;0.227;
5945;0.551;0.006;0.183;0.002;0.001;0.002;0.255;
6009;0.489;0.005;0.217;0.002;0.001;0.004;0.283;
6072;0.609;0.005;0.189;0.001;0.001;0.003;0.191;
6153;0.515;0.004;0.261;0.007;0.001;0.001;0.210;
6217;0.484;0.004;0.257;0.004;0.001;0.002;0.248;
6281;0.184;0.005;0.293;0.005;0.003;0.007;0.503;
6353;0.297;0.004;0.315;0.003;0.001;0.004;0.376;
6410;0.338;0.007;0.212;0.002;0.002;0.004;0.434;
6489;0.242;0.005;0.295;0.003;0.003;0.006;0.447;
6554;0.283;0.003;0.378;0.003;0.002;0.002;0.329;
6619;0.296;0.005;0.270;0.002;0.003;0.004;0.419;
6681;0.184;0.005;0.302;0.003;0.002;0.006;0.499;
6746;0.305;0.004;0.353;0.003;0.003;0.004;0.327;
6809;0.254;0.005;0.370;0.005;0.003;0.006;0.356;
6889;0.274;0.005;0.300;0.002;0.002;0.005;0.412;
6953;0.283;0.006;0.334;0.003;0.003;0.006;0.365;
7025;0.081;0.004;0.382;0.004;0.003;0.008;0.519;
7081;0.236;0.005;0.317;0.003;0.003;0.005;0.430;
7144;0.148;0.005;0.328;0.004;0.003;0.005;0.507;
7209;0.264;0.005;0.386;0.004;0.002;0.006;0.333;
7289;0.282;0.003;0.430;0.002;0.001;0.002;0.279;
7353;0.345;0.004;0.414;0.004;0.003;0.004;0.227;
7417;0.235;0.004;0.356;0.005;0.002;0.004;0.394;
7482;0.180;0.004;0.347;0.004;0.005;0.004;0.457;
7545;0.223;0.005;0.330;0.003;0.004;0.005;0.430;
7625;0.227;0.005;0.344;0.003;0.004;0.005;0.411;
7697;0.259;0.006;0.377;0.002;0.004;0.009;0.343;
7753;0.186;0.004;0.414;0.005;0.003;0.005;0.384;
7817;0.413;0.004;0.329;0.004;0.002;0.003;0.244;
7882;0.320;0.006;0.311;0.002;0.001;0.007;0.353;
7946;0.243;0.004;0.338;0.003;0.004;0.003;0.405;
8026;0.309;0.004;0.356;0.003;0.005;0.003;0.320;
8090;0.418;0.006;0.322;0.002;0.002;0.003;0.246;
8153;0.343;0.004;0.277;0.003;0.003;0.003;0.366;
8217;0.281;0.004;0.312;0.002;0.002;0.003;0.395;
8282;0.297;0.005;0.279;0.003;0.002;0.004;0.410;
8375;0.220;0.006;0.299;0.004;0.003;0.009;0.459;
8427;0.278;0.004;0.311;0.002;0.002;0.004;0.398;
8491;0.368;0.006;0.245;0.002;0.002;0.004;0.374;
8553;0.284;0.005;0.291;0.004;0.002;0.004;0.410;
8617;0.344;0.006;0.311;0.004;0.002;0.006;0.328;
8682;0.384;0.006;0.252;0.002;0.002;0.004;0.351;
8762;0.219;0.005;0.388;0.003;0.003;0.005;0.377;
8826;0.266;0.005;0.309;0.003;0.002;0.005;0.410;
8890;0.326;0.004;0.319;0.002;0.002;0.004;0.342;
8954;0.215;0.006;0.280;0.004;0.002;0.006;0.486;
9034;0.246;0.005;0.306;0.003;0.001;0.004;0.434;
9108;0.402;0.007;0.282;0.002;0.002;0.004;0.301;
9162;0.359;0.004;0.297;0.002;0.004;0.002;0.332;
9225;0.391;0.003;0.292;0.002;0.001;0.003;0.308;
9294;0.506;0.006;0.198;0.003;0.001;0.002;0.284;
9353;0.518;0.005;0.271;0.004;0.001;0.002;0.200;
9417;0.473;0.005;0.288;0.002;0.002;0.002;0.229;
9497;0.393;0.004;0.309;0.002;0.002;0.002;0.289;
9562;0.412;0.004;0.276;0.002;0.003;0.002;0.303;
9626;0.482;0.007;0.217;0.002;0.002;0.002;0.288;
9697;0.406;0.005;0.205;0.002;0.002;0.003;0.377;
9753;0.384;0.005;0.272;0.003;0.001;0.003;0.332;
9833;0.574;0.009;0.203;0.002;0.001;0.003;0.210;
9897;0.405;0.007;0.210;0.002;0.002;0.004;0.372;
9961;0.366;0.005;0.249;0.002;0.001;0.004;0.374;
10025;0.395;0.008;0.261;0.002;0.002;0.004;0.329;
10089;0.349;0.005;0.278;0.003;0.004;0.003;0.358;
10153;0.425;0.004;0.285;0.002;0.003;0.002;0.279;
10233;0.428;0.004;0.293;0.002;0.002;0.001;0.270;
10297;0.484;0.004;0.266;0.003;0.002;0.002;0.239;
10370;0.281;0.005;0.329;0.003;0.003;0.004;0.376;
10425;0.371;0.004;0.313;0.002;0.004;0.003;0.303;
10489;0.430;0.006;0.259;0.001;0.002;0.003;0.299;
10570;0.333;0.009;0.282;0.002;0.002;0.003;0.370;
10634;0.307;0.010;0.208;0.002;0.002;0.006;0.465;
10697;0.146;0.005;0.280;0.004;0.002;0.010;0.552;
10762;0.378;0.009;0.267;0.002;0.003;0.007;0.334;
10825;0.238;0.008;0.247;0.003;0.003;0.006;0.495;
10889;0.453;0.009;0.144;0.176;0.014;0.005;0.199;
10969;0.574;0.007;0.193;0.028;0.007;0.003;0.188;
11041;0.378;0.005;0.246;0.002;0.001;0.002;0.366;
11098;0.402;0.005;0.268;0.002;0.002;0.002;0.319;
11161;0.454;0.005;0.267;0.001;0.000;0.002;0.270;
11226;0.282;0.005;0.294;0.003;0.002;0.004;0.411;
11289;0.204;0.005;0.258;0.003;0.002;0.005;0.522;
11369;0.234;0.006;0.270;0.003;0.001;0.005;0.482;
11432;0.186;0.006;0.289;0.005;0.003;0.006;0.505;
11499;0.311;0.005;0.258;0.002;0.003;0.003;0.417;
11562;0.228;0.005;0.316;0.003;0.004;0.004;0.440;
11625;0.209;0.006;0.305;0.004;0.003;0.004;0.470;
11714;0.192;0.005;0.292;0.003;0.002;0.004;0.502;
11769;0.259;0.007;0.294;0.002;0.002;0.006;0.431;
11834;0.145;0.005;0.320;0.004;0.003;0.006;0.516;
11897;0.268;0.005;0.295;0.002;0.002;0.003;0.425;
11961;0.168;0.004;0.395;0.004;0.003;0.004;0.421;
12027;0.243;0.004;0.332;0.003;0.002;0.004;0.412;
12105;0.211;0.006;0.357;0.003;0.003;0.005;0.414;
12169;0.243;0.006;0.334;0.002;0.003;0.004;0.407;
12235;0.184;0.005;0.326;0.004;0.003;0.005;0.474;
12297;0.329;0.004;0.305;0.002;0.001;0.002;0.356;
12369;0.445;0.005;0.247;0.002;0.001;0.002;0.298;
12442;0.318;0.007;0.281;0.003;0.002;0.005;0.386;
12506;0.269;0.007;0.255;0.003;0.002;0.008;0.456;
12569;0.119;0.005;0.339;0.004;0.006;0.005;0.522;
12634;0.179;0.006;0.278;0.004;0.004;0.005;0.524;
12699;0.238;0.005;0.325;0.003;0.002;0.005;0.422;
12764;0.205;0.006;0.280;0.003;0.003;0.006;0.497;
12842;0.158;0.005;0.335;0.004;0.004;0.005;0.489;
12906;0.260;0.004;0.382;0.002;0.002;0.003;0.347;
12969;0.341;0.005;0.319;0.002;0.003;0.002;0.327;
13042;0.442;0.004;0.309;0.002;0.001;0.002;0.238;
13097;0.500;0.005;0.293;0.002;0.002;0.002;0.197;
13177;0.684;0.008;0.205;0.004;0.003;0.002;0.094;
13242;0.678;0.009;0.207;0.004;0.002;0.002;0.098;
13305;0.494;0.002;0.350;0.002;0.001;0.000;0.152;
13369;0.707;0.006;0.171;0.003;0.001;0.002;0.110;
13433;0.736;0.006;0.171;0.004;0.001;0.002;0.080;
13499;0.668;0.006;0.161;0.002;0.001;0.003;0.159;
13577;0.577;0.006;0.162;0.002;0.003;0.003;0.247;
13641;0.520;0.004;0.250;0.003;0.002;0.002;0.218;
13713;0.613;0.004;0.237;0.002;0.000;0.001;0.142;
13771;0.658;0.006;0.185;0.002;0.001;0.001;0.147;
13833;0.728;0.006;0.162;0.002;0.001;0.002;0.100;
13913;0.774;0.004;0.184;0.004;0.000;0.001;0.032;
13981;0.809;0.012;0.118;0.023;0.002;0.002;0.035;
14041;0.800;0.008;0.139;0.005;0.002;0.002;0.044;
14105;0.788;0.006;0.161;0.011;0.001;0.002;0.032;
14169;0.019;0.001;0.003;0.968;0.008;0.000;0.001;
14233;0.836;0.009;0.129;0.009;0.001;0.001;0.015;
14313;0.790;0.009;0.156;0.009;0.001;0.002;0.034;
14386;0.863;0.015;0.088;0.015;0.001;0.002;0.015;
14441;0.738;0.005;0.168;0.023;0.001;0.001;0.063;
14507;0.805;0.008;0.140;0.017;0.001;0.001;0.028;
14569;0.753;0.007;0.188;0.012;0.001;0.001;0.038;
14649;0.786;0.007;0.162;0.013;0.001;0.001;0.031;
14714;0.722;0.007;0.187;0.009;0.000;0.002;0.073;
14777;0.779;0.007;0.138;0.036;0.001;0.002;0.036;
14841;0.666;0.005;0.271;0.019;0.000;0.001;0.038;
14907;0.779;0.005;0.131;0.042;0.001;0.002;0.040;
14969;0.808;0.007;0.134;0.026;0.001;0.001;0.024;
15057;0.819;0.005;0.128;0.020;0.001;0.001;0.026;
15114;0.877;0.014;0.073;0.016;0.002;0.001;0.016;
15177;0.846;0.006;0.108;0.010;0.001;0.001;0.028;
15241;0.860;0.009;0.092;0.018;0.001;0.001;0.019;
15305;0.800;0.005;0.129;0.010;0.001;0.001;0.053;
15369;0.828;0.008;0.122;0.017;0.001;0.002;0.023;
15450;0.784;0.005;0.149;0.008;0.001;0.001;0.052;
15513;0.749;0.006;0.167;0.017;0.001;0.001;0.058;
15578;0.802;0.008;0.125;0.005;0.002;0.002;0.056;
15641;0.691;0.004;0.191;0.005;0.001;0.002;0.107;
15713;0.808;0.007;0.111;0.005;0.001;0.002;0.065;
15785;0.046;0.001;0.008;0.939;0.003;0.000;0.002;
15849;0.813;0.009;0.082;0.054;0.004;0.002;0.037;
15915;0.843;0.008;0.104;0.008;0.002;0.001;0.034;
15977;0.788;0.010;0.136;0.004;0.002;0.002;0.060;
16043;0.819;0.005;0.140;0.009;0.001;0.001;0.025;
16105;0.819;0.008;0.108;0.005;0.001;0.002;0.057;
16185;0.825;0.009;0.102;0.006;0.001;0.001;0.055;
16248;0.784;0.007;0.132;0.003;0.001;0.001;0.072;
16313;0.785;0.005;0.140;0.003;0.001;0.002;0.065;
16386;0.762;0.006;0.156;0.002;0.001;0.001;0.072;
16441;0.786;0.010;0.134;0.004;0.001;0.002;0.064;
16522;0.794;0.005;0.135;0.004;0.001;0.002;0.059;
16586;0.781;0.008;0.119;0.004;0.001;0.001;0.086;
16649;0.596;0.007;0.185;0.001;0.001;0.001;0.209;
16713;0.693;0.005;0.173;0.004;0.002;0.002;0.122;
16777;0.543;0.006;0.191;0.002;0.001;0.001;0.256;
16841;0.671;0.006;0.189;0.002;0.001;0.002;0.130;
16923;0.683;0.005;0.218;0.004;0.001;0.002;0.087;
16986;0.731;0.005;0.191;0.002;0.001;0.001;0.069;
17061;0.761;0.008;0.173;0.003;0.001;0.003;0.053;
17115;0.798;0.008;0.119;0.002;0.001;0.003;0.069;
17184;0.641;0.006;0.153;0.001;0.001;0.002;0.195;
17256;0.729;0.005;0.168;0.003;0.001;0.002;0.094;
17321;0.775;0.005;0.125;0.035;0.002;0.002;0.055;
17387;0.736;0.004;0.172;0.006;0.001;0.002;0.079;
17928;0.756;0.005;0.147;0.011;0.002;0.002;0.078;
17993;0.779;0.008;0.124;0.031;0.004;0.002;0.052;
18058;0.787;0.007;0.123;0.045;0.002;0.001;0.034;
18123;0.809;0.015;0.103;0.026;0.001;0.003;0.043;
18194;0.736;0.007;0.117;0.010;0.003;0.002;0.125;
18249;0.748;0.005;0.140;0.009;0.002;0.001;0.095;
18313;0.717;0.006;0.144;0.006;0.001;0.001;0.124;
18393;0.709;0.006;0.141;0.005;0.005;0.001;0.133;
18457;0.587;0.007;0.132;0.006;0.001;0.002;0.265;
18524;0.758;0.006;0.150;0.009;0.001;0.003;0.074;
18585;0.795;0.006;0.120;0.011;0.001;0.002;0.064;
18650;0.772;0.006;0.147;0.013;0.001;0.001;0.060;
18929;0.788;0.007;0.147;0.007;0.001;0.002;0.048;
18972;0.788;0.006;0.135;0.017;0.001;0.001;0.052;
19023;0.778;0.007;0.112;0.006;0.002;0.002;0.094;
19059;0.785;0.009;0.117;0.009;0.001;0.002;0.077;
19130;0.784;0.009;0.113;0.010;0.003;0.002;0.079;
19193;0.766;0.007;0.137;0.015;0.002;0.002;0.071;
19258;0.800;0.006;0.130;0.015;0.003;0.002;0.045;
19322;0.750;0.008;0.142;0.003;0.002;0.002;0.093;
19385;0.782;0.006;0.160;0.006;0.001;0.001;0.044;
19449;0.805;0.012;0.124;0.005;0.001;0.003;0.050;
19530;0.748;0.006;0.103;0.005;0.001;0.003;0.135;
19593;0.825;0.009;0.099;0.005;0.003;0.002;0.056;
19667;0.736;0.008;0.145;0.004;0.001;0.003;0.103;
19722;0.705;0.006;0.153;0.003;0.001;0.002;0.130;
19786;0.716;0.004;0.158;0.010;0.003;0.001;0.106;
19867;0.699;0.005;0.142;0.009;0.001;0.001;0.142;
19930;0.621;0.007;0.149;0.002;0.001;0.003;0.218;
19993;0.798;0.007;0.106;0.011;0.002;0.002;0.074;
20057;0.748;0.007;0.148;0.011;0.001;0.002;0.083;
20122;0.830;0.008;0.094;0.011;0.002;0.003;0.052;
20186;0.776;0.010;0.126;0.006;0.002;0.002;0.079;
20266;0.810;0.011;0.122;0.008;0.002;0.002;0.046;
20338;0.779;0.007;0.153;0.012;0.001;0.001;0.047;
20393;0.631;0.008;0.165;0.004;0.001;0.001;0.189;
20457;0.795;0.009;0.098;0.008;0.002;0.002;0.086;
20523;0.630;0.006;0.183;0.004;0.001;0.002;0.175;
20601;0.784;0.010;0.126;0.006;0.001;0.002;0.070;
20666;0.758;0.007;0.145;0.004;0.001;0.003;0.082;
20731;0.762;0.005;0.153;0.003;0.001;0.001;0.073;
20793;0.704;0.009;0.190;0.003;0.001;0.002;0.092;
20860;0.734;0.007;0.184;0.002;0.001;0.001;0.071;
20922;0.715;0.008;0.162;0.002;0.001;0.003;0.110;
21009;0.522;0.007;0.189;0.001;0.002;0.003;0.276;
21065;0.639;0.004;0.235;0.001;0.000;0.001;0.118;
21129;0.754;0.006;0.160;0.003;0.002;0.001;0.075;
21194;0.778;0.006;0.160;0.005;0.001;0.002;0.049;
21258;0.805;0.009;0.135;0.008;0.001;0.002;0.040;
21338;0.701;0.003;0.211;0.006;0.002;0.001;0.076;
21404;0.729;0.005;0.177;0.007;0.002;0.001;0.079;
21469;0.661;0.005;0.217;0.001;0.001;0.001;0.113;
21532;0.607;0.005;0.234;0.001;0.000;0.001;0.151;
21594;0.635;0.005;0.256;0.001;0.000;0.001;0.102;
21666;0.586;0.006;0.247;0.001;0.001;0.001;0.157;
21737;0.688;0.006;0.187;0.001;0.001;0.002;0.116;
21801;0.749;0.004;0.169;0.002;0.001;0.001;0.074;
21866;0.739;0.005;0.162;0.002;0.001;0.002;0.090;
21932;0.682;0.004;0.214;0.001;0.000;0.001;0.098;
21995;0.716;0.005;0.200;0.002;0.001;0.002;0.074;
22074;0.703;0.005;0.189;0.001;0.001;0.002;0.100;
22138;0.722;0.006;0.173;0.001;0.001;0.003;0.094;
22201;0.770;0.007;0.165;0.002;0.001;0.002;0.053;
22267;0.846;0.008;0.105;0.009;0.002;0.002;0.029;
22339;0.739;0.005;0.162;0.003;0.001;0.002;0.088;
22393;0.812;0.010;0.122;0.007;0.003;0.003;0.044;
22473;0.631;0.005;0.178;0.002;0.001;0.001;0.182;
22537;0.683;0.006;0.157;0.002;0.001;0.003;0.149;
22601;0.681;0.008;0.131;0.002;0.003;0.002;0.174;
22666;0.741;0.007;0.145;0.004;0.003;0.002;0.099;
22730;0.550;0.007;0.176;0.002;0.002;0.001;0.261;
22811;0.583;0.007;0.181;0.002;0.001;0.001;0.224;
22879;0.735;0.011;0.126;0.003;0.001;0.002;0.122;
22937;0.621;0.005;0.197;0.002;0.001;0.002;0.172;
23010;0.729;0.008;0.160;0.004;0.001;0.001;0.097;
23066;0.709;0.005;0.146;0.008;0.002;0.002;0.127;
23130;0.777;0.009;0.131;0.013;0.002;0.002;0.065;
23210;0.811;0.010;0.112;0.012;0.003;0.002;0.049;
23275;0.777;0.007;0.118;0.008;0.001;0.003;0.084;
23338;0.776;0.005;0.141;0.021;0.001;0.002;0.055;
23402;0.769;0.006;0.143;0.008;0.001;0.001;0.073;
23465;0.805;0.006;0.138;0.007;0.001;0.001;0.043;
23529;0.763;0.007;0.148;0.005;0.002;0.002;0.074;
23612;0.755;0.009;0.125;0.007;0.002;0.002;0.099;
23682;0.666;0.005;0.211;0.003;0.000;0.002;0.113;
23737;0.674;0.006;0.185;0.001;0.001;0.002;0.131;
23801;0.655;0.006;0.161;0.001;0.001;0.004;0.172;
23865;0.653;0.007;0.218;0.001;0.000;0.002;0.118;
23948;0.734;0.011;0.185;0.001;0.001;0.002;0.065;
24018;0.711;0.006;0.191;0.001;0.001;0.002;0.089;
24073;0.635;0.004;0.274;0.005;0.000;0.001;0.080;
24137;0.686;0.005;0.210;0.003;0.001;0.002;0.093;
24203;0.718;0.009;0.195;0.002;0.001;0.002;0.073;
24267;0.745;0.007;0.151;0.002;0.001;0.002;0.091;
24353;0.768;0.006;0.168;0.002;0.002;0.001;0.053;
24409;0.580;0.006;0.231;0.001;0.001;0.001;0.181;
24473;0.738;0.005;0.176;0.001;0.000;0.002;0.077;
24538;0.680;0.004;0.224;0.001;0.000;0.002;0.089;
24604;0.644;0.006;0.194;0.001;0.000;0.002;0.153;
24681;0.744;0.008;0.165;0.001;0.001;0.002;0.079;
24745;0.672;0.007;0.195;0.002;0.001;0.002;0.122;
24810;0.688;0.004;0.200;0.001;0.001;0.002;0.104;
24876;0.515;0.003;0.269;0.001;0.000;0.003;0.208;
24939;0.456;0.005;0.248;0.002;0.001;0.003;0.285;
25009;0.574;0.006;0.232;0.001;0.001;0.003;0.183;
25082;0.636;0.007;0.213;0.001;0.000;0.002;0.139;
25145;0.525;0.006;0.249;0.001;0.001;0.002;0.217;
25210;0.453;0.004;0.279;0.001;0.001;0.003;0.259;
25615;0.487;0.005;0.270;0.002;0.001;0.005;0.230;
25651;0.547;0.003;0.289;0.001;0.000;0.002;0.159;
25688;0.688;0.007;0.192;0.001;0.001;0.004;0.107;
25740;0.646;0.005;0.220;0.001;0.001;0.002;0.125;
25819;0.592;0.005;0.241;0.001;0.001;0.002;0.158;
25883;0.585;0.008;0.228;0.001;0.000;0.003;0.175;
25954;0.578;0.005;0.245;0.001;0.000;0.003;0.168;
26011;0.529;0.004;0.308;0.001;0.000;0.002;0.156;
26075;0.637;0.010;0.202;0.001;0.001;0.003;0.146;
26154;0.567;0.007;0.228;0.001;0.001;0.002;0.195;
26217;0.468;0.006;0.258;0.002;0.001;0.004;0.261;
26281;0.638;0.006;0.195;0.001;0.001;0.002;0.157;
26345;0.470;0.009;0.201;0.001;0.002;0.004;0.312;
26411;0.621;0.008;0.117;0.135;0.005;0.002;0.112;
26472;0.769;0.009;0.107;0.055;0.002;0.002;0.056;
26553;0.608;0.007;0.236;0.003;0.001;0.002;0.144;
26626;0.583;0.005;0.236;0.002;0.000;0.001;0.173;
26682;0.594;0.007;0.203;0.002;0.001;0.002;0.191;
26745;0.671;0.009;0.167;0.002;0.001;0.002;0.147;
26809;0.614;0.006;0.207;0.002;0.001;0.001;0.170;
26892;0.621;0.005;0.203;0.002;0.000;0.002;0.166;
26953;0.661;0.005;0.194;0.004;0.001;0.002;0.133;
27017;0.741;0.005;0.161;0.002;0.001;0.003;0.087;
27081;0.700;0.005;0.166;0.004;0.002;0.001;0.122;
27145;0.670;0.007;0.172;0.003;0.001;0.001;0.146;
27548;0.784;0.012;0.146;0.003;0.001;0.002;0.052;
27591;0.672;0.005;0.190;0.002;0.001;0.001;0.129;
27627;0.752;0.010;0.148;0.004;0.001;0.002;0.084;
27689;0.643;0.006;0.209;0.002;0.000;0.002;0.138;
27754;0.625;0.006;0.212;0.002;0.000;0.002;0.152;
27817;0.690;0.007;0.160;0.002;0.001;0.002;0.138;
27882;0.691;0.009;0.173;0.003;0.001;0.002;0.122;
27948;0.712;0.008;0.140;0.003;0.001;0.002;0.135;
28025;0.662;0.006;0.149;0.004;0.002;0.002;0.175;
28089;0.723;0.007;0.175;0.007;0.001;0.001;0.086;
28153;0.673;0.007;0.163;0.002;0.001;0.002;0.153;
28226;0.797;0.007;0.140;0.004;0.001;0.002;0.049;
28284;0.748;0.010;0.156;0.003;0.001;0.002;0.081;
28345;0.744;0.004;0.179;0.002;0.001;0.002;0.068;
28425;0.736;0.008;0.153;0.002;0.001;0.003;0.097;
28489;0.639;0.009;0.158;0.001;0.001;0.004;0.188;
28555;0.722;0.005;0.163;0.002;0.001;0.002;0.104;
28618;0.775;0.007;0.158;0.004;0.001;0.002;0.054;
28681;0.745;0.008;0.144;0.004;0.001;0.002;0.097;
28761;0.641;0.004;0.193;0.002;0.001;0.002;0.156;
28825;0.757;0.011;0.120;0.003;0.001;0.003;0.106;
28900;0.753;0.008;0.121;0.003;0.001;0.003;0.112;
28953;0.775;0.007;0.132;0.003;0.002;0.002;0.080;
29024;0.752;0.009;0.113;0.003;0.002;0.002;0.118;
29081;0.377;0.007;0.176;0.002;0.002;0.004;0.432;
29160;0.642;0.007;0.132;0.001;0.001;0.003;0.212;
29226;0.707;0.010;0.132;0.001;0.001;0.005;0.144;
29291;0.567;0.006;0.179;0.001;0.001;0.003;0.243;
29353;0.669;0.010;0.125;0.002;0.001;0.004;0.189;
29418;0.544;0.007;0.188;0.001;0.001;0.003;0.256;
29497;0.476;0.008;0.202;0.001;0.001;0.003;0.309;
29569;0.545;0.005;0.239;0.001;0.001;0.002;0.207;
29627;0.442;0.006;0.221;0.002;0.001;0.003;0.325;
29690;0.537;0.010;0.165;0.001;0.001;0.005;0.283;
29753;0.718;0.007;0.177;0.002;0.001;0.003;0.093;
29817;0.471;0.009;0.182;0.001;0.002;0.003;0.332;
29897;0.497;0.008;0.197;0.002;0.001;0.003;0.293;
29961;0.620;0.013;0.161;0.001;0.001;0.004;0.201;
30025;0.541;0.008;0.200;0.001;0.001;0.004;0.245;
